<?xml version='1.0' encoding='UTF-8' ?>
<itpanim>
	<skeleton count='21'>
		<joint id='0' name='blaze:Spine' parent='-1'>
			<mat>0.535123,0.844667,-0.0134288,0,-0.844743,0.535171,-6.09823e-009,0,-0.00718672,-0.0113439,-0.99991,0,0,0,-0,1</mat>
		</joint>
		<joint id='1' name='blaze:HipL' parent='0'>
			<mat>-1.43362e-007,1.12567e-007,1,0,-0.999995,0.00329112,-1.43732e-007,0,0.00329112,0.999995,-1.12094e-007,0,0,0,-0,1</mat>
		</joint>
		<joint id='2' name='blaze:KneeL' parent='1'>
			<mat>-1.57752e-007,-9.13139e-008,-1,0,-0.990543,0.137202,1.43732e-007,0,-0.137202,-0.990543,1.12094e-007,0,0,0,-0,1</mat>
		</joint>
		<joint id='3' name='blaze:HeelL' parent='2'>
			<mat>9.54419e-008,1.55289e-007,1,0,-0.111035,0.993816,-1.43732e-007,0,0.993816,0.111035,-1.12094e-007,0,0,0,-0,1</mat>
		</joint>
		<joint id='4' name='blaze:FootL' parent='3'>
			<mat>1,1.40367e-007,-1.1628e-007,0,-1.43732e-007,0.999566,-0.0294617,0,-1.12094e-007,-0.0294617,-0.999566,0,0,0,-0,1</mat>
		</joint>
		<joint id='5' name='blaze:HipR' parent='0'>
			<mat>-7.15676e-007,-1.45326e-007,1,0,0.999977,-0.00674116,7.1468e-007,0,-0.00674116,-0.999977,-1.50147e-007,0,0,0,-0,1</mat>
		</joint>
		<joint id='6' name='blaze:KneeR' parent='5'>
			<mat>-6.86362e-007,2.49436e-007,-1,0,0.990006,-0.141028,-7.1468e-007,0,0.141028,0.990006,1.50147e-007,0,0,0,-0,1</mat>
		</joint>
		<joint id='7' name='blaze:HeelR' parent='6'>
			<mat>-2.31251e-007,7.1851e-007,1,0,0.114873,-0.99338,7.40318e-007,0,-0.99338,-0.114873,-1.47182e-007,0,0,0,-0,1</mat>
		</joint>
		<joint id='8' name='blaze:FootR' parent='7'>
			<mat>1,7.18289e-007,1.31802e-007,0,7.1468e-007,-0.999672,0.0255998,0,-1.50147e-007,0.0255998,0.999672,0,0,0,-0,1</mat>
		</joint>
		<joint id='9' name='blaze:Spine2' parent='0'>
			<mat>-7.15267e-007,-2.60897e-008,1,0,0.999056,0.0434372,7.15726e-007,0,0.0434372,-0.999056,5.00411e-009,0,0,0,-0,1</mat>
		</joint>
		<joint id='10' name='blaze:Spine3' parent='9'>
			<mat>-7.0924e-007,-9.62651e-008,1,0,0.989949,0.141421,7.15726e-007,0,0.141421,-0.989949,5.00411e-009,0,0,0,-0,1</mat>
		</joint>
		<joint id='11' name='blaze:Neck' parent='10'>
			<mat>-6.71912e-007,-2.46623e-007,1,0,0.936329,0.351123,7.15726e-007,0,0.351123,-0.936329,5.00411e-009,0,0,0,-0,1</mat>
		</joint>
		<joint id='12' name='blaze:Head' parent='11'>
			<mat>7.15742e-007,-1.08494e-009,-1,0,-0.999964,0.00850726,-7.15726e-007,0,-0.00850726,-0.999964,-5.00411e-009,0,0,0,-0,1</mat>
		</joint>
		<joint id='13' name='blaze:ShoulderL' parent='10'>
			<mat>0.283369,0.958603,0.0279656,0,-0.943104,0.283839,-0.173175,0,0.173943,-0.0226978,-0.984494,0,0,0,-0,1</mat>
		</joint>
		<joint id='14' name='blaze:ElbowL' parent='13'>
			<mat>0.0190623,0.999682,0.0164914,0,-0.994998,0.0205856,-0.0977548,0,0.0980632,0.0145455,-0.995074,0,0,0,-0,1</mat>
		</joint>
		<joint id='15' name='blaze:WristL' parent='14'>
			<mat>0.0190623,0.999682,0.0164914,0,-0.994998,0.0205856,-0.0977548,0,0.0980632,0.0145455,-0.995074,0,0,0,-0,1</mat>
		</joint>
		<joint id='16' name='blaze:HandL' parent='15'>
			<mat>-0.0212029,0.0136298,0.999682,0,0.998822,0.0439416,0.0205856,0,0.0436471,-0.998941,0.0145455,0,0,0,-0,1</mat>
		</joint>
		<joint id='17' name='blaze:ShoulderR' parent='10'>
			<mat>0.272453,0.961725,0.0292331,0,0.943368,-0.272983,0.188511,0,-0.189276,0.023783,0.981636,0,0,0,-0,1</mat>
		</joint>
		<joint id='18' name='blaze:ElbowR' parent='17'>
			<mat>0.0287388,0.999528,0.0108835,0,0.996752,-0.029475,0.0749445,0,-0.0752299,-0.00869433,0.997128,0,0,0,-0,1</mat>
		</joint>
		<joint id='19' name='blaze:WristR' parent='18'>
			<mat>0.0287388,0.999528,0.0108835,0,0.996752,-0.029475,0.0749445,0,-0.0752299,-0.00869433,0.997128,0,0,0,-0,1</mat>
		</joint>
		<joint id='20' name='blaze:HandR' parent='19'>
			<mat>-0.0299891,0.00670984,0.999528,0,-0.997333,-0.0667708,-0.029475,0,-0.0665415,0.997746,-0.00869433,0,0,0,-0,1</mat>
		</joint>
	</skeleton>
	<animations>
		<animation name='Take 001' length='24'>
			<track id = '0' name='blaze:Spine'>
				<frame num='0'>
					<mat>0.535123,-0.844743,0.00718672,0,0.844667,0.535171,0.0113439,0,0.0134288,6.09823e-009,-0.99991,0,5.32907e-015,40.086,0.767188,1</mat>
				</frame>
				<frame num='1'>
					<mat>0.535123,-0.844743,0.00718672,0,0.844667,0.535171,0.0113439,0,0.0134288,6.09823e-009,-0.99991,0,5.32907e-015,40.086,0.767188,1</mat>
				</frame>
				<frame num='2'>
					<mat>0.535123,-0.844743,0.00718672,0,0.844667,0.535171,0.0113439,0,0.0134288,6.09823e-009,-0.99991,0,5.32907e-015,40.086,0.767188,1</mat>
				</frame>
				<frame num='3'>
					<mat>0.535123,-0.844743,0.00718672,0,0.844667,0.535171,0.0113439,0,0.0134288,6.09823e-009,-0.99991,0,5.32907e-015,40.086,0.767188,1</mat>
				</frame>
				<frame num='4'>
					<mat>0.535123,-0.844743,0.00718672,0,0.844667,0.535171,0.0113439,0,0.0134288,6.09823e-009,-0.99991,0,5.32907e-015,40.086,0.767188,1</mat>
				</frame>
				<frame num='5'>
					<mat>0.535123,-0.844743,0.00718672,0,0.844667,0.535171,0.0113439,0,0.0134288,6.09823e-009,-0.99991,0,5.32907e-015,40.086,0.767188,1</mat>
				</frame>
				<frame num='6'>
					<mat>0.535123,-0.844743,0.00718672,0,0.844667,0.535171,0.0113439,0,0.0134288,6.09823e-009,-0.99991,0,5.32907e-015,40.086,0.767188,1</mat>
				</frame>
				<frame num='7'>
					<mat>0.535123,-0.844743,0.00718672,0,0.844667,0.535171,0.0113439,0,0.0134288,6.09823e-009,-0.99991,0,5.32907e-015,40.086,0.767188,1</mat>
				</frame>
				<frame num='8'>
					<mat>0.535123,-0.844743,0.00718672,0,0.844667,0.535171,0.0113439,0,0.0134288,6.09823e-009,-0.99991,0,5.32907e-015,40.086,0.767188,1</mat>
				</frame>
				<frame num='9'>
					<mat>0.535123,-0.844743,0.00718672,0,0.844667,0.535171,0.0113439,0,0.0134288,6.09823e-009,-0.99991,0,5.32907e-015,40.086,0.767188,1</mat>
				</frame>
				<frame num='10'>
					<mat>0.535123,-0.844743,0.00718672,0,0.844667,0.535171,0.0113439,0,0.0134288,6.09823e-009,-0.99991,0,5.32907e-015,40.086,0.767188,1</mat>
				</frame>
				<frame num='11'>
					<mat>0.535123,-0.844743,0.00718672,0,0.844667,0.535171,0.0113439,0,0.0134288,6.09823e-009,-0.99991,0,5.32907e-015,40.086,0.767188,1</mat>
				</frame>
				<frame num='12'>
					<mat>0.535123,-0.844743,0.00718672,0,0.844667,0.535171,0.0113439,0,0.0134288,6.09823e-009,-0.99991,0,5.32907e-015,40.086,0.767188,1</mat>
				</frame>
				<frame num='13'>
					<mat>0.535123,-0.844743,0.00718672,0,0.844667,0.535171,0.0113439,0,0.0134288,6.09823e-009,-0.99991,0,5.32907e-015,40.086,0.767188,1</mat>
				</frame>
				<frame num='14'>
					<mat>0.535123,-0.844743,0.00718672,0,0.844667,0.535171,0.0113439,0,0.0134288,6.09823e-009,-0.99991,0,5.32907e-015,40.086,0.767188,1</mat>
				</frame>
				<frame num='15'>
					<mat>0.535123,-0.844743,0.00718672,0,0.844667,0.535171,0.0113439,0,0.0134288,6.09823e-009,-0.99991,0,5.32907e-015,40.086,0.767188,1</mat>
				</frame>
				<frame num='16'>
					<mat>0.535123,-0.844743,0.00718672,0,0.844667,0.535171,0.0113439,0,0.0134288,6.09823e-009,-0.99991,0,5.32907e-015,40.086,0.767188,1</mat>
				</frame>
				<frame num='17'>
					<mat>0.535123,-0.844743,0.00718672,0,0.844667,0.535171,0.0113439,0,0.0134288,6.09823e-009,-0.99991,0,5.32907e-015,40.086,0.767188,1</mat>
				</frame>
				<frame num='18'>
					<mat>0.535123,-0.844743,0.00718672,0,0.844667,0.535171,0.0113439,0,0.0134288,6.09823e-009,-0.99991,0,5.32907e-015,40.086,0.767188,1</mat>
				</frame>
				<frame num='19'>
					<mat>0.535123,-0.844743,0.00718672,0,0.844667,0.535171,0.0113439,0,0.0134288,6.09823e-009,-0.99991,0,5.32907e-015,40.086,0.767188,1</mat>
				</frame>
				<frame num='20'>
					<mat>0.535123,-0.844743,0.00718672,0,0.844667,0.535171,0.0113439,0,0.0134288,6.09823e-009,-0.99991,0,5.32907e-015,40.086,0.767188,1</mat>
				</frame>
				<frame num='21'>
					<mat>0.535123,-0.844743,0.00718672,0,0.844667,0.535171,0.0113439,0,0.0134288,6.09823e-009,-0.99991,0,5.32907e-015,40.086,0.767188,1</mat>
				</frame>
				<frame num='22'>
					<mat>0.535123,-0.844743,0.00718672,0,0.844667,0.535171,0.0113439,0,0.0134288,6.09823e-009,-0.99991,0,5.32907e-015,40.086,0.767188,1</mat>
				</frame>
				<frame num='23'>
					<mat>0.535123,-0.844743,0.00718672,0,0.844667,0.535171,0.0113439,0,0.0134288,6.09823e-009,-0.99991,0,5.32907e-015,40.086,0.767188,1</mat>
				</frame>
			</track>
			<track id = '1' name='blaze:HipL'>
				<frame num='0'>
					<mat>-1.43362e-007,-0.999995,-0.00329112,0,1.12567e-007,0.00329112,-0.999995,0,-1,1.43732e-007,-1.12094e-007,0,4.49456,32.9909,0.82755,1</mat>
				</frame>
				<frame num='1'>
					<mat>-1.45071e-007,-0.928761,0.370679,0,-1.9304e-008,-0.370679,-0.928761,0,-1,1.41892e-007,-3.58458e-008,0,4.49456,32.9909,0.82755,1</mat>
				</frame>
				<frame num='2'>
					<mat>-0.000565803,-0.990342,0.138643,0,-0.000624598,-0.138643,-0.990342,0,-1,0.000646935,0.000540122,0,4.49456,32.9909,0.82755,1</mat>
				</frame>
				<frame num='3'>
					<mat>-0.0023062,-0.999985,-0.00503168,0,-0.00200318,0.00503631,-0.999985,0,-0.999995,0.00229609,0.00201476,0,4.49456,32.9909,0.82755,1</mat>
				</frame>
				<frame num='4'>
					<mat>-0.00499479,-0.990677,-0.13614,0,-0.00356202,0.136158,-0.990681,0,-0.999981,0.00446332,0.00420889,0,4.49456,32.9909,0.82755,1</mat>
				</frame>
				<frame num='5'>
					<mat>-0.00820602,-0.967952,-0.251002,0,-0.00500601,0.251047,-0.967962,0,-0.999954,0.00668659,0.00690567,0,4.49456,32.9909,0.82755,1</mat>
				</frame>
				<frame num='6'>
					<mat>-0.0114764,-0.939155,-0.343303,0,-0.00632392,0.343387,-0.939173,0,-0.999914,0.00860734,0.00987999,0,4.49456,32.9909,0.82755,1</mat>
				</frame>
				<frame num='7'>
					<mat>-0.0144141,-0.912518,-0.408783,0,-0.00767181,0.408915,-0.91254,0,-0.999867,0.0100173,0.0128948,0,4.49456,32.9909,0.82755,1</mat>
				</frame>
				<frame num='8'>
					<mat>-0.0167401,-0.894531,-0.446693,0,-0.00918859,0.446875,-0.894549,0,-0.999818,0.0108703,0.0157002,0,4.49456,32.9909,0.82755,1</mat>
				</frame>
				<frame num='9'>
					<mat>-0.0182999,-0.887581,-0.460289,0,-0.0108248,0.460515,-0.887586,0,-0.999774,0.0112602,0.0180352,0,4.49456,32.9909,0.82755,1</mat>
				</frame>
				<frame num='10'>
					<mat>-0.0190986,-0.888764,-0.457967,0,-0.0122426,0.458225,-0.888752,0,-0.999743,0.0113672,0.0196322,0,4.49456,32.9909,0.82755,1</mat>
				</frame>
				<frame num='11'>
					<mat>-0.0193187,-0.890821,-0.453943,0,-0.0128513,0.454211,-0.890801,0,-0.999731,0.0113754,0.020223,0,4.49456,32.9909,0.82755,1</mat>
				</frame>
				<frame num='12'>
					<mat>-0.0190477,-0.892579,-0.450488,0,-0.0123704,0.450746,-0.892567,0,-0.999742,0.0114286,0.0196272,0,4.49456,32.9909,0.82755,1</mat>
				</frame>
				<frame num='13'>
					<mat>-0.0181266,-0.901328,-0.432757,0,-0.0112846,0.432985,-0.90133,0,-0.999772,0.0114546,0.0180197,0,4.49456,32.9909,0.82755,1</mat>
				</frame>
				<frame num='14'>
					<mat>-0.0163999,-0.921309,-0.388486,0,-0.010095,0.388671,-0.921321,0,-0.999815,0.0111878,0.0156748,0,4.49456,32.9909,0.82755,1</mat>
				</frame>
				<frame num='15'>
					<mat>-0.0138713,-0.950519,-0.310358,0,-0.00900343,0.310494,-0.950533,0,-0.999863,0.0103909,0.0128649,0,4.49456,32.9909,0.82755,1</mat>
				</frame>
				<frame num='16'>
					<mat>-0.0107217,-0.980306,-0.197195,0,-0.00789244,0.197284,-0.980315,0,-0.999911,0.00895431,0.00985223,0,4.49456,32.9909,0.82755,1</mat>
				</frame>
				<frame num='17'>
					<mat>-0.00730125,-0.998563,-0.0530938,0,-0.00650633,0.0531415,-0.998566,0,-0.999952,0.00694533,0.00688498,0,4.49456,32.9909,0.82755,1</mat>
				</frame>
				<frame num='18'>
					<mat>-0.0040895,-0.993115,0.117071,0,-0.00470806,-0.117051,-0.993115,0,-0.999981,0.00461252,0.00419696,0,4.49456,32.9909,0.82755,1</mat>
				</frame>
				<frame num='19'>
					<mat>-0.00153414,-0.940876,0.338748,0,-0.00268877,-0.338743,-0.940875,0,-0.999995,0.00235425,0.00201011,0,4.49456,32.9909,0.82755,1</mat>
				</frame>
				<frame num='20'>
					<mat>-0.000410711,-0.929291,0.369349,0,-0.000743649,-0.369349,-0.929291,0,-1,0.000656336,0.000539371,0,4.49456,32.9909,0.82755,1</mat>
				</frame>
				<frame num='21'>
					<mat>-1.45071e-007,-0.928761,0.370679,0,-1.9304e-008,-0.370679,-0.928761,0,-1,1.41892e-007,-3.58458e-008,0,4.49456,32.9909,0.82755,1</mat>
				</frame>
				<frame num='22'>
					<mat>-1.41905e-007,-0.999488,0.0320092,0,4.96133e-008,-0.0320092,-0.999488,0,-1,1.40244e-007,-5.41302e-008,0,4.49456,32.9909,0.82755,1</mat>
				</frame>
				<frame num='23'>
					<mat>-1.37427e-007,-0.995767,-0.0919185,0,9.28579e-008,0.0919185,-0.995767,0,-1,1.45381e-007,-7.98327e-008,0,4.49456,32.9909,0.82755,1</mat>
				</frame>
			</track>
			<track id = '2' name='blaze:KneeL'>
				<frame num='0'>
					<mat>-1.57754e-007,-0.990543,0.137202,0,-9.13139e-008,0.137202,0.990543,0,1,-1.43734e-007,1.12094e-007,0,4.49456,18.5957,0.780174,1</mat>
				</frame>
				<frame num='1'>
					<mat>-1.45078e-007,-0.92876,0.370682,0,1.93045e-008,0.370682,0.92876,0,1,-1.41898e-007,3.58485e-008,0,4.49456,19.6211,6.16356,1</mat>
				</frame>
				<frame num='2'>
					<mat>-0.00028742,-0.864263,0.503039,0,0.000792241,0.503039,0.864263,0,1,-0.000646935,-0.000540122,0,4.48642,18.7347,2.82335,1</mat>
				</frame>
				<frame num='3'>
					<mat>-0.000895832,-0.850989,0.525183,0,0.00292041,0.525179,0.850987,0,0.999995,-0.00229609,-0.00201476,0,4.46136,18.5959,0.755118,1</mat>
				</frame>
				<frame num='4'>
					<mat>-0.001689,-0.859851,0.510542,0,0.00589773,0.510525,0.859843,0,0.999981,-0.00446332,-0.00420889,0,4.42266,18.7298,-1.13221,1</mat>
				</frame>
				<frame num='5'>
					<mat>-0.00269684,-0.884709,0.466135,0,0.00922637,0.466095,0.884687,0,0.999954,-0.00668659,-0.00690567,0,4.37643,19.057,-2.78569,1</mat>
				</frame>
				<frame num='6'>
					<mat>-0.0039809,-0.917906,0.396778,0,0.0124841,0.396705,0.917861,0,0.999914,-0.00860734,-0.00987999,0,4.32935,19.4715,-4.11438,1</mat>
				</frame>
				<frame num='7'>
					<mat>-0.00554303,-0.951043,0.309009,0,0.0153589,0.308896,0.950972,0,0.999867,-0.0100173,-0.0128948,0,4.28707,19.855,-5.05699,1</mat>
				</frame>
				<frame num='8'>
					<mat>-0.00729055,-0.977179,0.212294,0,0.0176496,0.21214,0.97708,0,0.999818,-0.0108703,-0.0157002,0,4.25358,20.1139,-5.60271,1</mat>
				</frame>
				<frame num='9'>
					<mat>-0.00902692,-0.9928,0.119447,0,0.0192504,0.119257,0.992677,0,0.999774,-0.0112602,-0.0180352,0,4.23113,20.2139,-5.79842,1</mat>
				</frame>
				<frame num='10'>
					<mat>-0.0104223,-0.998813,0.0475811,0,0.0201497,0.0473643,0.998674,0,0.999743,-0.0113672,-0.0196322,0,4.21963,20.1969,-5.76501,1</mat>
				</frame>
				<frame num='11'>
					<mat>-0.0109982,-0.999765,0.0186662,0,0.0204306,0.0184388,0.999621,0,0.999731,-0.0113754,-0.020223,0,4.21646,20.1673,-5.70707,1</mat>
				</frame>
				<frame num='12'>
					<mat>-0.0104648,-0.998767,0.0485271,0,0.0201576,0.0483092,0.998629,0,0.999742,-0.0114286,-0.0196272,0,4.22036,20.142,-5.65734,1</mat>
				</frame>
				<frame num='13'>
					<mat>-0.00917172,-0.992484,0.122027,0,0.019282,0.121834,0.992363,0,0.999772,-0.0114546,-0.0180197,0,4.23362,20.016,-5.4021,1</mat>
				</frame>
				<frame num='14'>
					<mat>-0.00757482,-0.976799,0.214026,0,0.0177056,0.213868,0.976702,0,0.999815,-0.0111878,-0.0156748,0,4.25848,19.7284,-4.76481,1</mat>
				</frame>
				<frame num='15'>
					<mat>-0.00599655,-0.952806,0.303519,0,0.0154116,0.303401,0.952738,0,0.999863,-0.0103909,-0.0128649,0,4.29488,19.3079,-3.64013,1</mat>
				</frame>
				<frame num='16'>
					<mat>-0.00461154,-0.927162,0.374632,0,0.0124892,0.374553,0.927121,0,0.999911,-0.00895431,-0.00985223,0,4.34022,18.8791,-2.01113,1</mat>
				</frame>
				<frame num='17'>
					<mat>-0.00345287,-0.909406,0.415895,0,0.00914977,0.415851,0.909387,0,0.999952,-0.00694533,-0.00688498,0,4.38946,18.6163,0.063251,1</mat>
				</frame>
				<frame num='18'>
					<mat>-0.00244547,-0.909137,0.41649,0,0.00573668,0.416472,0.909131,0,0.999981,-0.00461252,-0.00419696,0,4.43569,18.6947,2.51281,1</mat>
				</frame>
				<frame num='19'>
					<mat>-0.00153413,-0.940875,0.338751,0,0.00268877,0.338747,0.940874,0,0.999995,-0.00235425,-0.00201011,0,4.47248,19.4467,5.70392,1</mat>
				</frame>
				<frame num='20'>
					<mat>-0.000410709,-0.929289,0.369352,0,0.000743651,0.369352,0.929289,0,1,-0.000656336,-0.000539371,0,4.48865,19.6135,6.14443,1</mat>
				</frame>
				<frame num='21'>
					<mat>-1.45078e-007,-0.92876,0.370682,0,1.93045e-008,0.370682,0.92876,0,1,-1.41898e-007,3.58485e-008,0,4.49456,19.6211,6.16356,1</mat>
				</frame>
				<frame num='22'>
					<mat>-1.49864e-007,-0.901767,0.432223,0,1.18039e-008,0.432223,0.901767,0,1,-1.40244e-007,5.41302e-008,0,4.49456,18.603,1.28833,1</mat>
				</frame>
				<frame num='23'>
					<mat>-1.59365e-007,-0.975579,0.21965,0,-4.59502e-008,0.21965,0.975579,0,1,-1.45381e-007,7.98327e-008,0,4.49456,18.6566,-0.495641,1</mat>
				</frame>
			</track>
			<track id = '3' name='blaze:HeelL'>
				<frame num='0'>
					<mat>9.54419e-008,-0.111035,-0.993816,0,1.55291e-007,0.993816,-0.111035,0,-1,1.43734e-007,-1.12094e-007,0,4.49456,1.5311,3.14382,1</mat>
				</frame>
				<frame num='1'>
					<mat>0.109693,-0.350762,-0.930018,0,0.016104,0.936169,-0.351182,0,-0.993835,-0.0235452,-0.10834,0,4.49456,3.62089,12.5495,1</mat>
				</frame>
				<frame num='2'>
					<mat>0.108993,-0.481885,-0.869429,0,0.0158343,0.875371,-0.483193,0,-0.993916,-0.038898,-0.10304,0,4.48146,3.84553,11.4895,1</mat>
				</frame>
				<frame num='3'>
					<mat>0.107117,-0.499774,-0.859507,0,0.0149452,0.865193,-0.501217,0,-0.994134,-0.0408436,-0.100146,0,4.44593,3.93542,9.80274,1</mat>
				</frame>
				<frame num='4'>
					<mat>0.10452,-0.478393,-0.871904,0,0.0135655,0.87731,-0.479733,0,-0.99443,-0.0383138,-0.0981859,0,4.39356,3.91672,7.66317,1</mat>
				</frame>
				<frame num='5'>
					<mat>0.10167,-0.425116,-0.899411,0,0.0119821,0.904553,-0.426192,0,-0.994746,-0.0325543,-0.09706,0,4.32997,3.81561,5.24467,1</mat>
				</frame>
				<frame num='6'>
					<mat>0.0989663,-0.345347,-0.933242,0,0.0104947,0.938156,-0.346053,0,-0.995035,-0.0244535,-0.0964702,0,4.26077,3.65826,2.72114,1</mat>
				</frame>
				<frame num='7'>
					<mat>0.0966905,-0.246627,-0.964275,0,0.00932371,0.968996,-0.2469,0,-0.995271,-0.0148822,-0.0959922,0,4.19157,3.47084,0.266476,1</mat>
				</frame>
				<frame num='8'>
					<mat>0.0950026,-0.139744,-0.98562,0,0.00858168,0.990176,-0.139563,0,-0.99544,-0.0048006,-0.0952685,0,4.12799,3.27951,-1.94542,1</mat>
				</frame>
				<frame num='9'>
					<mat>0.0939475,-0.0388215,-0.99482,0,0.00827316,0.999235,-0.0382125,0,-0.995543,0.00464034,-0.0941969,0,4.07562,3.11045,-3.74064,1</mat>
				</frame>
				<frame num='10'>
					<mat>0.0934523,0.0381279,-0.994893,0,0.00827629,0.999202,0.0390704,0,-0.995589,0.0118852,-0.0930622,0,4.04008,2.98982,-4.9453,1</mat>
				</frame>
				<frame num='11'>
					<mat>0.0933293,0.0687814,-0.993257,0,0.00833659,0.997522,0.0698601,0,-0.9956,0.0148004,-0.0925246,0,4.02699,2.9438,-5.3855,1</mat>
				</frame>
				<frame num='12'>
					<mat>0.0934481,0.0371816,-0.99493,0,0.00831932,0.999238,0.038124,0,-0.995589,0.0118398,-0.0930676,0,4.04008,2.93569,-4.82134,1</mat>
				</frame>
				<frame num='13'>
					<mat>0.0939277,-0.0414203,-0.994717,0,0.00842005,0.999132,-0.040809,0,-0.995543,0.00454247,-0.0941949,0,4.07562,2.91798,-3.29988,1</mat>
				</frame>
				<frame num='14'>
					<mat>0.0949676,-0.141519,-0.98537,0,0.00886931,0.989924,-0.141319,0,-0.995441,-0.00468117,-0.095266,0,4.12799,2.90058,-1.07767,1</mat>
				</frame>
				<frame num='15'>
					<mat>0.0966669,-0.241106,-0.965672,0,0.00977968,0.970399,-0.241307,0,-0.995269,-0.0138825,-0.0961635,0,4.19157,2.89343,1.58876,1</mat>
				</frame>
				<frame num='16'>
					<mat>0.0989949,-0.322907,-0.941239,0,0.0111246,0.946185,-0.323434,0,-0.995026,-0.0215473,-0.0972597,0,4.26077,2.90642,4.44286,1</mat>
				</frame>
				<frame num='17'>
					<mat>0.101779,-0.374185,-0.921752,0,0.0127339,0.926978,-0.374901,0,-0.994726,-0.0264195,-0.0991118,0,4.32997,2.94949,7.22809,1</mat>
				</frame>
				<frame num='18'>
					<mat>0.104705,-0.38331,-0.917666,0,0.0143157,0.923223,-0.383998,0,-0.9944,-0.0270696,-0.102154,0,4.39356,3.03255,9.68792,1</mat>
				</frame>
				<frame num='19'>
					<mat>0.107364,-0.312189,-0.943934,0,0.0155767,0.949833,-0.312368,0,-0.994098,-0.0188338,-0.106841,0,4.44605,3.23779,11.5398,1</mat>
				</frame>
				<frame num='20'>
					<mat>0.109044,-0.347677,-0.931252,0,0.0159564,0.93733,-0.348078,0,-0.993909,-0.0230964,-0.107758,0,4.48157,3.60415,12.5075,1</mat>
				</frame>
				<frame num='21'>
					<mat>0.109693,-0.350762,-0.930018,0,0.016104,0.936169,-0.351182,0,-0.993835,-0.0235452,-0.10834,0,4.49456,3.62089,12.5495,1</mat>
				</frame>
				<frame num='22'>
					<mat>0.0872459,-0.418551,-0.903993,0,0.0119559,0.907828,-0.419173,0,-0.996115,-0.0257631,-0.0842084,0,4.49456,3.06779,8.73446,1</mat>
				</frame>
				<frame num='23'>
					<mat>0.0403634,-0.210475,-0.976766,0,0.00419734,0.977589,-0.210479,0,-0.999176,-0.00439584,-0.0403423,0,4.49456,1.84976,3.28839,1</mat>
				</frame>
			</track>
			<track id = '4' name='blaze:FootL'>
				<frame num='0'>
					<mat>1,-1.43734e-007,1.12094e-007,0,1.40369e-007,0.999566,0.0294617,0,1.1628e-007,0.0294617,-0.999566,0,4.49456,0.613,-5.07358,1</mat>
				</frame>
				<frame num='1'>
					<mat>0.993835,0.0235452,0.10834,0,0.000558634,0.976113,-0.217261,0,0.110867,-0.215982,-0.970083,0,5.40156,0.720604,4.85962,1</mat>
				</frame>
				<frame num='2'>
					<mat>0.993916,0.038898,0.10304,0,0.000389665,0.934309,-0.356465,0,0.110137,-0.354336,-0.928609,0,5.38268,-0.138951,4.30058,1</mat>
				</frame>
				<frame num='3'>
					<mat>0.994134,0.0408436,0.100146,0,-0.000227533,0.92674,-0.375702,0,0.108155,-0.373475,-0.921314,0,5.33163,-0.196973,2.69588,1</mat>
				</frame>
				<frame num='4'>
					<mat>0.99443,0.0383138,0.0981859,0,-0.00122921,0.935739,-0.352692,0,0.105389,-0.350606,-0.930574,0,5.25779,-0.0388819,0.453805,1</mat>
				</frame>
				<frame num='5'>
					<mat>0.994746,0.0325543,0.09706,0,-0.00239728,0.95524,-0.295822,0,0.102346,-0.294035,-0.950299,0,5.17064,0.30053,-2.19214,1</mat>
				</frame>
				<frame num='6'>
					<mat>0.995035,0.0244535,0.0964702,0,-0.00349069,0.977322,-0.21173,0,0.09946,-0.210342,-0.972555,0,5.07908,0.80275,-4.9954,1</mat>
				</frame>
				<frame num='7'>
					<mat>0.995271,0.0148822,0.0959922,0,-0.00433086,0.99401,-0.109204,0,0.0970424,-0.108272,-0.989374,0,4.99106,1.4316,-7.70666,1</mat>
				</frame>
				<frame num='8'>
					<mat>0.99544,0.0048006,0.0952685,0,-0.0048288,0.999988,6.54932e-005,0,0.0952671,0.000525227,-0.995452,0,4.91352,2.12403,-10.095,1</mat>
				</frame>
				<frame num='9'>
					<mat>0.995543,-0.00464034,0.0941969,0,-0.00498628,0.994802,0.101705,0,0.0941792,0.101721,-0.990345,0,4.85243,2.78945,-11.9663,1</mat>
				</frame>
				<frame num='10'>
					<mat>0.995589,-0.0118852,0.0930622,0,-0.00491373,0.983976,0.178234,0,0.0936893,0.177905,-0.979577,0,4.8128,3.30508,-13.1716,1</mat>
				</frame>
				<frame num='11'>
					<mat>0.9956,-0.0148004,0.0925246,0,-0.00483677,0.978013,0.20849,0,0.093576,0.20802,-0.973638,0,4.79869,3.51252,-13.5983,1</mat>
				</frame>
				<frame num='12'>
					<mat>0.995589,-0.0118398,0.0930676,0,-0.00487053,0.984144,0.177302,0,0.0936911,0.176973,-0.979746,0,4.81276,3.24313,-13.0479,1</mat>
				</frame>
				<frame num='13'>
					<mat>0.995543,-0.00454247,0.0941949,0,-0.00483807,0.995064,0.0991195,0,0.0941802,0.0991335,-0.990607,0,4.85226,2.57549,-11.5247,1</mat>
				</frame>
				<frame num='14'>
					<mat>0.995441,0.00468117,0.095266,0,-0.00453912,0.999988,-0.00170774,0,0.0952728,-0.00126753,-0.99545,0,4.91323,1.73043,-9.22522,1</mat>
				</frame>
				<frame num='15'>
					<mat>0.995269,0.0138825,0.0961635,0,-0.0038761,0.994625,-0.103471,0,0.097083,-0.102608,-0.989973,0,4.99087,0.899834,-6.39593,1</mat>
				</frame>
				<frame num='16'>
					<mat>0.995026,0.0215473,0.0972597,0,-0.00287097,0.982124,-0.188212,0,0.0995766,-0.186997,-0.977301,0,5.07932,0.23646,-3.3398,1</mat>
				</frame>
				<frame num='17'>
					<mat>0.994726,0.0264195,0.0991118,0,-0.00166816,0.970299,-0.241904,0,0.102559,-0.240462,-0.965225,0,5.17154,-0.144467,-0.393439,1</mat>
				</frame>
				<frame num='18'>
					<mat>0.9944,0.0270696,0.102154,0,-0.000512445,0.967861,-0.251485,0,0.105678,-0.250024,-0.962455,0,5.25932,-0.136857,2.10017,1</mat>
				</frame>
				<frame num='19'>
					<mat>0.994098,0.0188338,0.106841,0,0.000363121,0.984233,-0.176878,0,0.108488,-0.175873,-0.978417,0,5.33379,0.656448,3.73482,1</mat>
				</frame>
				<frame num='20'>
					<mat>0.993909,0.0230964,0.107758,0,0.000503459,0.976831,-0.214013,0,0.110204,-0.212764,-0.970869,0,5.38321,0.729374,4.80738,1</mat>
				</frame>
				<frame num='21'>
					<mat>0.993835,0.0235452,0.10834,0,0.000558634,0.976113,-0.217261,0,0.110867,-0.215982,-0.970083,0,5.40156,0.720604,4.85962,1</mat>
				</frame>
				<frame num='22'>
					<mat>0.996115,0.0257631,0.0842084,0,-0.000399977,0.957561,-0.288229,0,0.0880604,-0.287076,-0.953852,0,5.21595,-0.393014,1.25977,1</mat>
				</frame>
				<frame num='23'>
					<mat>0.999176,0.00439584,0.0403423,0,-0.00150578,0.997447,-0.0713909,0,0.0405531,-0.0712714,-0.996632,0,4.8283,0.109443,-4.78802,1</mat>
				</frame>
			</track>
			<track id = '5' name='blaze:HipR'>
				<frame num='0'>
					<mat>-7.16376e-007,0.999977,0.00674116,0,-1.45326e-007,-0.00674116,0.999977,0,-1,-7.1538e-007,-1.50152e-007,0,-4.49455,32.9909,0.82755,1</mat>
				</frame>
				<frame num='1'>
					<mat>-7.5786e-007,0.911812,0.410608,0,-7.79809e-008,-0.410608,0.911812,0,-1,-6.59006e-007,-3.82287e-007,0,-4.49455,32.9909,0.82755,1</mat>
				</frame>
				<frame num='2'>
					<mat>-7.70222e-007,0.906326,0.422579,0,-5.54184e-008,-0.422579,0.906326,0,-1,-6.74653e-007,-3.75707e-007,0,-4.49455,32.9909,0.82755,1</mat>
				</frame>
				<frame num='3'>
					<mat>-7.82686e-007,0.910559,0.41338,0,-4.15519e-008,-0.41338,0.910559,0,-1,-6.95505e-007,-3.61382e-007,0,-4.49455,32.9909,0.82755,1</mat>
				</frame>
				<frame num='4'>
					<mat>-7.93417e-007,0.925083,0.379765,0,-4.13426e-008,-0.379765,0.925083,0,-1,-7.18277e-007,-3.39557e-007,0,-4.49455,32.9909,0.82755,1</mat>
				</frame>
				<frame num='5'>
					<mat>-8.01072e-007,0.947032,0.32114,0,-5.93959e-008,-0.32114,0.947032,0,-1,-7.39566e-007,-3.13506e-007,0,-4.49455,32.9909,0.82755,1</mat>
				</frame>
				<frame num='6'>
					<mat>-8.03587e-007,0.970955,0.239261,0,-9.68181e-008,-0.239261,0.970955,0,-1,-7.57082e-007,-2.86273e-007,0,-4.49455,32.9909,0.82755,1</mat>
				</frame>
				<frame num='7'>
					<mat>-7.98062e-007,0.990389,0.138311,0,-1.5018e-007,-0.138311,0.990389,0,-1,-7.6962e-007,-2.59118e-007,0,-4.49455,32.9909,0.82755,1</mat>
				</frame>
				<frame num='8'>
					<mat>-7.82765e-007,0.999696,0.0246612,0,-2.15482e-007,-0.0246612,0.999696,0,-1,-7.77213e-007,-2.3472e-007,0,-4.49455,32.9909,0.82755,1</mat>
				</frame>
				<frame num='9'>
					<mat>-7.56972e-007,0.995584,-0.0938719,0,-2.86287e-007,0.0938719,0.995584,0,-1,-7.80504e-007,-2.13965e-007,0,-4.49455,32.9909,0.82755,1</mat>
				</frame>
				<frame num='10'>
					<mat>-7.22318e-007,0.977936,-0.208904,0,-3.59448e-007,0.208904,0.977936,0,-1,-7.81471e-007,-2.00622e-007,0,-4.49455,32.9909,0.82755,1</mat>
				</frame>
				<frame num='11'>
					<mat>-6.81587e-007,0.950062,-0.312063,0,-4.2954e-007,0.312063,0.950062,0,-1,-7.81593e-007,-1.95391e-007,0,-4.49455,32.9909,0.82755,1</mat>
				</frame>
				<frame num='12'>
					<mat>-7.24425e-007,0.979923,-0.199375,0,-3.52487e-007,0.199375,0.979923,0,-1,-7.80158e-007,-2.00978e-007,0,-4.49455,32.9909,0.82755,1</mat>
				</frame>
				<frame num='13'>
					<mat>-7.58004e-007,0.997398,-0.0720869,0,-2.70086e-007,0.0720869,0.997398,0,-1,-7.75501e-007,-2.14741e-007,0,-4.49455,32.9909,0.82755,1</mat>
				</frame>
				<frame num='14'>
					<mat>-7.7857e-007,0.998394,0.0566451,0,-1.91468e-007,-0.0566451,0.998394,0,-1,-7.66474e-007,-2.35263e-007,0,-4.49455,32.9909,0.82755,1</mat>
				</frame>
				<frame num='15'>
					<mat>-7.86018e-007,0.984711,0.174194,0,-1.25087e-007,-0.174194,0.984711,0,-1,-7.52212e-007,-2.60094e-007,0,-4.49455,32.9909,0.82755,1</mat>
				</frame>
				<frame num='16'>
					<mat>-7.83608e-007,0.962849,0.270041,0,-7.97844e-008,-0.270041,0.962849,0,-1,-7.32951e-007,-2.88427e-007,0,-4.49455,32.9909,0.82755,1</mat>
				</frame>
				<frame num='17'>
					<mat>-7.74897e-007,0.941307,0.33755,0,-5.7428e-008,-0.33755,0.941307,0,-1,-7.10032e-007,-3.15624e-007,0,-4.49455,32.9909,0.82755,1</mat>
				</frame>
				<frame num='18'>
					<mat>-7.64598e-007,0.926888,0.375339,0,-5.92251e-008,-0.375339,0.926888,0,-1,-6.86467e-007,-3.41879e-007,0,-4.49455,32.9909,0.82755,1</mat>
				</frame>
				<frame num='19'>
					<mat>-7.55483e-007,0.921201,0.389087,0,-7.53863e-008,-0.389087,0.921201,0,-1,-6.6662e-007,-3.63394e-007,0,-4.49455,32.9909,0.82755,1</mat>
				</frame>
				<frame num='20'>
					<mat>-7.51479e-007,0.918769,0.394796,0,-8.76134e-008,-0.394796,0.918769,0,-1,-6.55846e-007,-3.77177e-007,0,-4.49455,32.9909,0.82755,1</mat>
				</frame>
				<frame num='21'>
					<mat>-7.5786e-007,0.911812,0.410608,0,-7.79809e-008,-0.410608,0.911812,0,-1,-6.59006e-007,-3.82287e-007,0,-4.49455,32.9909,0.82755,1</mat>
				</frame>
				<frame num='22'>
					<mat>-7.61868e-007,0.942985,0.332835,0,-7.05362e-008,-0.332835,0.942985,0,-1,-6.94953e-007,-3.20091e-007,0,-4.49455,32.9909,0.82755,1</mat>
				</frame>
				<frame num='23'>
					<mat>-7.31432e-007,0.997164,0.0752587,0,-1.54532e-007,-0.0752587,0.997164,0,-1,-7.17728e-007,-2.0914e-007,0,-4.49455,32.9909,0.82755,1</mat>
				</frame>
			</track>
			<track id = '6' name='blaze:KneeR'>
				<frame num='0'>
					<mat>-6.87051e-007,0.990006,-0.141028,0,2.49539e-007,-0.141028,-0.990006,0,1,7.15376e-007,1.50152e-007,0,-4.49454,18.596,0.73051,1</mat>
				</frame>
				<frame num='1'>
					<mat>-6.61149e-007,0.999984,0.00563316,0,3.78569e-007,0.00563316,-0.999984,0,1,6.59006e-007,3.82287e-007,0,-4.49454,19.8651,-5.08326,1</mat>
				</frame>
				<frame num='2'>
					<mat>-6.49901e-007,0.998052,-0.0623846,0,4.17063e-007,-0.0623846,-0.998052,0,1,6.74653e-007,3.75707e-007,0,-4.49454,19.9441,-5.2556,1</mat>
				</frame>
				<frame num='3'>
					<mat>-6.36483e-007,0.989661,-0.143426,0,4.57399e-007,-0.143426,-0.989661,0,1,6.95505e-007,3.61382e-007,0,-4.49454,19.8832,-5.12317,1</mat>
				</frame>
				<frame num='4'>
					<mat>-6.22898e-007,0.974102,-0.226108,0,4.93172e-007,-0.226108,-0.974102,0,1,7.18277e-007,3.39557e-007,0,-4.49454,19.6741,-4.63927,1</mat>
				</frame>
				<frame num='5'>
					<mat>-6.1076e-007,0.953542,-0.301261,0,5.21743e-007,-0.301261,-0.953542,0,1,7.39566e-007,3.13506e-007,0,-4.49454,19.3582,-3.79535,1</mat>
				</frame>
				<frame num='6'>
					<mat>-6.02292e-007,0.932303,-0.361678,0,5.40713e-007,-0.361678,-0.932303,0,1,7.57082e-007,2.86273e-007,0,-4.49454,19.0138,-2.61667,1</mat>
				</frame>
				<frame num='7'>
					<mat>-6.00419e-007,0.915559,-0.402184,0,5.46766e-007,-0.402184,-0.915559,0,1,7.6962e-007,2.59118e-007,0,-4.49454,18.734,-1.16348,1</mat>
				</frame>
				<frame num='8'>
					<mat>-6.07097e-007,0.907789,-0.419427,0,5.39061e-007,-0.419427,-0.907789,0,1,7.77213e-007,2.3472e-007,0,-4.49454,18.6,0.472545,1</mat>
				</frame>
				<frame num='9'>
					<mat>-6.23443e-007,0.911514,-0.411269,0,5.16029e-007,-0.411269,-0.911514,0,1,7.80504e-007,2.13965e-007,0,-4.49454,18.6592,2.17886,1</mat>
				</frame>
				<frame num='10'>
					<mat>-6.4867e-007,0.926603,-0.376041,0,4.79762e-007,-0.376041,-0.926603,0,1,7.81469e-007,2.00623e-007,0,-4.49454,18.9133,3.83478,1</mat>
				</frame>
				<frame num='11'>
					<mat>-6.81567e-007,0.95006,-0.312066,0,4.29543e-007,-0.312066,-0.95006,0,1,7.81576e-007,1.95397e-007,0,-4.49454,19.3145,5.31978,1</mat>
				</frame>
				<frame num='12'>
					<mat>-6.46904e-007,0.926277,-0.376844,0,4.80159e-007,-0.376844,-0.926277,0,1,7.80157e-007,2.00978e-007,0,-4.49454,18.8847,3.69761,1</mat>
				</frame>
				<frame num='13'>
					<mat>-6.22629e-007,0.914749,-0.404022,0,5.09754e-007,-0.404022,-0.914749,0,1,7.75501e-007,2.14741e-007,0,-4.49454,18.6331,1.86526,1</mat>
				</frame>
				<frame num='14'>
					<mat>-6.10624e-007,0.91823,-0.396047,0,5.19586e-007,-0.396047,-0.91823,0,1,7.66474e-007,2.35263e-007,0,-4.49454,18.6188,0.0121286,1</mat>
				</frame>
				<frame num='15'>
					<mat>-6.10438e-007,0.934556,-0.355815,0,5.10721e-007,-0.355815,-0.934556,0,1,7.52212e-007,2.60094e-007,0,-4.49454,18.8157,-1.68002,1</mat>
				</frame>
				<frame num='16'>
					<mat>-6.18839e-007,0.957636,-0.287982,0,4.87284e-007,-0.287982,-0.957636,0,1,7.32951e-007,2.88427e-007,0,-4.49454,19.1305,-3.05976,1</mat>
				</frame>
				<frame num='17'>
					<mat>-6.32356e-007,0.979705,-0.200446,0,4.51542e-007,-0.200446,-0.979705,0,1,7.10032e-007,3.15624e-007,0,-4.49454,19.4406,-4.03158,1</mat>
				</frame>
				<frame num='18'>
					<mat>-6.46569e-007,0.99442,-0.105497,0,4.12391e-007,-0.105497,-0.99442,0,1,6.86467e-007,3.41879e-007,0,-4.49454,19.6481,-4.57556,1</mat>
				</frame>
				<frame num='19'>
					<mat>-6.58719e-007,0.999773,-0.0213252,0,3.77528e-007,-0.0213252,-0.999773,0,1,6.6662e-007,3.63394e-007,0,-4.49454,19.73,-4.77346,1</mat>
				</frame>
				<frame num='20'>
					<mat>-6.65162e-007,0.999681,0.0252529,0,3.60495e-007,0.0252529,-0.999681,0,1,6.55846e-007,3.77177e-007,0,-4.49454,19.765,-4.85564,1</mat>
				</frame>
				<frame num='21'>
					<mat>-6.61149e-007,0.999984,0.00563316,0,3.78569e-007,0.00563316,-0.999984,0,1,6.59006e-007,3.82287e-007,0,-4.49454,19.8651,-5.08326,1</mat>
				</frame>
				<frame num='22'>
					<mat>-6.5584e-007,0.994019,-0.109207,0,3.9407e-007,-0.109207,-0.994019,0,1,6.94953e-007,3.20091e-007,0,-4.49454,19.4164,-3.9637,1</mat>
				</frame>
				<frame num='23'>
					<mat>-6.76676e-007,0.987934,-0.154878,0,3.17777e-007,-0.154878,-0.987934,0,1,7.17728e-007,2.0914e-007,0,-4.49454,18.6365,-0.255819,1</mat>
				</frame>
			</track>
			<track id = '7' name='blaze:HeelR'>
				<frame num='0'>
					<mat>-2.31336e-007,0.114873,0.99338,0,7.19201e-007,-0.99338,0.114873,0,-1,-7.41015e-007,-1.47188e-007,0,-4.49453,1.5406,3.16006,1</mat>
				</frame>
				<frame num='1'>
					<mat>0.168309,-0.18313,0.968574,0,-0.0258905,-0.983074,-0.181373,0,-0.985394,-0.00544981,0.170201,0,-4.49453,2.63786,-5.18032,1</mat>
				</frame>
				<frame num='2'>
					<mat>0.186392,-0.117195,0.975461,0,-0.0210634,-0.993108,-0.115291,0,-0.98225,-0.000942694,0.187576,0,-4.49453,2.75011,-4.18087,1</mat>
				</frame>
				<frame num='3'>
					<mat>0.200268,-0.0316001,0.979231,0,-0.00816871,-0.999499,-0.0305835,0,-0.979707,0.00187416,0.200426,0,-4.49453,2.83374,-2.65229,1</mat>
				</frame>
				<frame num='4'>
					<mat>0.210498,0.0613119,0.97567,0,0.010726,-0.998116,0.0604084,0,-0.977535,0.00225084,0.210759,0,-4.49453,2.8927,-0.743989,1</mat>
				</frame>
				<frame num='5'>
					<mat>0.217632,0.150746,0.96432,0,0.0335879,-0.988573,0.146957,0,-0.975453,-0.000407032,0.220208,0,-4.49453,2.93095,1.39463,1</mat>
				</frame>
				<frame num='6'>
					<mat>0.222212,0.227479,0.94809,0,0.0584025,-0.973761,0.21995,0,-0.973248,-0.00649526,0.229667,0,-4.49453,2.95245,3.61415,1</mat>
				</frame>
				<frame num='7'>
					<mat>0.224774,0.284357,0.931997,0,0.0831645,-0.95858,0.272411,0,-0.970855,-0.0162781,0.239113,0,-4.49453,2.96116,5.76516,1</mat>
				</frame>
				<frame num='8'>
					<mat>0.225848,0.3164,0.921349,0,0.105877,-0.948155,0.299652,0,-0.968392,-0.0298734,0.247639,0,-4.49453,2.96104,7.69825,1</mat>
				</frame>
				<frame num='9'>
					<mat>0.225963,0.320231,0.919996,0,0.124552,-0.946169,0.29875,0,-0.966141,-0.0470808,0.253684,0,-4.49453,2.95605,9.26401,1</mat>
				</frame>
				<frame num='10'>
					<mat>0.225645,0.293146,0.929059,0,0.137211,-0.953711,0.267599,0,-0.964499,-0.0670942,0.255423,0,-4.49453,2.95016,10.313,1</mat>
				</frame>
				<frame num='11'>
					<mat>0.225422,0.232372,0.946144,0,0.141873,-0.968617,0.20409,0,-0.963876,-0.0882255,0.251315,0,-4.49453,2.94731,10.6959,1</mat>
				</frame>
				<frame num='12'>
					<mat>0.219997,0.29325,0.930379,0,0.137392,-0.953553,0.268066,0,-0.965777,-0.0688533,0.250069,0,-4.49453,2.92718,10.1897,1</mat>
				</frame>
				<frame num='13'>
					<mat>0.20585,0.31048,0.928024,0,0.12512,-0.948901,0.289711,0,-0.970552,-0.0564777,0.234179,0,-4.49453,2.8742,8.82557,1</mat>
				</frame>
				<frame num='14'>
					<mat>0.186167,0.287511,0.93951,0,0.106785,-0.956483,0.271546,0,-0.976698,-0.0497726,0.208767,0,-4.49453,2.7999,6.83505,1</mat>
				</frame>
				<frame num='15'>
					<mat>0.164168,0.22825,0.959662,0,0.0841905,-0.972554,0.216914,0,-0.982833,-0.0451841,0.178879,0,-4.49453,2.71561,4.44981,1</mat>
				</frame>
				<frame num='16'>
					<mat>0.143125,0.139321,0.979849,0,0.0592834,-0.989471,0.13203,0,-0.987927,-0.039192,0.149878,0,-4.49453,2.63272,1.90145,1</mat>
				</frame>
				<frame num='17'>
					<mat>0.126354,0.0318328,0.991474,0,0.034137,-0.999032,0.0277251,0,-0.991398,-0.0303428,0.127318,0,-4.49453,2.56262,-0.578394,1</mat>
				</frame>
				<frame num='18'>
					<mat>0.117188,-0.078167,0.990029,0,0.0108962,-0.996736,-0.0799864,0,-0.99305,-0.020161,0.115954,0,-4.49453,2.5167,-2.75812,1</mat>
				</frame>
				<frame num='19'>
					<mat>0.118953,-0.169488,0.978327,0,-0.00827841,-0.985458,-0.169717,0,-0.992865,-0.0120894,0.118626,0,-4.49453,2.50634,-4.40609,1</mat>
				</frame>
				<frame num='20'>
					<mat>0.134934,-0.214115,0.967444,0,-0.021243,-0.976774,-0.213218,0,-0.990627,-0.00821892,0.136349,0,-4.49453,2.54293,-5.2907,1</mat>
				</frame>
				<frame num='21'>
					<mat>0.168309,-0.18313,0.968574,0,-0.0258905,-0.983074,-0.181373,0,-0.985394,-0.00544981,0.170201,0,-4.49453,2.63786,-5.18032,1</mat>
				</frame>
				<frame num='22'>
					<mat>0.152371,-0.0520303,0.986953,0,-0.0238712,-0.998516,-0.0489545,0,-0.988035,0.0161005,0.153387,0,-4.49453,2.29187,-2.08234,1</mat>
				</frame>
				<frame num='23'>
					<mat>0.0700478,0.0351374,0.996925,0,-0.0161648,-0.999208,0.0363537,0,-0.997413,0.0186616,0.0694244,0,-4.49453,1.61679,2.41235,1</mat>
				</frame>
			</track>
			<track id = '8' name='blaze:FootR'>
				<frame num='0'>
					<mat>1,7.15376e-007,1.50152e-007,0,7.18985e-007,-0.999672,-0.0255998,0,-1.3179e-007,-0.0255998,0.999672,0,-4.49453,0.590763,-5.05372,1</mat>
				</frame>
				<frame num='1'>
					<mat>0.985394,0.00544978,-0.170201,0,-0.0492426,-0.947668,-0.315438,0,0.163013,-0.319212,0.933558,0,-5.8862,4.15207,-13.189,1</mat>
				</frame>
				<frame num='2'>
					<mat>0.98225,0.000942668,-0.187576,0,-0.0469996,-0.966852,-0.250975,0,0.181595,-0.255336,0.949646,0,-6.03572,3.71914,-12.2465,1</mat>
				</frame>
				<frame num='3'>
					<mat>0.979707,-0.00187418,-0.200426,0,-0.0361788,-0.985185,-0.167634,0,0.197142,-0.171484,0.965261,0,-6.15045,3.09502,-10.7491,1</mat>
				</frame>
				<frame num='4'>
					<mat>0.977535,-0.00225086,-0.210759,0,-0.0189058,-0.996849,-0.0770422,0,0.209921,-0.0792961,0.974497,0,-6.23504,2.38574,-8.81133,1</mat>
				</frame>
				<frame num='5'>
					<mat>0.975453,0.000407006,-0.220208,0,0.00272944,-0.999944,0.0102424,0,0.220192,0.010592,0.975399,0,-6.29403,1.6845,-6.57887,1</mat>
				</frame>
				<frame num='6'>
					<mat>0.973248,0.00649524,-0.229667,0,0.0266562,-0.996042,0.0847904,0,0.228207,0.0886441,0.969569,0,-6.3319,1.07153,-4.22516,1</mat>
				</frame>
				<frame num='7'>
					<mat>0.970855,0.0162781,-0.239113,0,0.0508141,-0.988989,0.13899,0,0.234217,0.147089,0.960993,0,-6.35308,0.609946,-1.94108,1</mat>
				</frame>
				<frame num='8'>
