<?xml version='1.0' encoding='UTF-8' ?>
<itpanim>
	<skeleton count='21'>
		<joint id='0' name='blaze:Spine' parent='-1'>
			<mat>19.2644,0.258723,-30.4108,6.21698,30.408,0.40838,19.2662,-3.95205,0.483438,-35.9968,-1.35393e-006,0.768105,0,0,0,1</mat>
		</joint>
		<joint id='1' name='blaze:HipL' parent='0'>
			<mat>-5.16103e-006,-0.118479,-35.9998,0.274401,4.0524e-006,-35.9998,0.118479,0.827651,-36,-4.03539e-006,5.17434e-006,4.49556,0,0,0,1</mat>
		</joint>
		<joint id='2' name='blaze:KneeL' parent='1'>
			<mat>-5.67907e-006,4.93926,-35.6596,-14.0971,-3.2873e-006,35.6596,4.93926,1.16398,36,4.03539e-006,-5.17434e-006,-4.49556,0,0,0,1</mat>
		</joint>
		<joint id='3' name='blaze:HeelL' parent='2'>
			<mat>3.43591e-006,-35.7774,-3.99726,-0.337593,5.59042e-006,-3.99726,35.7774,31.3445,-36,-4.03539e-006,5.17434e-006,4.49556,0,0,0,1</mat>
		</joint>
		<joint id='4' name='blaze:FootL' parent='3'>
			<mat>36,4.03539e-006,-5.17434e-006,-4.49556,5.05321e-006,1.06062,35.9844,32.2417,4.18609e-006,-35.9844,1.06062,-4.12447,0,0,0,1</mat>
		</joint>
		<joint id='5' name='blaze:HipR' parent='0'>
			<mat>-2.57643e-005,0.24268,35.9992,-0.277297,-5.23173e-006,35.9992,-0.24268,-0.8267,-36,-5.40529e-006,-2.57285e-005,-4.49355,0,0,0,1</mat>
		</joint>
		<joint id='6' name='blaze:KneeR' parent='5'>
			<mat>-2.4709e-005,-5.07699,35.6402,14.0852,8.97969e-006,-35.6402,-5.07699,-1.26757,36,5.40529e-006,2.57285e-005,4.49355,0,0,0,1</mat>
		</joint>
		<joint id='7' name='blaze:HeelR' parent='6'>
			<mat>-8.32503e-006,35.7617,4.13545,0.44146,2.58664e-005,4.13545,-35.7617,-31.3353,-36,-5.29856e-006,-2.66515e-005,-4.49356,0,0,0,1</mat>
		</joint>
		<joint id='8' name='blaze:FootR' parent='7'>
			<mat>36,5.40529e-006,2.57285e-005,4.49355,2.58584e-005,-0.92159,-35.9882,-32.2473,-4.74488e-006,35.9882,-0.92159,4.22858,0,0,0,1</mat>
		</joint>
		<joint id='9' name='blaze:Spine2' parent='0'>
			<mat>-2.57496e-005,-1.56374,35.966,-14.2239,-9.39231e-007,35.966,1.56374,-4.31505,-36,1.80149e-007,-2.57661e-005,0.00100527,0,0,0,1</mat>
		</joint>
		<joint id='10' name='blaze:Spine3' parent='9'>
			<mat>-2.55326e-005,-5.09117,35.6382,-21.0309,-3.46554e-006,35.6382,5.09117,-6.41318,-36,1.80149e-007,-2.57661e-005,0.00100527,0,0,0,1</mat>
		</joint>
		<joint id='11' name='blaze:Neck' parent='10'>
			<mat>-2.41888e-005,-12.6404,33.7079,-23.5589,-8.87841e-006,33.7079,12.6404,-11.758,-36,1.80149e-007,-2.57661e-005,0.00100527,0,0,0,1</mat>
		</joint>
		<joint id='12' name='blaze:Head' parent='11'>
			<mat>2.57667e-005,0.306263,-35.9987,31.2774,-3.90578e-008,35.9987,0.306263,-1.09155,36,-1.80149e-007,2.57661e-005,-0.00100527,0,0,0,1</mat>
		</joint>
		<joint id='13' name='blaze:ShoulderL' parent='10'>
			<mat>10.2013,-6.26196,-33.9518,18.3015,34.5097,0.817119,10.2182,-12.6982,-1.00676,-35.4418,6.23428,-2.10747,0,0,0,1</mat>
		</joint>
		<joint id='14' name='blaze:ElbowL' parent='13'>
			<mat>0.686241,-3.53027,-35.8199,10.8153,35.9886,-0.523637,0.74108,-9.80466,-0.59369,-35.8227,3.51917,1.34222,0,0,0,1</mat>
		</joint>
		<joint id='15' name='blaze:WristL' parent='14'>
			<mat>0.686241,-3.53027,-35.8199,0.784131,35.9886,-0.523637,0.74108,-9.80466,-0.59369,-35.8227,3.51917,-1.20686,0,0,0,1</mat>
		</joint>
		<joint id='16' name='blaze:HandL' parent='15'>
			<mat>-0.763305,-1.5713,35.9576,4.17516,0.490674,35.9619,1.5819,2.78117,-35.9886,0.523637,-0.74108,9.80466,0,0,0,1</mat>
		</joint>
		<joint id='17' name='blaze:ShoulderR' parent='10'>
			<mat>9.80832,6.81394,33.9613,-18.4047,34.6221,-0.856188,-9.82739,12.489,-1.05239,35.3389,-6.78641,2.42833,0,0,0,1</mat>
		</joint>
		<joint id='18' name='blaze:ElbowR' parent='17'>
			<mat>1.0346,2.70827,35.8831,-10.6399,35.983,0.312996,-1.0611,9.7996,-0.391806,35.8966,-2.698,-1.37437,0,0,0,1</mat>
		</joint>
		<joint id='19' name='blaze:WristR' parent='18'>
			<mat>1.0346,2.70827,35.8831,-0.6087,35.983,0.312996,-1.0611,9.7996,-0.391806,35.8966,-2.698,1.17471,0,0,0,1</mat>
		</joint>
		<joint id='20' name='blaze:HandR' parent='19'>
			<mat>-1.07961,2.39549,-35.904,-4.35333,0.241554,-35.9188,-2.40375,-2.77415,-35.983,-0.312996,1.0611,-9.7996,0,0,0,1</mat>
		</joint>
	</skeleton>
	<animations>
		<animation name='Take 001' length='26'>
			<track id = '0' name='blaze:Spine'>
				<frame num='0'>
					<mat>0.535123,0.844667,0.0134288,5.32907e-015,-0.844743,0.535171,6.09823e-009,40.086,-0.00718672,-0.0113439,0.99991,-0.767188,0,0,0,1</mat>
				</frame>
				<frame num='1'>
					<mat>0.535123,0.844667,0.0134288,5.32907e-015,-0.844743,0.535171,6.09823e-009,40.086,-0.00718672,-0.0113439,0.99991,-0.767188,0,0,0,1</mat>
				</frame>
				<frame num='2'>
					<mat>0.535123,0.844667,0.0134288,5.32907e-015,-0.844743,0.535171,6.09823e-009,40.086,-0.00718672,-0.0113439,0.99991,-0.767188,0,0,0,1</mat>
				</frame>
				<frame num='3'>
					<mat>0.535123,0.844667,0.0134288,5.32907e-015,-0.844743,0.535171,6.09823e-009,40.086,-0.00718672,-0.0113439,0.99991,-0.767188,0,0,0,1</mat>
				</frame>
				<frame num='4'>
					<mat>0.535123,0.844667,0.0134288,5.32907e-015,-0.844743,0.535171,6.09823e-009,40.086,-0.00718672,-0.0113439,0.99991,-0.767188,0,0,0,1</mat>
				</frame>
				<frame num='5'>
					<mat>0.535123,0.844667,0.0134288,5.32907e-015,-0.844743,0.535171,6.09823e-009,40.086,-0.00718672,-0.0113439,0.99991,-0.767188,0,0,0,1</mat>
				</frame>
				<frame num='6'>
					<mat>0.535123,0.844667,0.0134288,5.32907e-015,-0.844743,0.535171,6.09823e-009,40.086,-0.00718672,-0.0113439,0.99991,-0.767188,0,0,0,1</mat>
				</frame>
				<frame num='7'>
					<mat>0.535123,0.844667,0.0134288,5.32907e-015,-0.844743,0.535171,6.09823e-009,40.086,-0.00718672,-0.0113439,0.99991,-0.767188,0,0,0,1</mat>
				</frame>
				<frame num='8'>
					<mat>0.535123,0.844667,0.0134288,5.32907e-015,-0.844743,0.535171,6.09823e-009,40.086,-0.00718672,-0.0113439,0.99991,-0.767188,0,0,0,1</mat>
				</frame>
				<frame num='9'>
					<mat>0.535123,0.844667,0.0134288,5.32907e-015,-0.844743,0.535171,6.09823e-009,40.086,-0.00718672,-0.0113439,0.99991,-0.767188,0,0,0,1</mat>
				</frame>
				<frame num='10'>
					<mat>0.535123,0.844667,0.0134288,5.32907e-015,-0.844743,0.535171,6.09823e-009,40.086,-0.00718672,-0.0113439,0.99991,-0.767188,0,0,0,1</mat>
				</frame>
				<frame num='11'>
					<mat>0.535123,0.844667,0.0134288,5.32907e-015,-0.844743,0.535171,6.09823e-009,40.086,-0.00718672,-0.0113439,0.99991,-0.767188,0,0,0,1</mat>
				</frame>
				<frame num='12'>
					<mat>0.535123,0.844667,0.0134288,5.32907e-015,-0.844743,0.535171,6.09823e-009,40.086,-0.00718672,-0.0113439,0.99991,-0.767188,0,0,0,1</mat>
				</frame>
				<frame num='13'>
					<mat>0.535123,0.844667,0.0134288,5.32907e-015,-0.844743,0.535171,6.09823e-009,40.086,-0.00718672,-0.0113439,0.99991,-0.767188,0,0,0,1</mat>
				</frame>
				<frame num='14'>
					<mat>0.535123,0.844667,0.0134288,5.32907e-015,-0.844743,0.535171,6.09823e-009,40.086,-0.00718672,-0.0113439,0.99991,-0.767188,0,0,0,1</mat>
				</frame>
				<frame num='15'>
					<mat>0.535123,0.844667,0.0134288,5.32907e-015,-0.844743,0.535171,6.09823e-009,40.086,-0.00718672,-0.0113439,0.99991,-0.767188,0,0,0,1</mat>
				</frame>
				<frame num='16'>
					<mat>0.535123,0.844667,0.0134288,5.32907e-015,-0.844743,0.535171,6.09823e-009,40.086,-0.00718672,-0.0113439,0.99991,-0.767188,0,0,0,1</mat>
				</frame>
				<frame num='17'>
					<mat>0.535123,0.844667,0.0134288,5.32907e-015,-0.844743,0.535171,6.09823e-009,40.086,-0.00718672,-0.0113439,0.99991,-0.767188,0,0,0,1</mat>
				</frame>
				<frame num='18'>
					<mat>0.535123,0.844667,0.0134288,5.32907e-015,-0.844743,0.535171,6.09823e-009,40.086,-0.00718672,-0.0113439,0.99991,-0.767188,0,0,0,1</mat>
				</frame>
				<frame num='19'>
					<mat>0.535123,0.844667,0.0134288,5.32907e-015,-0.844743,0.535171,6.09823e-009,40.086,-0.00718672,-0.0113439,0.99991,-0.767188,0,0,0,1</mat>
				</frame>
				<frame num='20'>
					<mat>0.535123,0.844667,0.0134288,5.32907e-015,-0.844743,0.535171,6.09823e-009,40.086,-0.00718672,-0.0113439,0.99991,-0.767188,0,0,0,1</mat>
				</frame>
				<frame num='21'>
					<mat>0.535123,0.844667,0.0134288,5.32907e-015,-0.844743,0.535171,6.09823e-009,40.086,-0.00718672,-0.0113439,0.99991,-0.767188,0,0,0,1</mat>
				</frame>
				<frame num='22'>
					<mat>0.535123,0.844667,0.0134288,5.32907e-015,-0.844743,0.535171,6.09823e-009,40.086,-0.00718672,-0.0113439,0.99991,-0.767188,0,0,0,1</mat>
				</frame>
				<frame num='23'>
					<mat>0.535123,0.844667,0.0134288,5.32907e-015,-0.844743,0.535171,6.09823e-009,40.086,-0.00718672,-0.0113439,0.99991,-0.767188,0,0,0,1</mat>
				</frame>
				<frame num='24'>
					<mat>0.535123,0.844667,0.0134288,5.32907e-015,-0.844743,0.535171,6.09823e-009,40.086,-0.00718672,-0.0113439,0.99991,-0.767188,0,0,0,1</mat>
				</frame>
				<frame num='25'>
					<mat>0.535123,0.844667,0.0134288,5.32907e-015,-0.844743,0.535171,6.09823e-009,40.086,-0.00718672,-0.0113439,0.99991,-0.767188,0,0,0,1</mat>
				</frame>
			</track>
			<track id = '1' name='blaze:HipL'>
				<frame num='0'>
					<mat>-1.43179e-007,1.14859e-007,-1,4.49456,-0.999995,0.00329112,1.43556e-007,32.9909,0.00329112,0.999995,1.14387e-007,-0.82755,0,0,0,1</mat>
				</frame>
				<frame num='1'>
					<mat>-1.45044e-007,-1.83956e-008,-1,4.49456,-0.928761,-0.370679,1.4153e-007,32.9909,-0.370679,0.928761,3.66796e-008,-0.82755,0,0,0,1</mat>
				</frame>
				<frame num='2'>
					<mat>-0.000565803,-0.000624598,-1,4.49456,-0.990342,-0.138643,0.000646935,32.9909,-0.138643,0.990342,-0.000540122,-0.82755,0,0,0,1</mat>
				</frame>
				<frame num='3'>
					<mat>-0.0023062,-0.00200318,-0.999995,4.49456,-0.999985,0.00503631,0.00229609,32.9909,0.00503168,0.999985,-0.00201476,-0.82755,0,0,0,1</mat>
				</frame>
				<frame num='4'>
					<mat>-0.00499479,-0.00356202,-0.999981,4.49456,-0.990677,0.136158,0.00446332,32.9909,0.13614,0.990681,-0.00420889,-0.82755,0,0,0,1</mat>
				</frame>
				<frame num='5'>
					<mat>-0.00820602,-0.00500601,-0.999954,4.49456,-0.967952,0.251047,0.00668659,32.9909,0.251002,0.967962,-0.00690567,-0.82755,0,0,0,1</mat>
				</frame>
				<frame num='6'>
					<mat>-0.0114764,-0.00632392,-0.999914,4.49456,-0.939155,0.343387,0.00860734,32.9909,0.343303,0.939173,-0.00987999,-0.82755,0,0,0,1</mat>
				</frame>
				<frame num='7'>
					<mat>-0.0144141,-0.00767181,-0.999867,4.49456,-0.912518,0.408915,0.0100173,32.9909,0.408783,0.91254,-0.0128948,-0.82755,0,0,0,1</mat>
				</frame>
				<frame num='8'>
					<mat>-0.0167401,-0.00918859,-0.999818,4.49456,-0.894531,0.446875,0.0108703,32.9909,0.446693,0.894549,-0.0157002,-0.82755,0,0,0,1</mat>
				</frame>
				<frame num='9'>
					<mat>-0.0182999,-0.0108248,-0.999774,4.49456,-0.887581,0.460515,0.0112602,32.9909,0.460289,0.887586,-0.0180352,-0.82755,0,0,0,1</mat>
				</frame>
				<frame num='10'>
					<mat>-0.0190986,-0.0122426,-0.999743,4.49456,-0.888764,0.458225,0.0113672,32.9909,0.457967,0.888752,-0.0196322,-0.82755,0,0,0,1</mat>
				</frame>
				<frame num='11'>
					<mat>-0.0193187,-0.0128513,-0.999731,4.49456,-0.890821,0.454211,0.0113754,32.9909,0.453943,0.890801,-0.020223,-0.82755,0,0,0,1</mat>
				</frame>
				<frame num='12'>
					<mat>-0.0190477,-0.0123704,-0.999742,4.49456,-0.892579,0.450746,0.0114286,32.9909,0.450488,0.892567,-0.0196272,-0.82755,0,0,0,1</mat>
				</frame>
				<frame num='13'>
					<mat>-0.0181266,-0.0112846,-0.999772,4.49456,-0.901328,0.432985,0.0114546,32.9909,0.432757,0.90133,-0.0180197,-0.82755,0,0,0,1</mat>
				</frame>
				<frame num='14'>
					<mat>-0.0163999,-0.010095,-0.999815,4.49456,-0.921309,0.388671,0.0111878,32.9909,0.388486,0.921321,-0.0156748,-0.82755,0,0,0,1</mat>
				</frame>
				<frame num='15'>
					<mat>-0.0138713,-0.00900343,-0.999863,4.49456,-0.950519,0.310494,0.0103909,32.9909,0.310358,0.950533,-0.0128649,-0.82755,0,0,0,1</mat>
				</frame>
				<frame num='16'>
					<mat>-0.0107217,-0.00789244,-0.999911,4.49456,-0.980306,0.197284,0.00895431,32.9909,0.197195,0.980315,-0.00985223,-0.82755,0,0,0,1</mat>
				</frame>
				<frame num='17'>
					<mat>-0.00730125,-0.00650633,-0.999952,4.49456,-0.998563,0.0531415,0.00694533,32.9909,0.0530938,0.998566,-0.00688498,-0.82755,0,0,0,1</mat>
				</frame>
				<frame num='18'>
					<mat>-0.0040895,-0.00470806,-0.999981,4.49456,-0.993115,-0.117051,0.00461252,32.9909,-0.117071,0.993115,-0.00419696,-0.82755,0,0,0,1</mat>
				</frame>
				<frame num='19'>
					<mat>-0.00153414,-0.00268877,-0.999995,4.49456,-0.940876,-0.338743,0.00235425,32.9909,-0.338748,0.940875,-0.00201011,-0.82755,0,0,0,1</mat>
				</frame>
				<frame num='20'>
					<mat>-0.000410711,-0.000743649,-1,4.49456,-0.929291,-0.369349,0.000656336,32.9909,-0.369349,0.929291,-0.000539371,-0.82755,0,0,0,1</mat>
				</frame>
				<frame num='21'>
					<mat>-1.45044e-007,-1.83956e-008,-1,4.49456,-0.928761,-0.370679,1.4153e-007,32.9909,-0.370679,0.928761,3.66796e-008,-0.82755,0,0,0,1</mat>
				</frame>
				<frame num='22'>
					<mat>-1.41905e-007,4.96133e-008,-1,4.49456,-0.999488,-0.0320092,1.40244e-007,32.9909,-0.0320092,0.999488,5.41302e-008,-0.82755,0,0,0,1</mat>
				</frame>
				<frame num='23'>
					<mat>-1.37427e-007,9.28579e-008,-1,4.49456,-0.995767,0.0919185,1.45381e-007,32.9909,0.0919185,0.995767,7.98327e-008,-0.82755,0,0,0,1</mat>
				</frame>
				<frame num='24'>
					<mat>-1.43179e-007,1.14859e-007,-1,4.49456,-0.999995,0.00329112,1.43556e-007,32.9909,0.00329112,0.999995,1.14387e-007,-0.82755,0,0,0,1</mat>
				</frame>
				<frame num='25'>
					<mat>-1.4925e-007,7.86434e-008,-1,4.49456,-0.98028,-0.197616,1.30765e-007,32.9909,-0.197616,0.98028,1.06587e-007,-0.82755,0,0,0,1</mat>
				</frame>
			</track>
			<track id = '2' name='blaze:KneeL'>
				<frame num='0'>
					<mat>-1.57897e-007,-9.36096e-008,1,4.49456,-0.990543,0.137202,-1.43561e-007,18.5957,-0.137202,-0.990543,-1.14388e-007,-0.780174,0,0,0,1</mat>
				</frame>
				<frame num='1'>
					<mat>-1.45062e-007,1.83961e-008,1,4.49456,-0.92876,0.370682,-1.41547e-007,19.6211,-0.370682,-0.92876,-3.66864e-008,-6.16356,0,0,0,1</mat>
				</frame>
				<frame num='2'>
					<mat>-0.00028742,0.000792241,1,4.48642,-0.864263,0.503039,-0.000646935,18.7347,-0.503039,-0.864263,0.000540122,-2.82335,0,0,0,1</mat>
				</frame>
				<frame num='3'>
					<mat>-0.000895832,0.00292041,0.999995,4.46136,-0.850989,0.525179,-0.00229609,18.5959,-0.525183,-0.850987,0.00201476,-0.755118,0,0,0,1</mat>
				</frame>
				<frame num='4'>
					<mat>-0.001689,0.00589773,0.999981,4.42266,-0.859851,0.510525,-0.00446332,18.7298,-0.510542,-0.859843,0.00420889,1.13221,0,0,0,1</mat>
				</frame>
				<frame num='5'>
					<mat>-0.00269684,0.00922637,0.999954,4.37643,-0.884709,0.466095,-0.00668659,19.057,-0.466135,-0.884687,0.00690567,2.78569,0,0,0,1</mat>
				</frame>
				<frame num='6'>
					<mat>-0.0039809,0.0124841,0.999914,4.32935,-0.917906,0.396705,-0.00860734,19.4715,-0.396778,-0.917861,0.00987999,4.11438,0,0,0,1</mat>
				</frame>
				<frame num='7'>
					<mat>-0.00554303,0.0153589,0.999867,4.28707,-0.951043,0.308896,-0.0100173,19.855,-0.309009,-0.950972,0.0128948,5.05699,0,0,0,1</mat>
				</frame>
				<frame num='8'>
					<mat>-0.00729055,0.0176496,0.999818,4.25358,-0.977179,0.21214,-0.0108703,20.1139,-0.212294,-0.97708,0.0157002,5.60271,0,0,0,1</mat>
				</frame>
				<frame num='9'>
					<mat>-0.00902692,0.0192504,0.999774,4.23113,-0.9928,0.119257,-0.0112602,20.2139,-0.119447,-0.992677,0.0180352,5.79842,0,0,0,1</mat>
				</frame>
				<frame num='10'>
					<mat>-0.0104223,0.0201497,0.999743,4.21963,-0.998813,0.0473643,-0.0113672,20.1969,-0.0475811,-0.998674,0.0196322,5.76501,0,0,0,1</mat>
				</frame>
				<frame num='11'>
					<mat>-0.0109982,0.0204306,0.999731,4.21646,-0.999765,0.0184388,-0.0113754,20.1673,-0.0186662,-0.999621,0.020223,5.70707,0,0,0,1</mat>
				</frame>
				<frame num='12'>
					<mat>-0.0104648,0.0201576,0.999742,4.22036,-0.998767,0.0483092,-0.0114286,20.142,-0.0485271,-0.998629,0.0196272,5.65734,0,0,0,1</mat>
				</frame>
				<frame num='13'>
					<mat>-0.00917172,0.019282,0.999772,4.23362,-0.992484,0.121834,-0.0114546,20.016,-0.122027,-0.992363,0.0180197,5.4021,0,0,0,1</mat>
				</frame>
				<frame num='14'>
					<mat>-0.00757482,0.0177056,0.999815,4.25848,-0.976799,0.213868,-0.0111878,19.7284,-0.214026,-0.976702,0.0156748,4.76481,0,0,0,1</mat>
				</frame>
				<frame num='15'>
					<mat>-0.00599655,0.0154116,0.999863,4.29488,-0.952806,0.303401,-0.0103909,19.3079,-0.303519,-0.952738,0.0128649,3.64013,0,0,0,1</mat>
				</frame>
				<frame num='16'>
					<mat>-0.00461154,0.0124892,0.999911,4.34022,-0.927162,0.374553,-0.00895431,18.8791,-0.374632,-0.927121,0.00985223,2.01113,0,0,0,1</mat>
				</frame>
				<frame num='17'>
					<mat>-0.00345287,0.00914977,0.999952,4.38946,-0.909406,0.415851,-0.00694533,18.6163,-0.415895,-0.909387,0.00688498,-0.063251,0,0,0,1</mat>
				</frame>
				<frame num='18'>
					<mat>-0.00244547,0.00573668,0.999981,4.43569,-0.909137,0.416472,-0.00461252,18.6947,-0.41649,-0.909131,0.00419696,-2.51281,0,0,0,1</mat>
				</frame>
				<frame num='19'>
					<mat>-0.00153413,0.00268877,0.999995,4.47248,-0.940875,0.338747,-0.00235425,19.4467,-0.338751,-0.940874,0.00201011,-5.70392,0,0,0,1</mat>
				</frame>
				<frame num='20'>
					<mat>-0.000410709,0.000743651,1,4.48865,-0.929289,0.369352,-0.000656336,19.6135,-0.369352,-0.929289,0.000539371,-6.14443,0,0,0,1</mat>
				</frame>
				<frame num='21'>
					<mat>-1.45062e-007,1.83961e-008,1,4.49456,-0.92876,0.370682,-1.41547e-007,19.6211,-0.370682,-0.92876,-3.66864e-008,-6.16356,0,0,0,1</mat>
				</frame>
				<frame num='22'>
					<mat>-1.49864e-007,1.18039e-008,1,4.49456,-0.901767,0.432223,-1.40244e-007,18.603,-0.432223,-0.901767,-5.41302e-008,-1.28833,0,0,0,1</mat>
				</frame>
				<frame num='23'>
					<mat>-1.59365e-007,-4.59502e-008,1,4.49456,-0.975579,0.21965,-1.45381e-007,18.6566,-0.21965,-0.975579,-7.98327e-008,0.495641,0,0,0,1</mat>
				</frame>
				<frame num='24'>
					<mat>-1.57897e-007,-9.36096e-008,1,4.49456,-0.990543,0.137202,-1.43561e-007,18.5957,-0.137202,-0.990543,-1.14388e-007,-0.780174,0,0,0,1</mat>
				</frame>
				<frame num='25'>
					<mat>-1.52796e-007,-7.154e-008,1,4.49456,-0.969905,0.243482,-1.30779e-007,18.8795,-0.243482,-0.969905,-1.0659e-007,-3.67228,0,0,0,1</mat>
				</frame>
			</track>
			<track id = '3' name='blaze:HeelL'>
				<frame num='0'>
					<mat>9.77406e-008,1.55374e-007,-1,4.49456,-0.111035,0.993816,1.43561e-007,1.5311,0.993816,0.111035,1.14388e-007,-3.14382,0,0,0,1</mat>
				</frame>
				<frame num='1'>
					<mat>0.109693,0.016104,-0.993835,4.49456,-0.350762,0.936169,-0.0235452,3.62089,0.930018,0.351183,0.10834,-12.5495,0,0,0,1</mat>
				</frame>
				<frame num='2'>
					<mat>0.108993,0.0158343,-0.993916,4.48146,-0.481885,0.875371,-0.038898,3.84553,0.869429,0.483193,0.10304,-11.4895,0,0,0,1</mat>
				</frame>
				<frame num='3'>
					<mat>0.107117,0.0149452,-0.994134,4.44593,-0.499774,0.865193,-0.0408436,3.93542,0.859507,0.501217,0.100146,-9.80274,0,0,0,1</mat>
				</frame>
				<frame num='4'>
					<mat>0.10452,0.0135655,-0.99443,4.39356,-0.478393,0.87731,-0.0383138,3.91672,0.871904,0.479733,0.0981859,-7.66317,0,0,0,1</mat>
				</frame>
				<frame num='5'>
					<mat>0.10167,0.0119821,-0.994746,4.32997,-0.425116,0.904553,-0.0325543,3.81561,0.899411,0.426192,0.09706,-5.24467,0,0,0,1</mat>
				</frame>
				<frame num='6'>
					<mat>0.0989663,0.0104947,-0.995035,4.26077,-0.345347,0.938156,-0.0244535,3.65826,0.933242,0.346053,0.0964702,-2.72114,0,0,0,1</mat>
				</frame>
				<frame num='7'>
					<mat>0.0966905,0.00932371,-0.995271,4.19157,-0.246627,0.968996,-0.0148822,3.47084,0.964275,0.2469,0.0959922,-0.266476,0,0,0,1</mat>
				</frame>
				<frame num='8'>
					<mat>0.0950026,0.00858168,-0.99544,4.12799,-0.139744,0.990176,-0.0048006,3.27951,0.98562,0.139563,0.0952685,1.94542,0,0,0,1</mat>
				</frame>
				<frame num='9'>
					<mat>0.0939475,0.00827316,-0.995543,4.07562,-0.0388215,0.999235,0.00464034,3.11045,0.99482,0.0382125,0.0941969,3.74064,0,0,0,1</mat>
				</frame>
				<frame num='10'>
					<mat>0.0934523,0.00827629,-0.995589,4.04008,0.0381279,0.999202,0.0118852,2.98982,0.994893,-0.0390704,0.0930622,4.9453,0,0,0,1</mat>
				</frame>
				<frame num='11'>
					<mat>0.0933293,0.00833659,-0.9956,4.02699,0.0687814,0.997522,0.0148004,2.9438,0.993257,-0.0698601,0.0925246,5.3855,0,0,0,1</mat>
				</frame>
				<frame num='12'>
					<mat>0.0934481,0.00831932,-0.995589,4.04008,0.0371816,0.999238,0.0118398,2.93569,0.99493,-0.038124,0.0930676,4.82134,0,0,0,1</mat>
				</frame>
				<frame num='13'>
					<mat>0.0939277,0.00842005,-0.995543,4.07562,-0.0414203,0.999132,0.00454247,2.91798,0.994717,0.040809,0.0941949,3.29988,0,0,0,1</mat>
				</frame>
				<frame num='14'>
					<mat>0.0949676,0.00886931,-0.995441,4.12799,-0.141519,0.989924,-0.00468117,2.90058,0.98537,0.141319,0.095266,1.07767,0,0,0,1</mat>
				</frame>
				<frame num='15'>
					<mat>0.0966669,0.00977968,-0.995269,4.19157,-0.241106,0.970399,-0.0138825,2.89343,0.965672,0.241307,0.0961635,-1.58876,0,0,0,1</mat>
				</frame>
				<frame num='16'>
					<mat>0.0989949,0.0111246,-0.995026,4.26077,-0.322907,0.946185,-0.0215473,2.90642,0.941239,0.323434,0.0972597,-4.44286,0,0,0,1</mat>
				</frame>
				<frame num='17'>
					<mat>0.101779,0.0127339,-0.994726,4.32997,-0.374185,0.926978,-0.0264195,2.94949,0.921752,0.374901,0.0991118,-7.22809,0,0,0,1</mat>
				</frame>
				<frame num='18'>
					<mat>0.104705,0.0143157,-0.9944,4.39356,-0.38331,0.923223,-0.0270696,3.03255,0.917666,0.383998,0.102154,-9.68792,0,0,0,1</mat>
				</frame>
				<frame num='19'>
					<mat>0.107364,0.0155767,-0.994098,4.44605,-0.312189,0.949833,-0.0188338,3.23779,0.943934,0.312368,0.106841,-11.5398,0,0,0,1</mat>
				</frame>
				<frame num='20'>
					<mat>0.109044,0.0159564,-0.993909,4.48157,-0.347677,0.93733,-0.0230964,3.60415,0.931252,0.348078,0.107758,-12.5075,0,0,0,1</mat>
				</frame>
				<frame num='21'>
					<mat>0.109693,0.016104,-0.993835,4.49456,-0.350762,0.936169,-0.0235452,3.62089,0.930018,0.351183,0.10834,-12.5495,0,0,0,1</mat>
				</frame>
				<frame num='22'>
					<mat>0.0872459,0.0119559,-0.996115,4.49456,-0.418551,0.907828,-0.0257631,3.06779,0.903993,0.419173,0.0842084,-8.73446,0,0,0,1</mat>
				</frame>
				<frame num='23'>
					<mat>0.0403634,0.00419734,-0.999176,4.49456,-0.210475,0.977589,-0.00439584,1.84976,0.976766,0.210479,0.0403423,-3.28839,0,0,0,1</mat>
				</frame>
				<frame num='24'>
					<mat>9.77406e-008,1.55374e-007,-1,4.49456,-0.111035,0.993816,1.43561e-007,1.5311,0.993816,0.111035,1.14388e-007,-3.14382,0,0,0,1</mat>
				</frame>
				<frame num='25'>
					<mat>7.55441e-008,1.50856e-007,-1,4.49456,-0.217822,0.975988,1.30779e-007,2.17044,0.975988,0.217822,1.0659e-007,-7.86688,0,0,0,1</mat>
				</frame>
			</track>
			<track id = '4' name='blaze:FootL'>
				<frame num='0'>
					<mat>1,1.40128e-007,1.18568e-007,4.49456,-1.43561e-007,0.999566,0.0294617,0.613,-1.14388e-007,-0.0294617,0.999566,5.07358,0,0,0,1</mat>
				</frame>
				<frame num='1'>
					<mat>0.993835,0.000558634,0.110867,5.40156,0.0235452,0.976113,-0.215982,0.720604,-0.10834,0.217261,0.970083,-4.85962,0,0,0,1</mat>
				</frame>
				<frame num='2'>
					<mat>0.993916,0.000389665,0.110137,5.38268,0.038898,0.934309,-0.354336,-0.138951,-0.10304,0.356465,0.928609,-4.30058,0,0,0,1</mat>
				</frame>
				<frame num='3'>
					<mat>0.994134,-0.000227533,0.108155,5.33163,0.0408436,0.92674,-0.373475,-0.196973,-0.100146,0.375702,0.921314,-2.69588,0,0,0,1</mat>
				</frame>
				<frame num='4'>
					<mat>0.99443,-0.00122921,0.105389,5.25779,0.0383138,0.935739,-0.350606,-0.0388819,-0.0981859,0.352692,0.930574,-0.453805,0,0,0,1</mat>
				</frame>
				<frame num='5'>
					<mat>0.994746,-0.00239728,0.102346,5.17064,0.0325543,0.95524,-0.294035,0.30053,-0.09706,0.295822,0.950299,2.19214,0,0,0,1</mat>
				</frame>
				<frame num='6'>
					<mat>0.995035,-0.00349069,0.09946,5.07908,0.0244535,0.977322,-0.210342,0.80275,-0.0964702,0.21173,0.972555,4.9954,0,0,0,1</mat>
				</frame>
				<frame num='7'>
					<mat>0.995271,-0.00433086,0.0970424,4.99106,0.0148822,0.99401,-0.108272,1.4316,-0.0959922,0.109204,0.989374,7.70666,0,0,0,1</mat>
				</frame>
				<frame num='8'>
					<mat>0.99544,-0.0048288,0.0952671,4.91352,0.0048006,0.999988,0.000525227,2.12403,-0.0952685,-6.54932e-005,0.995452,10.095,0,0,0,1</mat>
				</frame>
				<frame num='9'>
					<mat>0.995543,-0.00498628,0.0941792,4.85243,-0.00464034,0.994802,0.101721,2.78945,-0.0941969,-0.101705,0.990345,11.9663,0,0,0,1</mat>
				</frame>
				<frame num='10'>
					<mat>0.995589,-0.00491373,0.0936893,4.8128,-0.0118852,0.983976,0.177905,3.30508,-0.0930622,-0.178234,0.979577,13.1716,0,0,0,1</mat>
				</frame>
				<frame num='11'>
					<mat>0.9956,-0.00483677,0.093576,4.79869,-0.0148004,0.978013,0.20802,3.51252,-0.0925246,-0.20849,0.973638,13.5983,0,0,0,1</mat>
				</frame>
				<frame num='12'>
					<mat>0.995589,-0.00487053,0.0936911,4.81276,-0.0118398,0.984144,0.176973,3.24313,-0.0930676,-0.177302,0.979746,13.0479,0,0,0,1</mat>
				</frame>
				<frame num='13'>
					<mat>0.995543,-0.00483807,0.0941802,4.85226,-0.00454247,0.995064,0.0991335,2.57549,-0.0941949,-0.0991195,0.990607,11.5247,0,0,0,1</mat>
				</frame>
				<frame num='14'>
					<mat>0.995441,-0.00453912,0.0952728,4.91323,0.00468117,0.999988,-0.00126753,1.73043,-0.095266,0.00170774,0.99545,9.22522,0,0,0,1</mat>
				</frame>
				<frame num='15'>
					<mat>0.995269,-0.0038761,0.097083,4.99087,0.0138825,0.994625,-0.102608,0.899834,-0.0961635,0.103471,0.989973,6.39593,0,0,0,1</mat>
				</frame>
				<frame num='16'>
					<mat>0.995026,-0.00287097,0.0995766,5.07932,0.0215473,0.982124,-0.186997,0.23646,-0.0972597,0.188212,0.977301,3.3398,0,0,0,1</mat>
				</frame>
				<frame num='17'>
					<mat>0.994726,-0.00166816,0.102559,5.17154,0.0264195,0.970299,-0.240462,-0.144467,-0.0991118,0.241904,0.965225,0.393439,0,0,0,1</mat>
				</frame>
				<frame num='18'>
					<mat>0.9944,-0.000512445,0.105678,5.25932,0.0270696,0.967861,-0.250024,-0.136857,-0.102154,0.251485,0.962455,-2.10017,0,0,0,1</mat>
				</frame>
				<frame num='19'>
					<mat>0.994098,0.000363121,0.108488,5.33379,0.0188338,0.984233,-0.175873,0.656448,-0.106841,0.176878,0.978417,-3.73482,0,0,0,1</mat>
				</frame>
				<frame num='20'>
					<mat>0.993909,0.000503459,0.110204,5.38321,0.0230964,0.976831,-0.212764,0.729374,-0.107758,0.214013,0.970869,-4.80738,0,0,0,1</mat>
				</frame>
				<frame num='21'>
					<mat>0.993835,0.000558634,0.110867,5.40156,0.0235452,0.976113,-0.215982,0.720604,-0.10834,0.217261,0.970083,-4.85962,0,0,0,1</mat>
				</frame>
				<frame num='22'>
					<mat>0.996115,-0.000399977,0.0880604,5.21595,0.0257631,0.957561,-0.287076,-0.393014,-0.0842084,0.288229,0.953852,-1.25977,0,0,0,1</mat>
				</frame>
				<frame num='23'>
					<mat>0.999176,-0.00150578,0.0405531,4.8283,0.00439584,0.997447,-0.0712714,0.109443,-0.0403423,0.0713909,0.996632,4.78802,0,0,0,1</mat>
				</frame>
				<frame num='24'>
					<mat>1,1.40128e-007,1.18568e-007,4.49456,-1.43561e-007,0.999566,0.0294617,0.613,-1.14388e-007,-0.0294617,0.999566,5.07358,0,0,0,1</mat>
				</frame>
				<frame num='25'>
					<mat>1,1.38769e-007,9.59573e-008,4.49456,-1.30779e-007,0.996893,-0.0787707,0.369366,-1.0659e-007,0.0787707,0.996893,0.20311,0,0,0,1</mat>
				</frame>
			</track>
			<track id = '5' name='blaze:HipR'>
				<frame num='0'>
					<mat>-7.1637e-007,-1.45326e-007,-1,-4.49455,0.999977,-0.00674116,-7.15374e-007,32.9909,-0.00674116,-0.999977,1.50152e-007,-0.82755,0,0,0,1</mat>
				</frame>
				<frame num='1'>
					<mat>-7.5786e-007,-7.79809e-008,-1,-4.49455,0.911812,-0.410608,-6.59006e-007,32.9909,-0.410608,-0.911812,3.82287e-007,-0.82755,0,0,0,1</mat>
				</frame>
				<frame num='2'>
					<mat>-7.703e-007,-5.57e-008,-1,-4.49455,0.906326,-0.422579,-6.74606e-007,32.9909,-0.422579,-0.906326,3.75995e-007,-0.82755,0,0,0,1</mat>
				</frame>
				<frame num='3'>
					<mat>-7.82593e-007,-4.1261e-008,-1,-4.49455,0.910559,-0.41338,-6.9554e-007,32.9909,-0.41338,-0.910559,3.61078e-007,-0.82755,0,0,0,1</mat>
				</frame>
				<frame num='4'>
					<mat>-7.93417e-007,-4.13426e-008,-1,-4.49455,0.925083,-0.379765,-7.18277e-007,32.9909,-0.379765,-0.925083,3.39557e-007,-0.82755,0,0,0,1</mat>
				</frame>
				<frame num='5'>
					<mat>-8.00952e-007,-5.90634e-008,-1,-4.49455,0.947032,-0.32114,-7.39559e-007,32.9909,-0.32114,-0.947032,3.13153e-007,-0.82755,0,0,0,1</mat>
				</frame>
				<frame num='6'>
					<mat>-8.0346e-007,-9.64539e-008,-1,-4.49455,0.970955,-0.239261,-7.57046e-007,32.9909,-0.239261,-0.970955,2.85889e-007,-0.82755,0,0,0,1</mat>
				</frame>
				<frame num='7'>
					<mat>-7.97936e-007,-1.49776e-007,-1,-4.49455,0.990389,-0.138311,-7.69551e-007,32.9909,-0.138311,-0.990389,2.58701e-007,-0.82755,0,0,0,1</mat>
				</frame>
				<frame num='8'>
					<mat>-7.82765e-007,-2.15482e-007,-1,-4.49455,0.999696,-0.0246612,-7.77213e-007,32.9909,-0.0246612,-0.999696,2.3472e-007,-0.82755,0,0,0,1</mat>
				</frame>
				<frame num='9'>
					<mat>-7.56972e-007,-2.86287e-007,-1,-4.49455,0.995584,0.0938719,-7.80504e-007,32.9909,0.0938719,-0.995584,2.13965e-007,-0.82755,0,0,0,1</mat>
				</frame>
				<frame num='10'>
					<mat>-7.22316e-007,-3.59448e-007,-1,-4.49455,0.977936,0.208904,-7.81469e-007,32.9909,0.208904,-0.977936,2.00623e-007,-0.82755,0,0,0,1</mat>
				</frame>
				<frame num='11'>
					<mat>-6.81561e-007,-4.29544e-007,-1,-4.49455,0.950062,0.312063,-7.81569e-007,32.9909,0.312063,-0.950062,1.95404e-007,-0.82755,0,0,0,1</mat>
				</frame>
				<frame num='12'>
					<mat>-7.24371e-007,-3.51957e-007,-1,-4.49455,0.979923,0.199375,-7.79999e-007,32.9909,0.199375,-0.979923,2.00469e-007,-0.82755,0,0,0,1</mat>
				</frame>
				<frame num='13'>
					<mat>-7.58004e-007,-2.70086e-007,-1,-4.49455,0.997398,0.0720869,-7.75501e-007,32.9909,0.0720869,-0.997398,2.14741e-007,-0.82755,0,0,0,1</mat>
				</frame>
				<frame num='14'>
					<mat>-7.7857e-007,-1.91468e-007,-1,-4.49455,0.998394,-0.0566451,-7.66474e-007,32.9909,-0.0566451,-0.998394,2.35263e-007,-0.82755,0,0,0,1</mat>
				</frame>
				<frame num='15'>
					<mat>-7.86018e-007,-1.25087e-007,-1,-4.49455,0.984711,-0.174194,-7.52212e-007,32.9909,-0.174194,-0.984711,2.60094e-007,-0.82755,0,0,0,1</mat>
				</frame>
				<frame num='16'>
					<mat>-7.83608e-007,-7.97844e-008,-1,-4.49455,0.962849,-0.270041,-7.32951e-007,32.9909,-0.270041,-0.962849,2.88427e-007,-0.82755,0,0,0,1</mat>
				</frame>
				<frame num='17'>
					<mat>-7.75001e-007,-5.77651e-008,-1,-4.49455,0.941307,-0.33755,-7.10016e-007,32.9909,-0.33755,-0.941307,3.15977e-007,-0.82755,0,0,0,1</mat>
				</frame>
				<frame num='18'>
					<mat>-7.64598e-007,-5.92251e-008,-1,-4.49455,0.926888,-0.375339,-6.86467e-007,32.9909,-0.375339,-0.926888,3.41879e-007,-0.82755,0,0,0,1</mat>
				</frame>
				<frame num='19'>
					<mat>-7.55483e-007,-7.53863e-008,-1,-4.49455,0.921201,-0.389087,-6.6662e-007,32.9909,-0.389087,-0.921201,3.63394e-007,-0.82755,0,0,0,1</mat>
				</frame>
				<frame num='20'>
					<mat>-7.51479e-007,-8.76134e-008,-1,-4.49455,0.918769,-0.394796,-6.55846e-007,32.9909,-0.394796,-0.918769,3.77177e-007,-0.82755,0,0,0,1</mat>
				</frame>
				<frame num='21'>
					<mat>-7.5786e-007,-7.79809e-008,-1,-4.49455,0.911812,-0.410608,-6.59006e-007,32.9909,-0.410608,-0.911812,3.82287e-007,-0.82755,0,0,0,1</mat>
				</frame>
				<frame num='22'>
					<mat>-7.61952e-007,-7.08727e-008,-1,-4.49455,0.942985,-0.332835,-6.9492e-007,32.9909,-0.332835,-0.942985,3.20436e-007,-0.82755,0,0,0,1</mat>
				</frame>
				<frame num='23'>
					<mat>-7.31364e-007,-1.53998e-007,-1,-4.49455,0.997164,-0.0752587,-7.177e-007,32.9909,-0.0752587,-0.997164,2.08603e-007,-0.82755,0,0,0,1</mat>
				</frame>
				<frame num='24'>
					<mat>-7.1637e-007,-1.45326e-007,-1,-4.49455,0.999977,-0.00674116,-7.15374e-007,32.9909,-0.00674116,-0.999977,1.50152e-007,-0.82755,0,0,0,1</mat>
				</frame>
				<frame num='25'>
					<mat>-7.1637e-007,-1.45326e-007,-1,-4.49455,0.999977,-0.00674116,-7.15374e-007,32.9909,-0.00674116,-0.999977,1.50152e-007,-0.82755,0,0,0,1</mat>
				</frame>
			</track>
			<track id = '6' name='blaze:KneeR'>
				<frame num='0'>
					<mat>-6.87047e-007,2.49539e-007,1,-4.49454,0.990006,-0.141028,7.15373e-007,18.596,0.141028,0.990006,-1.50152e-007,-0.73051,0,0,0,1</mat>
				</frame>
				<frame num='1'>
					<mat>-6.61149e-007,3.78569e-007,1,-4.49454,0.999984,0.00563316,6.59006e-007,19.8651,-0.00563316,0.999984,-3.82287e-007,5.08326,0,0,0,1</mat>
				</frame>
				<frame num='2'>
					<mat>-6.49835e-007,4.17348e-007,1,-4.49454,0.998052,-0.0623846,6.74606e-007,19.9441,0.0623846,0.998052,-3.75995e-007,5.2556,0,0,0,1</mat>
				</frame>
				<frame num='3'>
					<mat>-6.36561e-007,4.57104e-007,1,-4.49454,0.989661,-0.143426,6.9554e-007,19.8832,0.143426,0.989661,-3.61078e-007,5.12317,0,0,0,1</mat>
				</frame>
				<frame num='4'>
					<mat>-6.22898e-007,4.93172e-007,1,-4.49454,0.974102,-0.226108,7.18277e-007,19.6741,0.226108,0.974102,-3.39557e-007,4.63927,0,0,0,1</mat>
				</frame>
				<frame num='5'>
					<mat>-6.1086e-007,5.21404e-007,1,-4.49454,0.953542,-0.301261,7.39559e-007,19.3582,0.301261,0.953542,-3.13153e-007,3.79535,0,0,0,1</mat>
				</frame>
				<frame num='6'>
					<mat>-6.02397e-007,5.40342e-007,1,-4.49454,0.932303,-0.361678,7.57046e-007,19.0138,0.361678,0.932303,-2.85889e-007,2.61667,0,0,0,1</mat>
				</frame>
				<frame num='7'>
					<mat>-6.00524e-007,5.46356e-007,1,-4.49454,0.915559,-0.402184,7.69551e-007,18.734,0.402184,0.915559,-2.58701e-007,1.16348,0,0,0,1</mat>
				</frame>
				<frame num='8'>
					<mat>-6.07097e-007,5.39061e-007,1,-4.49454,0.907789,-0.419427,7.77213e-007,18.6,0.419427,0.907789,-2.3472e-007,-0.472545,0,0,0,1</mat>
				</frame>
				<frame num='9'>
					<mat>-6.23443e-007,5.16029e-007,1,-4.49454,0.911514,-0.411269,7.80504e-007,18.6592,0.411269,0.911514,-2.13965e-007,-2.17886,0,0,0,1</mat>
				</frame>
				<frame num='10'>
					<mat>-6.48668e-007,4.79762e-007,1,-4.49454,0.926603,-0.376041,7.81468e-007,18.9133,0.376041,0.926603,-2.00623e-007,-3.83478,0,0,0,1</mat>
				</frame>
				<frame num='11'>
					<mat>-6.81552e-007,4.29547e-007,1,-4.49454,0.95006,-0.312066,7.81563e-007,19.3145,0.312066,0.95006,-1.95406e-007,-5.31978,0,0,0,1</mat>
				</frame>
				<frame num='12'>
					<mat>-6.46949e-007,4.79628e-007,1,-4.49454,0.926277,-0.376844,7.79999e-007,18.8847,0.376844,0.926277,-2.00469e-007,-3.69761,0,0,0,1</mat>
				</frame>
				<frame num='13'>
					<mat>-6.22629e-007,5.09754e-007,1,-4.49454,0.914749,-0.404022,7.75501e-007,18.6331,0.404022,0.914749,-2.14741e-007,-1.86526,0,0,0,1</mat>
				</frame>
				<frame num='14'>
					<mat>-6.10624e-007,5.19586e-007,1,-4.49454,0.91823,-0.396047,7.66474e-007,18.6188,0.396047,0.91823,-2.35263e-007,-0.0121286,0,0,0,1</mat>
				</frame>
				<frame num='15'>
					<mat>-6.10438e-007,5.10721e-007,1,-4.49454,0.934556,-0.355815,7.52212e-007,18.8157,0.355815,0.934556,-2.60094e-007,1.68002,0,0,0,1</mat>
				</frame>
				<frame num='16'>
					<mat>-6.18839e-007,4.87284e-007,1,-4.49454,0.957636,-0.287982,7.32951e-007,19.1305,0.287982,0.957636,-2.88427e-007,3.05976,0,0,0,1</mat>
				</frame>
				<frame num='17'>
					<mat>-6.32269e-007,4.51884e-007,1,-4.49454,0.979705,-0.200446,7.10016e-007,19.4406,0.200446,0.979705,-3.15977e-007,4.03158,0,0,0,1</mat>
				</frame>
				<frame num='18'>
					<mat>-6.46569e-007,4.12391e-007,1,-4.49454,0.99442,-0.105497,6.86467e-007,19.6481,0.105497,0.99442,-3.41879e-007,4.57556,0,0,0,1</mat>
				</frame>
				<frame num='19'>
					<mat>-6.58719e-007,3.77528e-007,1,-4.49454,0.999773,-0.0213252,6.6662e-007,19.73,0.0213252,0.999773,-3.63394e-007,4.77346,0,0,0,1</mat>
				</frame>
				<frame num='20'>
					<mat>-6.65162e-007,3.60495e-007,1,-4.49454,0.999681,0.0252529,6.55846e-007,19.765,-0.0252529,0.999681,-3.77177e-007,4.85564,0,0,0,1</mat>
				</frame>
				<frame num='21'>
					<mat>-6.61149e-007,3.78569e-007,1,-4.49454,0.999984,0.00563316,6.59006e-007,19.8651,-0.00563316,0.999984,-3.82287e-007,5.08326,0,0,0,1</mat>
				</frame>
				<frame num='22'>
					<mat>-6.5577e-007,3.94409e-007,1,-4.49454,0.994019,-0.109207,6.9492e-007,19.4164,0.109207,0.994019,-3.20436e-007,3.9637,0,0,0,1</mat>
				</frame>
				<frame num='23'>
					<mat>-6.76732e-007,3.17242e-007,1,-4.49454,0.987934,-0.154878,7.177e-007,18.6365,0.154878,0.987934,-2.08603e-007,0.255819,0,0,0,1</mat>
				</frame>
				<frame num='24'>
					<mat>-6.87047e-007,2.49539e-007,1,-4.49454,0.990006,-0.141028,7.15373e-007,18.596,0.141028,0.990006,-1.50152e-007,-0.73051,0,0,0,1</mat>
				</frame>
				<frame num='25'>
					<mat>-6.87047e-007,2.49539e-007,1,-4.49454,0.990006,-0.141028,7.15373e-007,18.596,0.141028,0.990006,-1.50152e-007,-0.73051,0,0,0,1</mat>
				</frame>
			</track>
			<track id = '7' name='blaze:HeelR'>
				<frame num='0'>
					<mat>-2.31336e-007,7.19198e-007,-1,-4.49453,0.114873,-0.99338,-7.41011e-007,1.5406,-0.99338,-0.114873,1.47188e-007,-3.16006,0,0,0,1</mat>
				</frame>
				<frame num='1'>
					<mat>0.168309,-0.0258905,-0.985394,-4.49453,-0.18313,-0.983074,-0.00544981,2.63786,-0.968574,0.181373,-0.170201,5.18032,0,0,0,1</mat>
				</frame>
				<frame num='2'>
					<mat>0.186392,-0.0210634,-0.98225,-4.49453,-0.117195,-0.993108,-0.000942694,2.75011,-0.975461,0.115291,-0.187576,4.18087,0,0,0,1</mat>
				</frame>
				<frame num='3'>
					<mat>0.200268,-0.00816871,-0.979707,-4.49453,-0.0316001,-0.999499,0.00187416,2.83374,-0.979231,0.0305835,-0.200426,2.65229,0,0,0,1</mat>
				</frame>
				<frame num='4'>
					<mat>0.210498,0.010726,-0.977535,-4.49453,0.0613119,-0.998116,0.00225084,2.8927,-0.97567,-0.0604084,-0.210759,0.743989,0,0,0,1</mat>
				</frame>
				<frame num='5'>
					<mat>0.217632,0.0335879,-0.975453,-4.49453,0.150746,-0.988573,-0.000407032,2.93095,-0.96432,-0.146957,-0.220208,-1.39463,0,0,0,1</mat>
				</frame>
				<frame num='6'>
					<mat>0.222212,0.0584025,-0.973248,-4.49453,0.227479,-0.973761,-0.00649526,2.95245,-0.94809,-0.21995,-0.229667,-3.61415,0,0,0,1</mat>
				</frame>
				<frame num='7'>
					<mat>0.224774,0.0831645,-0.970855,-4.49453,0.284357,-0.95858,-0.0162781,2.96116,-0.931997,-0.272411,-0.239113,-5.76516,0,0,0,1</mat>
				</frame>
				<frame num='8'>
					<mat>0.225848,0.105877,-0.968392,-4.49453,0.3164,-0.948155,-0.0298734,2.96104,-0.921349,-0.299652,-0.247639,-7.69825,0,0,0,1</mat>
				</frame>
				<frame num='9'>
					<mat>0.225963,0.124552,-0.966141,-4.49453,0.320231,-0.946169,-0.0470808,2.95605,-0.919996,-0.29875,-0.253684,-9.26401,0,0,0,1</mat>
				</frame>
				<frame num='10'>
					<mat>0.225645,0.137211,-0.964499,-4.49453,0.293146,-0.953711,-0.0670942,2.95016,-0.929059,-0.267599,-0.255423,-10.313,0,0,0,1</mat>
				</frame>
				<frame num='11'>
					<mat>0.225422,0.141873,-0.963876,-4.49453,0.232372,-0.968617,-0.0882255,2.94731,-0.946144,-0.20409,-0.251315,-10.6959,0,0,0,1</mat>
				</frame>
				<frame num='12'>
					<mat>0.219997,0.137392,-0.965777,-4.49453,0.29325,-0.953553,-0.0688533,2.92718,-0.930379,-0.268066,-0.250069,-10.1897,0,0,0,1</mat>
				</frame>
				<frame num='13'>
					<mat>0.20585,0.12512,-0.970552,-4.49453,0.31048,-0.948901,-0.0564777,2.8742,-0.928024,-0.289711,-0.234179,-8.82557,0,0,0,1</mat>
				</frame>
				<frame num='14'>
					<mat>0.186167,0.106785,-0.976698,-4.49453,0.287511,-0.956483,-0.0497726,2.7999,-0.93951,-0.271546,-0.208767,-6.83505,0,0,0,1</mat>
				</frame>
				<frame num='15'>
					<mat>0.164168,0.0841905,-0.982833,-4.49453,0.22825,-0.972554,-0.0451841,2.71561,-0.959662,-0.216914,-0.178879,-4.44981,0,0,0,1</mat>
				</frame>
				<frame num='16'>
