<?xml version='1.0' encoding='UTF-8' ?>
<itpanim>
	<skeleton count='66'>
		<joint id='0' name='JNT_WORLD' parent='0'>
			<mat>1,0,0,0,0,6.12323e-017,-1,0,-0,1,6.12323e-017,0,0,0,0,1</mat>
		</joint>
		<joint id='1' name='JNT_Root' parent='0'>
			<mat>6.12323e-017,0.0958224,-0.995398,-34.5855,0,-0.995398,-0.0958224,-7.46838,-1,5.86743e-018,-6.09506e-017,-1.69452e-015,0,0,0,1</mat>
		</joint>
		<joint id='2' name='JNT_Spine' parent='1'>
			<mat>6.12323e-017,0.0359449,-0.999354,-53.8767,0,-0.999354,-0.0359449,-4.24444,-1,2.20099e-018,-6.11928e-017,-3.04631e-015,0,0,0,1</mat>
		</joint>
		<joint id='3' name='JNT_Head' parent='2'>
			<mat>6.12323e-017,0.0359449,-0.999354,-72.4307,0,-0.999354,-0.0359449,-4.24444,-1,2.20099e-018,-6.11928e-017,-4.18168e-015,0,0,0,1</mat>
		</joint>
		<joint id='4' name='JNT_L_Shoulder' parent='2'>
			<mat>0.904848,-0.110674,0.411097,14.9603,0.40588,-0.0671907,-0.911453,-62.6654,0.128496,0.991583,-0.0158771,-4.16596,0,0,0,1</mat>
		</joint>
		<joint id='5' name='JNT_L_Elbow' parent='4'>
			<mat>0.875512,-0.274353,0.397755,-1.32244,0.374333,-0.135408,-0.917354,-62.1579,0.305538,0.952048,-0.0158519,-8.9838,0,0,0,1</mat>
		</joint>
		<joint id='6' name='JNT_L_Wrist' parent='5'>
			<mat>0.0427323,-0.917861,0.394595,14.1017,0.0185486,-0.394159,-0.918855,-48.918,0.998914,0.046584,0.000181706,-40.406,0,0,0,1</mat>
		</joint>
		<joint id='7' name='JNT_L_Thumb1' parent='6'>
			<mat>0.139429,-0.771436,0.620843,14.8755,0.103087,-0.612253,-0.783913,-48.4885,0.984852,0.173301,-0.00584132,-38.6566,0,0,0,1</mat>
		</joint>
		<joint id='8' name='JNT_L_Thumb2' parent='7'>
			<mat>0.278822,-0.712863,0.643494,7.41697,0.223898,-0.603348,-0.765403,-52.5359,0.933878,0.357488,-0.00861809,-34.0448,0,0,0,1</mat>
		</joint>
		<joint id='9' name='JNT_L_Thumb3' parent='8'>
			<mat>0.139435,-0.771402,0.620884,8.02987,0.108119,-0.611401,-0.7839,-48.5557,0.984311,0.176433,-0.00184785,-38.9031,0,0,0,1</mat>
		</joint>
		<joint id='10' name='JNT_L_Point1' parent='6'>
			<mat>0.646109,-0.565579,0.512507,-14.0542,0.375016,-0.349594,-0.858572,-62.8573,0.66476,0.74693,-0.0137751,-24.9707,0,0,0,1</mat>
		</joint>
		<joint id='11' name='JNT_L_Point2' parent='10'>
			<mat>0.641915,-0.560885,0.522833,-15.4331,0.383048,-0.356114,-0.852324,-63.0577,0.664244,0.747389,-0.0137493,-24.9377,0,0,0,1</mat>
		</joint>
		<joint id='12' name='JNT_L_Point3' parent='11'>
			<mat>0.644729,-0.512686,0.56699,-15.5768,0.433023,-0.366291,-0.823603,-64.5324,0.629933,0.776521,-0.0141536,-22.7541,0,0,0,1</mat>
		</joint>
		<joint id='13' name='JNT_L_Point4' parent='12'>
			<mat>0.809462,0.129523,0.572708,-16.8148,0.575991,0.0142736,-0.817331,-66.188,-0.114038,0.991474,-0.0630504,18.441,0,0,0,1</mat>
		</joint>
		<joint id='14' name='JNT_L_Mid1' parent='6'>
			<mat>0.828685,-0.357988,0.430263,-25.024,0.388086,-0.186435,-0.902569,-63.3873,0.403325,0.914925,-0.0155662,-13.4971,0,0,0,1</mat>
		</joint>
		<joint id='15' name='JNT_L_mid2' parent='14'>
			<mat>0.817507,-0.385901,0.427507,-27.6479,0.379233,-0.197951,-0.903879,-63.0853,0.433433,0.901053,-0.0154801,-15.2236,0,0,0,1</mat>
		</joint>
		<joint id='16' name='JNT_L_mid3' parent='15'>
			<mat>0.836867,-0.35422,0.417351,-32.2141,0.377568,-0.178519,-0.908611,-62.9916,0.396353,0.917965,-0.0156541,-12.9773,0,0,0,1</mat>
		</joint>
		<joint id='17' name='JNT_L_mid4' parent='16'>
			<mat>0.832016,-0.19197,0.520477,-28.1282,0.503156,-0.133985,-0.853746,-67.3999,0.23363,0.972212,-0.0148867,-2.87732,0,0,0,1</mat>
		</joint>
		<joint id='18' name='JNT_L_Ring1' parent='6'>
			<mat>0.848512,-0.161604,0.503897,-21.4955,0.491459,-0.112403,-0.863617,-66.3433,0.196204,0.980433,-0.0159535,-6.2331,0,0,0,1</mat>
		</joint>
		<joint id='19' name='JNT_L_Ring2' parent='18'>
			<mat>0.853246,-0.11232,0.509269,-24.4402,0.502404,-0.0848551,-0.860459,-66.6538,0.139861,0.990042,-0.0159722,-3.09654,0,0,0,1</mat>
		</joint>
		<joint id='20' name='JNT_L_Ring3' parent='19'>
			<mat>0.855404,-0.134072,0.500309,-27.3671,0.491336,-0.0956711,-0.8657,-66.3159,0.163931,0.986343,-0.0159632,-4.48233,0,0,0,1</mat>
		</joint>
		<joint id='21' name='JNT_L_Ring4' parent='20'>
			<mat>0.831988,-0.192023,0.520503,-27.9866,0.503197,-0.13392,-0.853732,-66.7321,0.233642,0.97221,-0.0147944,-8.62085,0,0,0,1</mat>
		</joint>
		<joint id='22' name='JNT_L_Pink1' parent='6'>
			<mat>0.82838,0.159771,0.536898,-18.2504,0.530438,0.0843559,-0.843516,-65.1059,-0.18006,0.983543,-0.0148699,10.8001,0,0,0,1</mat>
		</joint>
		<joint id='23' name='JNT_L_Pink2' parent='22'>
			<mat>0.839297,0.135686,0.52647,-21.4267,0.522467,0.0665252,-0.85006,-65.0012,-0.150365,0.988516,-0.0150572,9.21757,0,0,0,1</mat>
		</joint>
		<joint id='24' name='JNT_L_Pink3' parent='23'>
			<mat>0.833218,0.117708,0.540271,-22.6397,0.537398,0.0576799,-0.841354,-65.4661,-0.130197,0.991372,-0.0151962,8.10496,0,0,0,1</mat>
		</joint>
		<joint id='25' name='JNT_L_Pink4' parent='24'>
			<mat>0.870395,0.165214,0.463807,-29.5455,0.458761,0.0698572,-0.885809,-62.8656,-0.178748,0.983781,-0.0149902,10.8459,0,0,0,1</mat>
		</joint>
		<joint id='26' name='JNT_R_Shoulder' parent='2'>
			<mat>-0.904276,-0.110674,0.412355,15.0471,-0.409294,-0.0501498,-0.911023,-62.7074,0.121506,-0.992591,5.11077e-005,3.07832,0,0,0,1</mat>
		</joint>
		<joint id='27' name='JNT_R_Elbow' parent='26'>
			<mat>-0.876145,-0.274328,0.396376,-1.41778,-0.378252,-0.118488,-0.918088,-62.2798,0.298823,-0.954309,4.73564e-005,7.90291,0,0,0,1</mat>
		</joint>
		<joint id='28' name='JNT_R_Wrist' parent='27'>
			<mat>-0.0479689,-0.923561,0.380439,13.149,-0.019915,-0.379917,-0.924806,-49.2112,0.99865,-0.0519384,-0.000168535,40.3726,0,0,0,1</mat>
		</joint>
		<joint id='29' name='JNT_R_Thumb1' parent='28'>
			<mat>-0.142913,-0.780025,0.609209,14.1087,-0.110001,-0.599196,-0.793009,-49.1709,0.983603,-0.180346,-0.000170798,38.2712,0,0,0,1</mat>
		</joint>
		<joint id='30' name='JNT_R_Thumb2' parent='29'>
			<mat>-0.28181,-0.720826,0.63324,6.74263,-0.230686,-0.589726,-0.773956,-53.1832,0.931325,-0.364188,-9.40246e-005,33.4716,0,0,0,1</mat>
		</joint>
		<joint id='31' name='JNT_R_Thumb3' parent='30'>
			<mat>0.143025,-0.780005,0.609209,19.4096,0.114602,-0.598345,-0.793,-39.4822,0.983062,0.183235,0.00381141,44.9968,0,0,0,1</mat>
		</joint>
		<joint id='32' name='JNT_R_Point1' parent='28'>
			<mat>-0.648437,-0.568894,0.505855,-14.4992,-0.380218,-0.333652,-0.862619,-63.203,0.659518,-0.751689,4.86328e-005,24.044,0,0,0,1</mat>
		</joint>
		<joint id='33' name='JNT_R_Point2' parent='32'>
			<mat>-0.644176,-0.564389,0.516238,-15.8733,-0.388276,-0.340211,-0.856445,-63.4084,0.658998,-0.752144,1.70686e-005,24.0105,0,0,0,1</mat>
		</joint>
		<joint id='34' name='JNT_R_Point3' parent='33'>
			<mat>-0.64651,-0.51686,0.561143,-15.9627,-0.438289,-0.350405,-0.827719,-64.8844,0.624442,-0.781071,6.32692e-006,21.7965,0,0,0,1</mat>
		</joint>
		<joint id='35' name='JNT_R_Point4' parent='34'>
			<mat>0.806804,0.126193,0.577185,70.4604,0.578358,0.0308898,-0.815198,-3.76588,-0.120701,0.991525,-0.0480624,6.45759,0,0,0,1</mat>
		</joint>
		<joint id='36' name='JNT_R_Mid1' parent='28'>
			<mat>-0.829854,-0.358696,0.427409,-25.2189,-0.392328,-0.16958,-0.904058,-63.5603,0.396762,-0.917921,-2.22921e-009,12.4301,0,0,0,1</mat>
		</joint>
		<joint id='37' name='JNT_R_mid2' parent='36'>
			<mat>-0.818888,-0.386643,0.424182,-27.8753,-0.383562,-0.181137,-0.905577,-63.2725,0.42697,-0.904266,2.93344e-005,14.1655,0,0,0,1</mat>
		</joint>
		<joint id='38' name='JNT_R_mid3' parent='37'>
			<mat>-0.838051,-0.35467,0.414583,-32.404,-0.381772,-0.161646,-0.910011,-63.1585,0.389769,-0.920913,6.4198e-005,11.9085,0,0,0,1</mat>
		</joint>
		<joint id='39' name='JNT_R_mid4' parent='38'>
			<mat>0.831813,-0.194148,0.519995,68.3601,0.506644,-0.117078,-0.854169,-8.69784,0.226715,0.973961,0.000977008,24.5182,0,0,0,1</mat>
		</joint>
		<joint id='40' name='JNT_R_Ring1' parent='28'>
			<mat>-0.84798,-0.163405,0.504211,-21.4659,-0.495093,-0.0954528,-0.863581,-66.4151,0.189242,-0.981931,4.11616e-005,5.13979,0,0,0,1</mat>
		</joint>
		<joint id='41' name='JNT_R_Ring2' parent='40'>
			<mat>-0.852345,-0.114178,0.510364,-24.3564,-0.50583,-0.06788,-0.859958,-66.6936,0.132832,-0.991139,0.00010238,2.00441,0,0,0,1</mat>
		</joint>
		<joint id='42' name='JNT_R_Ring3' parent='41'>
			<mat>-0.854687,-0.135772,0.501075,-27.3067,-0.494857,-0.0786916,-0.865404,-66.3699,0.156928,-0.98761,6.89272e-005,3.38925,0,0,0,1</mat>
		</joint>
		<joint id='43' name='JNT_R_Ring4' parent='42'>
			<mat>0.831844,-0.194147,0.519945,69.9092,0.50659,-0.117093,-0.854199,-7.17367,0.226722,0.973959,0.00094986,19.1557,0,0,0,1</mat>
		</joint>
		<joint id='44' name='JNT_R_Pink1' parent='28'>
			<mat>-0.825495,0.157252,0.542061,-17.8837,-0.53254,0.101149,-0.840339,-64.9566,-0.186974,-0.982365,0.000245359,-11.8143,0,0,0,1</mat>
		</joint>
		<joint id='45' name='JNT_R_Pink2' parent='44'>
			<mat>-0.836665,0.133418,0.531217,-21.0903,-0.524637,0.0833506,-0.847236,-64.8709,-0.157314,-0.987549,0.000259748,-10.2428,0,0,0,1</mat>
		</joint>
		<joint id='46' name='JNT_R_Pink3' parent='45'>
			<mat>-0.830619,0.115179,0.544798,-22.3167,-0.539682,0.0744897,-0.838567,-65.3439,-0.137167,-0.990548,0.000287302,-9.13733,0,0,0,1</mat>
		</joint>
		<joint id='47' name='JNT_R_Pink4' parent='46'>
			<mat>0.867925,0.164286,0.46874,68.7807,0.460595,0.0870013,-0.883336,-10.733,-0.185901,0.982569,-0.000158891,-9.10432,0,0,0,1</mat>
		</joint>
		<joint id='48' name='JNT_Backpack' parent='2'>
			<mat>0.712375,0.0176938,-0.701576,-45.4103,-0.701358,-0.0175054,-0.712595,-45.3726,-0.0248899,0.99969,-6.06816e-005,-21.1616,0,0,0,1</mat>
		</joint>
		<joint id='49' name='JNT_L_Turbine' parent='48'>
			<mat>0.0248899,-0.99969,6.06815e-005,21.1616,0.686704,0.0170532,-0.726737,-76.0183,0.726511,0.0181301,0.686916,42.6677,0,0,0,1</mat>
		</joint>
		<joint id='50' name='JNT_R_Turbine' parent='48'>
			<mat>0.0248899,-0.99969,6.06815e-005,22.1908,-0.686704,-0.0170532,0.726737,47.6212,-0.726511,-0.0181301,-0.686916,-72.7115,0,0,0,1</mat>
		</joint>
		<joint id='51' name='JNT_Hips' parent='1'>
			<mat>0.00719047,-0.00153394,-0.999973,-29.3613,-0.999946,0.00746705,-0.00720173,-0.184241,0.00747789,0.999971,-0.00148017,3.59597,0,0,0,1</mat>
		</joint>
		<joint id='52' name='JNT_L_HIP' parent='51'>
			<mat>0.178922,0.115954,0.977006,25.1416,0.820069,0.531064,-0.21321,-11.3958,-0.543575,0.839361,-7.10142e-005,6.72636,0,0,0,1</mat>
		</joint>
		<joint id='53' name='JNT_L_Knee' parent='52'>
			<mat>0.16975,0.353069,0.920069,14.0665,0.398826,0.829135,-0.391756,-9.61999,-0.901179,0.433448,-6.72857e-005,9.91742,0,0,0,1</mat>
		</joint>
		<joint id='54' name='JNT_L_Ankle' parent='53'>
			<mat>-6.45853e-006,-0.756284,0.654244,6.24243,6.32974e-005,-0.654244,-0.756284,-3.20018,1,3.65274e-005,5.20962e-005,-12.2691,0,0,0,1</mat>
		</joint>
		<joint id='55' name='JNT_L_Ball' parent='54'>
			<mat>3.5102e-005,-0.999633,0.0271063,-2.05675,5.30653e-005,-0.0271063,-0.999633,-2.45201,1,3.65275e-005,5.20944e-005,-12.2691,0,0,0,1</mat>
		</joint>
		<joint id='56' name='JNT_L_Toe' parent='55'>
			<mat>3.5102e-005,-0.999633,0.0271063,-9.18482,5.30653e-005,-0.0271063,-0.999633,-2.45201,1,3.65275e-005,5.20944e-005,-12.2691,0,0,0,1</mat>
		</joint>
		<joint id='57' name='JNT_R_HIP' parent='51'>
			<mat>0.178952,-0.115963,-0.977,-25.1418,0.82009,-0.531019,0.21324,11.397,-0.543534,-0.839387,7.33086e-005,-6.72636,0,0,0,1</mat>
		</joint>
		<joint id='58' name='JNT_R_Knee' parent='57'>
			<mat>0.16979,-0.353078,-0.920058,-14.0665,0.398857,-0.829108,0.391782,9.62106,-0.901157,-0.433492,5.32722e-005,-9.91803,0,0,0,1</mat>
		</joint>
		<joint id='59' name='JNT_R_Ankle' parent='58'>
			<mat>-2.74754e-005,0.756271,-0.654258,-6.2432,1.28948e-005,0.654258,0.756271,3.20009,1,1.23423e-005,-2.77279e-005,12.2701,0,0,0,1</mat>
		</joint>
		<joint id='60' name='JNT_R_Ball' parent='59'>
			<mat>1.30899e-005,-0.999632,0.0271248,-2.05611,-2.73821e-005,-0.0271248,-0.999632,-2.45242,1,1.23423e-005,-2.77271e-005,12.2701,0,0,0,1</mat>
		</joint>
		<joint id='61' name='JNT_R_Toe' parent='60'>
			<mat>-1.30899e-005,0.999632,-0.0271248,9.18417,2.73821e-005,0.0271248,0.999632,2.45242,1,1.23423e-005,-2.77271e-005,12.2701,0,0,0,1</mat>
		</joint>
		<joint id='62' name='JNT_Sack' parent='1'>
			<mat>6.12323e-017,0.0958224,-0.995398,-35.2849,0,-0.995398,-0.0958224,-25.6677,-1,5.86743e-018,-6.09506e-017,-7.29544e-016,0,0,0,1</mat>
		</joint>
		<joint id='63' name='JNT_L_Flap' parent='1'>
			<mat>1,0,0,-11.0807,0,6.12323e-017,-1,-21.5769,-0,1,6.12323e-017,15.1922,0,0,0,1</mat>
		</joint>
		<joint id='64' name='JNT_R_Flap' parent='1'>
			<mat>1,-0,0,11.0807,0,6.12323e-017,1,21.5769,-0,-1,6.12323e-017,-15.1922,0,0,0,1</mat>
		</joint>
		<joint id='65' name='JNT_Wrench' parent='0'>
			<mat>1,0,0,0,0,6.12323e-017,-1,0,-0,1,6.12323e-017,0,0,0,0,1</mat>
		</joint>
	</skeleton>
	<animations>
		<animation name='Take 001' length='73'>
			<track id = '0' name='JNT_WORLD'>
				<frame num='0'>
					<mat>1,0,-0,0,0,-1.60812e-016,1,0,-0,-1,-1.60812e-016,0,0,0,0,1</mat>
				</frame>
				<frame num='1'>
					<mat>1,0,-0,0,0,-1.60812e-016,1,0,-0,-1,-1.60812e-016,0,0,0,0,1</mat>
				</frame>
				<frame num='2'>
					<mat>1,0,-0,0,0,-1.60812e-016,1,0,-0,-1,-1.60812e-016,0,0,0,0,1</mat>
				</frame>
				<frame num='3'>
					<mat>1,0,-0,0,0,-1.60812e-016,1,0,-0,-1,-1.60812e-016,0,0,0,0,1</mat>
				</frame>
				<frame num='4'>
					<mat>1,0,-0,0,0,-1.60812e-016,1,0,-0,-1,-1.60812e-016,0,0,0,0,1</mat>
				</frame>
				<frame num='5'>
					<mat>1,0,-0,0,0,-1.60812e-016,1,0,-0,-1,-1.60812e-016,0,0,0,0,1</mat>
				</frame>
				<frame num='6'>
					<mat>1,0,-0,0,0,-1.60812e-016,1,0,-0,-1,-1.60812e-016,0,0,0,0,1</mat>
				</frame>
				<frame num='7'>
					<mat>1,0,-0,0,0,-1.60812e-016,1,0,-0,-1,-1.60812e-016,0,0,0,0,1</mat>
				</frame>
				<frame num='8'>
					<mat>1,0,-0,0,0,-1.60812e-016,1,0,-0,-1,-1.60812e-016,0,0,0,0,1</mat>
				</frame>
				<frame num='9'>
					<mat>1,0,-0,0,0,-1.60812e-016,1,0,-0,-1,-1.60812e-016,0,0,0,0,1</mat>
				</frame>
				<frame num='10'>
					<mat>1,0,-0,0,0,-1.60812e-016,1,0,-0,-1,-1.60812e-016,0,0,0,0,1</mat>
				</frame>
				<frame num='11'>
					<mat>1,0,-0,0,0,-1.60812e-016,1,0,-0,-1,-1.60812e-016,0,0,0,0,1</mat>
				</frame>
				<frame num='12'>
					<mat>1,0,-0,0,0,-1.60812e-016,1,0,-0,-1,-1.60812e-016,0,0,0,0,1</mat>
				</frame>
				<frame num='13'>
					<mat>1,0,-0,0,0,-1.60812e-016,1,0,-0,-1,-1.60812e-016,0,0,0,0,1</mat>
				</frame>
				<frame num='14'>
					<mat>1,0,-0,0,0,-1.60812e-016,1,0,-0,-1,-1.60812e-016,0,0,0,0,1</mat>
				</frame>
				<frame num='15'>
					<mat>1,0,-0,0,0,-1.60812e-016,1,0,-0,-1,-1.60812e-016,0,0,0,0,1</mat>
				</frame>
				<frame num='16'>
					<mat>1,0,-0,0,0,-1.60812e-016,1,0,-0,-1,-1.60812e-016,0,0,0,0,1</mat>
				</frame>
				<frame num='17'>
					<mat>1,0,-0,0,0,-1.60812e-016,1,0,-0,-1,-1.60812e-016,0,0,0,0,1</mat>
				</frame>
				<frame num='18'>
					<mat>1,0,-0,0,0,-1.60812e-016,1,0,-0,-1,-1.60812e-016,0,0,0,0,1</mat>
				</frame>
				<frame num='19'>
					<mat>1,0,-0,0,0,-1.60812e-016,1,0,-0,-1,-1.60812e-016,0,0,0,0,1</mat>
				</frame>
				<frame num='20'>
					<mat>1,0,-0,0,0,-1.60812e-016,1,0,-0,-1,-1.60812e-016,0,0,0,0,1</mat>
				</frame>
				<frame num='21'>
					<mat>1,0,-0,0,0,-1.60812e-016,1,0,-0,-1,-1.60812e-016,0,0,0,0,1</mat>
				</frame>
				<frame num='22'>
					<mat>1,0,-0,0,0,-1.60812e-016,1,0,-0,-1,-1.60812e-016,0,0,0,0,1</mat>
				</frame>
				<frame num='23'>
					<mat>1,0,-0,0,0,-1.60812e-016,1,0,-0,-1,-1.60812e-016,0,0,0,0,1</mat>
				</frame>
				<frame num='24'>
					<mat>1,0,-0,0,0,-1.60812e-016,1,0,-0,-1,-1.60812e-016,0,0,0,0,1</mat>
				</frame>
				<frame num='25'>
					<mat>1,0,-0,0,0,-1.60812e-016,1,0,-0,-1,-1.60812e-016,0,0,0,0,1</mat>
				</frame>
				<frame num='26'>
					<mat>1,0,-0,0,0,-1.60812e-016,1,0,-0,-1,-1.60812e-016,0,0,0,0,1</mat>
				</frame>
				<frame num='27'>
					<mat>1,0,-0,0,0,-1.60812e-016,1,0,-0,-1,-1.60812e-016,0,0,0,0,1</mat>
				</frame>
				<frame num='28'>
					<mat>1,0,-0,0,0,-1.60812e-016,1,0,-0,-1,-1.60812e-016,0,0,0,0,1</mat>
				</frame>
				<frame num='29'>
					<mat>1,0,-0,0,0,-1.60812e-016,1,0,-0,-1,-1.60812e-016,0,0,0,0,1</mat>
				</frame>
				<frame num='30'>
					<mat>1,0,-0,0,0,-1.60812e-016,1,0,-0,-1,-1.60812e-016,0,0,0,0,1</mat>
				</frame>
				<frame num='31'>
					<mat>1,0,-0,0,0,-1.60812e-016,1,0,-0,-1,-1.60812e-016,0,0,0,0,1</mat>
				</frame>
				<frame num='32'>
					<mat>1,0,-0,0,0,-1.60812e-016,1,0,-0,-1,-1.60812e-016,0,0,0,0,1</mat>
				</frame>
				<frame num='33'>
					<mat>1,0,-0,0,0,-1.60812e-016,1,0,-0,-1,-1.60812e-016,0,0,0,0,1</mat>
				</frame>
				<frame num='34'>
					<mat>1,0,-0,0,0,-1.60812e-016,1,0,-0,-1,-1.60812e-016,0,0,0,0,1</mat>
				</frame>
				<frame num='35'>
					<mat>1,0,-0,0,0,-1.60812e-016,1,0,-0,-1,-1.60812e-016,0,0,0,0,1</mat>
				</frame>
				<frame num='36'>
					<mat>1,0,-0,0,0,-1.60812e-016,1,0,-0,-1,-1.60812e-016,0,0,0,0,1</mat>
				</frame>
				<frame num='37'>
					<mat>1,0,-0,0,0,-1.60812e-016,1,0,-0,-1,-1.60812e-016,0,0,0,0,1</mat>
				</frame>
				<frame num='38'>
					<mat>1,0,-0,0,0,-1.60812e-016,1,0,-0,-1,-1.60812e-016,0,0,0,0,1</mat>
				</frame>
				<frame num='39'>
					<mat>1,0,-0,0,0,-1.60812e-016,1,0,-0,-1,-1.60812e-016,0,0,0,0,1</mat>
				</frame>
				<frame num='40'>
					<mat>1,0,-0,0,0,-1.60812e-016,1,0,-0,-1,-1.60812e-016,0,0,0,0,1</mat>
				</frame>
				<frame num='41'>
					<mat>1,0,-0,0,0,-1.60812e-016,1,0,-0,-1,-1.60812e-016,0,0,0,0,1</mat>
				</frame>
				<frame num='42'>
					<mat>1,0,-0,0,0,-1.60812e-016,1,0,-0,-1,-1.60812e-016,0,0,0,0,1</mat>
				</frame>
				<frame num='43'>
					<mat>1,0,-0,0,0,-1.60812e-016,1,0,-0,-1,-1.60812e-016,0,0,0,0,1</mat>
				</frame>
				<frame num='44'>
					<mat>1,0,-0,0,0,-1.60812e-016,1,0,-0,-1,-1.60812e-016,0,0,0,0,1</mat>
				</frame>
				<frame num='45'>
					<mat>1,0,-0,0,0,-1.60812e-016,1,0,-0,-1,-1.60812e-016,0,0,0,0,1</mat>
				</frame>
				<frame num='46'>
					<mat>1,0,-0,0,0,-1.60812e-016,1,0,-0,-1,-1.60812e-016,0,0,0,0,1</mat>
				</frame>
				<frame num='47'>
					<mat>1,0,-0,0,0,-1.60812e-016,1,0,-0,-1,-1.60812e-016,0,0,0,0,1</mat>
				</frame>
				<frame num='48'>
					<mat>1,0,-0,0,0,-1.60812e-016,1,0,-0,-1,-1.60812e-016,0,0,0,0,1</mat>
				</frame>
				<frame num='49'>
					<mat>1,0,-0,0,0,-1.60812e-016,1,0,-0,-1,-1.60812e-016,0,0,0,0,1</mat>
				</frame>
				<frame num='50'>
					<mat>1,0,-0,0,0,-1.60812e-016,1,0,-0,-1,-1.60812e-016,0,0,0,0,1</mat>
				</frame>
				<frame num='51'>
					<mat>1,0,-0,0,0,-1.60812e-016,1,0,-0,-1,-1.60812e-016,0,0,0,0,1</mat>
				</frame>
				<frame num='52'>
					<mat>1,0,-0,0,0,-1.60812e-016,1,0,-0,-1,-1.60812e-016,0,0,0,0,1</mat>
				</frame>
				<frame num='53'>
					<mat>1,0,-0,0,0,-1.60812e-016,1,0,-0,-1,-1.60812e-016,0,0,0,0,1</mat>
				</frame>
				<frame num='54'>
					<mat>1,0,-0,0,0,-1.60812e-016,1,0,-0,-1,-1.60812e-016,0,0,0,0,1</mat>
				</frame>
				<frame num='55'>
					<mat>1,0,-0,0,0,-1.60812e-016,1,0,-0,-1,-1.60812e-016,0,0,0,0,1</mat>
				</frame>
				<frame num='56'>
					<mat>1,0,-0,0,0,-1.60812e-016,1,0,-0,-1,-1.60812e-016,0,0,0,0,1</mat>
				</frame>
				<frame num='57'>
					<mat>1,0,-0,0,0,-1.60812e-016,1,0,-0,-1,-1.60812e-016,0,0,0,0,1</mat>
				</frame>
				<frame num='58'>
					<mat>1,0,-0,0,0,-1.60812e-016,1,0,-0,-1,-1.60812e-016,0,0,0,0,1</mat>
				</frame>
				<frame num='59'>
					<mat>1,0,-0,0,0,-1.60812e-016,1,0,-0,-1,-1.60812e-016,0,0,0,0,1</mat>
				</frame>
				<frame num='60'>
					<mat>1,0,-0,0,0,-1.60812e-016,1,0,-0,-1,-1.60812e-016,0,0,0,0,1</mat>
				</frame>
				<frame num='61'>
					<mat>1,0,-0,0,0,-1.60812e-016,1,0,-0,-1,-1.60812e-016,0,0,0,0,1</mat>
				</frame>
				<frame num='62'>
					<mat>1,0,-0,0,0,-1.60812e-016,1,0,-0,-1,-1.60812e-016,0,0,0,0,1</mat>
				</frame>
				<frame num='63'>
					<mat>1,0,-0,0,0,-1.60812e-016,1,0,-0,-1,-1.60812e-016,0,0,0,0,1</mat>
				</frame>
				<frame num='64'>
					<mat>1,0,-0,0,0,-1.60812e-016,1,0,-0,-1,-1.60812e-016,0,0,0,0,1</mat>
				</frame>
				<frame num='65'>
					<mat>1,0,-0,0,0,-1.60812e-016,1,0,-0,-1,-1.60812e-016,0,0,0,0,1</mat>
				</frame>
				<frame num='66'>
					<mat>1,0,-0,0,0,-1.60812e-016,1,0,-0,-1,-1.60812e-016,0,0,0,0,1</mat>
				</frame>
				<frame num='67'>
					<mat>1,0,-0,0,0,-1.60812e-016,1,0,-0,-1,-1.60812e-016,0,0,0,0,1</mat>
				</frame>
				<frame num='68'>
					<mat>1,0,-0,0,0,-1.60812e-016,1,0,-0,-1,-1.60812e-016,0,0,0,0,1</mat>
				</frame>
				<frame num='69'>
					<mat>1,0,-0,0,0,-1.60812e-016,1,0,-0,-1,-1.60812e-016,0,0,0,0,1</mat>
				</frame>
				<frame num='70'>
					<mat>1,0,-0,0,0,-1.60812e-016,1,0,-0,-1,-1.60812e-016,0,0,0,0,1</mat>
				</frame>
				<frame num='71'>
					<mat>1,0,-0,0,0,-1.60812e-016,1,0,-0,-1,-1.60812e-016,0,0,0,0,1</mat>
				</frame>
				<frame num='72'>
					<mat>1,0,-0,0,0,-1.60812e-016,1,0,-0,-1,-1.60812e-016,0,0,0,0,1</mat>
				</frame>
			</track>
			<track id = '1' name='JNT_Root'>
				<frame num='0'>
					<mat>0.0460391,-0.743501,-0.667148,1.46237,0.0249582,-0.666791,0.744826,0.0179815,-0.998628,-0.050942,-0.012142,-30.451,0,0,0,1</mat>
				</frame>
				<frame num='1'>
					<mat>0.0342615,-0.684006,-0.728671,1.46237,-0.00193519,-0.729143,0.684358,1.53961,-0.999411,-0.022037,-0.0263052,-30.5309,0,0,0,1</mat>
				</frame>
				<frame num='2'>
					<mat>0.0190375,-0.599612,-0.800064,1.46237,-0.0366835,-0.800089,0.598758,3.50896,-0.999146,0.0179503,-0.0372275,-30.6812,0,0,0,1</mat>
				</frame>
				<frame num='3'>
					<mat>0.00387445,-0.507951,-0.861377,1.46237,-0.0713142,-0.859331,0.506424,5.48124,-0.997446,0.0594663,-0.0395536,-30.9168,0,0,0,1</mat>
				</frame>
				<frame num='4'>
					<mat>-0.00774886,-0.433263,-0.901234,1.46237,-0.0979968,-0.896594,0.431875,7.0107,-0.995157,0.0916646,-0.0355108,-31.2534,0,0,0,1</mat>
				</frame>
				<frame num='5'>
					<mat>-0.0116218,-0.402671,-0.915271,1.46237,-0.105468,-0.909733,0.401574,7.63188,-0.994355,0.101199,-0.0318962,-31.715,0,0,0,1</mat>
				</frame>
				<frame num='6'>
					<mat>0.00818267,-0.419465,-0.907734,1.46237,-0.023162,-0.907601,0.419195,6.93537,-0.999698,0.0175948,-0.0171423,-32.5581,0,0,0,1</mat>
				</frame>
				<frame num='7'>
					<mat>0.0504154,-0.457761,-0.887645,1.46237,0.151739,-0.874946,0.459831,5.33231,-0.987134,-0.157873,0.0253493,-33.7297,0,0,0,1</mat>
				</frame>
				<frame num='8'>
					<mat>0.0920648,-0.496706,-0.863022,1.46237,0.319033,-0.8063,0.498094,3.70151,-0.943261,-0.321189,0.0842338,-34.765,0,0,0,1</mat>
				</frame>
				<frame num='9'>
					<mat>0.112164,-0.521912,-0.845593,1.46237,0.394581,-0.757604,0.519944,2.84852,-0.91199,-0.391974,0.12096,-35.2403,0,0,0,1</mat>
				</frame>
				<frame num='10'>
					<mat>0.113757,-0.534631,-0.837394,1.46237,0.399768,-0.746988,0.531219,2.69075,-0.90953,-0.395193,0.128753,-35.2824,0,0,0,1</mat>
				</frame>
				<frame num='11'>
					<mat>0.113575,-0.543828,-0.831476,1.46237,0.399056,-0.741447,0.539454,2.63901,-0.909865,-0.393074,0.132808,-35.2818,0,0,0,1</mat>
				</frame>
				<frame num='12'>
					<mat>0.113488,-0.550817,-0.826874,1.46237,0.398578,-0.737104,0.545722,2.61676,-0.910086,-0.391507,0.135891,-35.2767,0,0,0,1</mat>
				</frame>
				<frame num='13'>
					<mat>0.113318,-0.555871,-0.823509,1.46237,0.397654,-0.734193,0.550301,2.61121,-0.910511,-0.389831,0.137847,-35.2632,0,0,0,1</mat>
				</frame>
				<frame num='14'>
					<mat>0.113041,-0.559274,-0.82124,1.46237,0.396143,-0.732634,0.55346,2.6047,-0.911204,-0.387892,0.138735,-35.241,0,0,0,1</mat>
				</frame>
				<frame num='15'>
					<mat>0.112627,-0.561359,-0.819872,1.46237,0.393892,-0.732298,0.555508,2.57947,-0.91223,-0.385506,0.138638,-35.2093,0,0,0,1</mat>
				</frame>
				<frame num='16'>
					<mat>0.113413,-0.567349,-0.81563,1.42387,0.395359,-0.727362,0.560924,2.59099,-0.911498,-0.386083,0.141814,-35.2202,0,0,0,1</mat>
				</frame>
				<frame num='17'>
					<mat>0.0991898,-0.5206,-0.848019,1.77448,0.348756,-0.779976,0.519621,1.80428,-0.93195,-0.347293,0.104197,-34.6895,0,0,0,1</mat>
				</frame>
				<frame num='18'>
					<mat>0.0102095,-0.174236,-0.984651,3.97954,0.0619456,-0.982701,0.174533,-2.56638,-0.998027,-0.0627766,0.000760242,-31.6251,0,0,0,1</mat>
				</frame>
				<frame num='19'>
					<mat>-0.0580475,0.200763,-0.977919,6.15785,-0.229416,-0.956037,-0.182653,-6.82575,-0.971596,0.213747,0.101554,-28.6215,0,0,0,1</mat>
				</frame>
				<frame num='20'>
					<mat>-0.0590178,0.265026,-0.962433,6.54697,-0.282039,-0.929261,-0.238597,-7.58344,-0.957586,0.257362,0.129591,-28.0862,0,0,0,1</mat>
				</frame>
				<frame num='21'>
					<mat>-0.0584701,0.256772,-0.964702,6.49811,-0.275557,-0.932963,-0.231623,-7.48814,-0.959505,0.252287,0.125306,-28.1534,0,0,0,1</mat>
				</frame>
				<frame num='22'>
					<mat>-0.0584701,0.256772,-0.964702,6.49811,-0.275557,-0.932963,-0.231623,-7.48814,-0.959505,0.252287,0.125306,-28.1534,0,0,0,1</mat>
				</frame>
				<frame num='23'>
					<mat>-0.0584701,0.256772,-0.964702,6.49811,-0.275557,-0.932963,-0.231623,-7.48814,-0.959505,0.252287,0.125306,-28.1534,0,0,0,1</mat>
				</frame>
				<frame num='24'>
					<mat>-0.0588536,0.259905,-0.963839,6.50222,-0.276382,-0.932013,-0.234447,-7.51479,-0.959244,0.252589,0.126685,-28.1484,0,0,0,1</mat>
				</frame>
				<frame num='25'>
					<mat>-0.0563335,0.240011,-0.969134,6.47688,-0.271151,-0.937871,-0.216507,-7.3484,-0.960887,0.250585,0.117913,-28.1807,0,0,0,1</mat>
				</frame>
				<frame num='26'>
					<mat>-0.03972,0.099044,-0.99429,6.29137,-0.234211,-0.968277,-0.0870965,-6.15451,-0.971374,0.229414,0.0616571,-28.4053,0,0,0,1</mat>
				</frame>
				<frame num='27'>
					<mat>-0.00421034,-0.202087,-0.979359,5.86917,-0.155002,-0.967399,0.200285,-3.50795,-0.987905,0.152645,-0.0272507,-28.8822,0,0,0,1</mat>
				</frame>
				<frame num='28'>
					<mat>0.0418575,-0.54111,-0.839909,5.27972,-0.0580975,-0.840542,0.538622,0.0282961,-0.997433,0.0262512,-0.0666202,-29.4706,0,0,0,1</mat>
				</frame>
				<frame num='29'>
					<mat>0.0817588,-0.76323,-0.640933,4.63881,0.0199358,-0.641705,0.766692,3.58394,-0.996453,-0.0754614,-0.0372495,-29.966,0,0,0,1</mat>
				</frame>
				<frame num='30'>
					<mat>0.101262,-0.844638,-0.525674,4.05058,0.0563176,-0.522676,0.850669,6.34998,-0.993264,-0.115745,-0.0053594,-30.2043,0,0,0,1</mat>
				</frame>
				<frame num='31'>
					<mat>0.102027,-0.853504,-0.511,3.58057,0.0610401,-0.507341,0.859581,7.90082,-0.992907,-0.118892,0.000335427,-30.1987,0,0,0,1</mat>
				</frame>
				<frame num='32'>
					<mat>0.104096,-0.851021,-0.51471,3.70867,0.0613754,-0.511039,0.857364,7.67457,-0.992672,-0.120839,-0.000965343,-30.4542,0,0,0,1</mat>
				</frame>
				<frame num='33'>
					<mat>0.126244,-0.859749,-0.494867,5.36709,0.0723496,-0.48955,0.868969,4.2777,-0.989357,-0.145506,0.000399609,-31.6522,0,0,0,1</mat>
				</frame>
				<frame num='34'>
					<mat>0.161392,-0.872332,-0.461508,7.999,0.0893942,-0.452794,0.887122,-1.07439,-0.982833,-0.18443,0.00490415,-33.3892,0,0,0,1</mat>
				</frame>
				<frame num='35'>
					<mat>0.183794,-0.879022,-0.439933,9.67913,0.0999854,-0.428517,0.897984,-4.49585,-0.977866,-0.209031,0.00913034,-34.4634,0,0,0,1</mat>
				</frame>
				<frame num='36'>
					<mat>0.188064,-0.880203,-0.435745,9.99978,0.101979,-0.423763,0.900014,-5.1491,-0.976848,-0.213697,0.0100674,-34.6657,0,0,0,1</mat>
				</frame>
				<frame num='37'>
					<mat>0.187391,-0.880022,-0.4364,9.94911,0.101662,-0.42451,0.899698,-5.04588,-0.97701,-0.21296,0.00991545,-34.6335,0,0,0,1</mat>
				</frame>
				<frame num='38'>
					<mat>0.187391,-0.880022,-0.4364,9.94911,0.101662,-0.42451,0.899698,-5.04588,-0.97701,-0.21296,0.00991545,-34.6335,0,0,0,1</mat>
				</frame>
				<frame num='39'>
					<mat>0.187391,-0.880022,-0.4364,9.94911,0.101662,-0.42451,0.899698,-5.04588,-0.97701,-0.21296,0.00991545,-34.6335,0,0,0,1</mat>
				</frame>
				<frame num='40'>
					<mat>0.187391,-0.880022,-0.4364,9.94911,0.101662,-0.42451,0.899698,-5.04588,-0.97701,-0.21296,0.00991545,-34.6335,0,0,0,1</mat>
				</frame>
				<frame num='41'>
					<mat>0.187391,-0.880022,-0.4364,9.94911,0.101662,-0.42451,0.899698,-5.04588,-0.97701,-0.21296,0.00991545,-34.6335,0,0,0,1</mat>
				</frame>
				<frame num='42'>
					<mat>0.187391,-0.880022,-0.4364,9.94911,0.101662,-0.42451,0.899698,-5.04588,-0.97701,-0.21296,0.00991545,-34.6335,0,0,0,1</mat>
				</frame>
				<frame num='43'>
					<mat>0.187391,-0.880022,-0.4364,9.94911,0.101662,-0.42451,0.899698,-5.04588,-0.97701,-0.21296,0.00991545,-34.6335,0,0,0,1</mat>
				</frame>
				<frame num='44'>
					<mat>0.187391,-0.880022,-0.4364,9.94911,0.101662,-0.42451,0.899698,-5.04588,-0.97701,-0.21296,0.00991545,-34.6335,0,0,0,1</mat>
				</frame>
				<frame num='45'>
					<mat>0.187391,-0.880022,-0.4364,9.94911,0.101662,-0.42451,0.899698,-5.04588,-0.97701,-0.21296,0.00991545,-34.6335,0,0,0,1</mat>
				</frame>
				<frame num='46'>
					<mat>0.187391,-0.880022,-0.4364,9.94911,0.101662,-0.42451,0.899698,-5.04588,-0.97701,-0.21296,0.00991545,-34.6335,0,0,0,1</mat>
				</frame>
				<frame num='47'>
					<mat>0.187391,-0.880022,-0.4364,9.94911,0.101662,-0.42451,0.899698,-5.04588,-0.97701,-0.21296,0.00991545,-34.6335,0,0,0,1</mat>
				</frame>
				<frame num='48'>
					<mat>0.187391,-0.880022,-0.4364,9.94911,0.101662,-0.42451,0.899698,-5.04588,-0.97701,-0.21296,0.00991545,-34.6335,0,0,0,1</mat>
				</frame>
				<frame num='49'>
					<mat>0.188024,-0.879704,-0.43677,9.96338,0.101903,-0.424829,0.89952,-5.05151,-0.976864,-0.213639,0.00976625,-34.6385,0,0,0,1</mat>
				</frame>
				<frame num='50'>
					<mat>0.184095,-0.881641,-0.434532,9.87502,0.100432,-0.422902,0.900593,-5.01664,-0.977764,-0.209436,0.0106907,-34.6078,0,0,0,1</mat>
				</frame>
				<frame num='51'>
					<mat>0.154274,-0.895825,-0.41677,9.20476,0.0889575,-0.407513,0.908856,-4.75289,-0.984015,-0.177288,0.0168218,-34.3676,0,0,0,1</mat>
				</frame>
				<frame num='52'>
					<mat>0.0867762,-0.923295,-0.374161,7.70038,0.0627079,-0.36977,0.927005,-4.16321,-0.994252,-0.103905,0.0258106,-33.8044,0,0,0,1</mat>
				</frame>
				<frame num='53'>
					<mat>-0.00331107,-0.949688,-0.31318,5.70866,0.0272162,-0.313151,0.949313,-3.38791,-0.999624,-0.00538032,0.0268837,-33.0027,0,0,0,1</mat>
				</frame>
				<frame num='54'>
					<mat>-0.0939721,-0.964159,-0.248125,3.70647,-0.0088177,-0.248412,0.968614,-2.61881,-0.995536,0.0932106,0.0148422,-32.0899,0,0,0,1</mat>
				</frame>
				<frame num='55'>
					<mat>-0.162395,-0.96712,-0.195722,2.19001,-0.0363385,-0.192358,0.980652,-2.04869,-0.986056,0.166366,-0.00390557,-31.2015,0,0,0,1</mat>
				</frame>
				<frame num='56'>
					<mat>-0.190968,-0.963733,-0.186414,1.52274,-0.0496633,-0.18018,0.982379,-1.88347,-0.980339,0.196861,-0.0134537,-30.4349,0,0,0,1</mat>
				</frame>
				<frame num='57'>
					<mat>-0.182346,-0.937053,-0.297793,1.45369,-0.0530431,-0.293055,0.954623,-2.36029,-0.981803,0.189868,0.00373312,-29.7296,0,0,0,1</mat>
				</frame>
				<frame num='58'>
					<mat>-0.154598,-0.843399,-0.514566,1.46237,-0.0542522,-0.512795,0.856795,-3.44273,-0.986487,0.160376,0.033521,-29.0018,0,0,0,1</mat>
				</frame>
				<frame num='59'>
					<mat>-0.115284,-0.689353,-0.715194,1.46237,-0.0534921,-0.714641,0.697443,-4.83987,-0.991891,0.118661,0.0455115,-28.3016,0,0,0,1</mat>
				</frame>
				<frame num='60'>
					<mat>-0.0602834,-0.489582,-0.869871,1.46237,-0.0383929,-0.869673,0.492132,-6.23496,-0.997443,0.0630643,0.0336304,-27.7053,0,0,0,1</mat>
				</frame>
				<frame num='61'>
					<mat>0.00221107,-0.269957,-0.96287,1.46237,-0.00404524,-0.962867,0.269947,-7.29401,-0.999989,0.00329817,-0.00322101,-27.2911,0,0,0,1</mat>
				</frame>
				<frame num='62'>
					<mat>0.0492311,-0.156028,-0.986525,1.46237,0.0359606,-0.986805,0.157867,-7.7394,-0.99814,-0.043248,-0.0429706,-27.1652,0,0,0,1</mat>
				</frame>
				<frame num='63'>
					<mat>0.0764413,-0.154683,-0.985002,1.46237,0.0805146,-0.983709,0.160729,-7.67193,-0.993818,-0.0915934,-0.0627417,-27.6764,0,0,0,1</mat>
				</frame>
				<frame num='64'>
					<mat>0.0956888,-0.175869,-0.979752,1.46237,0.132084,-0.973321,0.187614,-7.4085,-0.986609,-0.147362,-0.0699065,-28.8578,0,0,0,1</mat>
				</frame>
				<frame num='65'>
					<mat>0.108898,-0.209335,-0.971761,1.46237,0.181414,-0.956972,0.226479,-7.00862,-0.977359,-0.200954,-0.0662358,-30.2728,0,0,0,1</mat>
				</frame>
				<frame num='66'>
					<mat>0.116546,-0.255129,-0.959858,1.46237,0.218316,-0.936225,0.275355,-6.49858,-0.968894,-0.241644,-0.0534142,-31.4455,0,0,0,1</mat>
				</frame>
				<frame num='67'>
					<mat>0.118941,-0.312583,-0.942414,1.46237,0.232727,-0.913934,0.332509,-5.90364,-0.965241,-0.258874,-0.0359582,-31.9172,0,0,0,1</mat>
				</frame>
				<frame num='68'>
					<mat>0.114026,-0.393197,-0.912356,1.46237,0.218833,-0.88585,0.409123,-5.08144,-0.969077,-0.246304,-0.0149653,-31.7843,0,0,0,1</mat>
				</frame>
				<frame num='69'>
					<mat>0.101526,-0.49608,-0.862321,1.46237,0.183016,-0.842692,0.506335,-3.98038,-0.977854,-0.209225,0.0052357,-31.4937,0,0,0,1</mat>
				</frame>
				<frame num='70'>
					<mat>0.0851352,-0.599686,-0.795694,1.46237,0.135836,-0.784152,0.60552,-2.79128,-0.987067,-0.159635,0.0147002,-31.1398,0,0,0,1</mat>
				</frame>
				<frame num='71'>
					<mat>0.0686531,-0.686495,-0.723887,1.46237,0.0880461,-0.718598,0.68983,-1.7027,-0.993748,-0.111094,0.0111091,-30.795,0,0,0,1</mat>
				</frame>
				<frame num='72'>
					<mat>0.0558876,-0.744634,-0.66513,1.46237,0.0507895,-0.663188,0.746728,-0.903764,-0.997144,-0.0755145,0.000755581,-30.5323,0,0,0,1</mat>
				</frame>
			</track>
			<track id = '2' name='JNT_Spine'>
				<frame num='0'>
					<mat>-0.0159738,-0.744754,-0.667148,2.33433,-0.0306,-0.666556,0.744826,0.49068,-0.999404,0.0323124,-0.012142,-49.3646,0,0,0,1</mat>
				</frame>
				<frame num='1'>
					<mat>-0.0628018,-0.681978,-0.728671,2.11127,-0.105017,-0.721544,0.684358,1.50296,-0.992485,0.119502,-0.0263052,-49.4593,0,0,0,1</mat>
				</frame>
				<frame num='2'>
					<mat>-0.110919,-0.589571,-0.800064,1.82293,-0.208625,-0.773281,0.598758,2.81419,-0.971685,0.233327,-0.0372275,-49.6046,0,0,0,1</mat>
				</frame>
				<frame num='3'>
					<mat>-0.143191,-0.487366,-0.861377,1.53575,-0.316786,-0.801986,0.506424,4.13058,-0.937626,0.345388,-0.0395536,-49.8081,0,0,0,1</mat>
				</frame>
				<frame num='4'>
					<mat>-0.156479,-0.404079,-0.90124,1.31561,-0.400701,-0.808042,0.431865,5.15468,-0.902748,0.428706,-0.0354729,-50.1013,0,0,0,1</mat>
				</frame>
				<frame num='5'>
					<mat>-0.157684,-0.37094,-0.915172,1.24226,-0.431329,-0.807811,0.401742,5.63435,-0.888308,0.458088,-0.0326181,-50.5477,0,0,0,1</mat>
				</frame>
				<frame num='6'>
					<mat>-0.127172,-0.407955,-0.904102,1.61735,-0.350769,-0.834105,0.42571,6.49669,-0.927787,0.37127,-0.0370234,-51.492,0,0,0,1</mat>
				</frame>
				<frame num='7'>
					<mat>-0.0532267,-0.492649,-0.868599,2.41722,-0.16601,-0.853362,0.49418,8.20618,-0.984687,0.1705,-0.0363629,-52.4256,0,0,0,1</mat>
				</frame>
				<frame num='8'>
					<mat>0.0417445,-0.585147,-0.809852,3.20604,0.0243924,-0.80972,0.586309,9.74387,-0.99883,-0.0442294,-0.0195282,-52.63,0,0,0,1</mat>
				</frame>
				<frame num='9'>
					<mat>0.132586,-0.65645,-0.742627,3.58672,0.118589,-0.733353,0.669425,10.3217,-0.984052,-0.176824,-0.0193847,-52.513,0,0,0,1</mat>
				</frame>
				<frame num='10'>
					<mat>0.211072,-0.70455,-0.677538,3.61689,0.133561,-0.665865,0.73402,10.2622,-0.968303,-0.245424,-0.0464451,-52.5085,0,0,0,1</mat>
				</frame>
				<frame num='11'>
					<mat>0.279198,-0.737326,-0.615141,3.61344,0.140249,-0.602434,0.78575,10.197,-0.949936,-0.305653,-0.0647891,-52.5143,0,0,0,1</mat>
				</frame>
				<frame num='12'>
					<mat>0.329451,-0.755553,-0.566217,3.61179,0.147289,-0.551228,0.821252,10.1657,-0.932614,-0.353959,-0.0703178,-52.5134,0,0,0,1</mat>
				</frame>
				<frame num='13'>
					<mat>0.355034,-0.761858,-0.541778,3.60857,0.156395,-0.522961,0.837886,10.1426,-0.921678,-0.38221,-0.0665179,-52.5079,0,0,0,1</mat>
				</frame>
				<frame num='14'>
					<mat>0.362003,-0.762885,-0.535686,3.60331,0.165439,-0.51296,0.842319,10.1075,-0.917379,-0.393546,-0.0594823,-52.4988,0,0,0,1</mat>
				</frame>
				<frame num='15'>
					<mat>0.358367,-0.764154,-0.536323,3.59549,0.174352,-0.509591,0.842567,10.0396,-0.917156,-0.395457,-0.0493893,-52.4866,0,0,0,1</mat>
				</frame>
				<frame num='16'>
					<mat>0.343202,-0.770829,-0.536689,3.57187,0.192422,-0.501574,0.843444,10.0789,-0.91934,-0.392743,-0.0238166,-52.4836,0,0,0,1</mat>
				</frame>
				<frame num='17'>
					<mat>0.28957,-0.735548,-0.612469,3.6531,0.182368,-0.585763,0.789698,8.40957,-0.939623,-0.340367,-0.0354791,-52.3403,0,0,0,1</mat>
				</frame>
				<frame num='18'>
					<mat>0.086521,-0.35633,-0.930346,4.17291,-0.105743,-0.931857,0.347075,-1.39316,-0.990622,0.0683481,-0.118305,-50.5273,0,0,0,1</mat>
				</frame>
				<frame num='19'>
					<mat>-0.0726181,0.225719,-0.971482,5.05845,-0.587057,-0.797115,-0.141323,-11.1708,-0.806282,0.560053,0.190395,-47.0231,0,0,0,1</mat>
				</frame>
				<frame num='20'>
					<mat>-0.0292758,0.461979,-0.886407,5.4292,-0.800358,-0.542076,-0.256086,-12.9251,-0.598807,0.701946,0.385619,-46.2225,0,0,0,1</mat>
				</frame>
				<frame num='21'>
					<mat>0.199474,0.532721,-0.822447,5.39071,-0.834797,-0.347144,-0.427324,-12.7071,-0.513151,0.771816,0.375468,-46.3261,0,0,0,1</mat>
				</frame>
				<frame num='22'>
					<mat>0.216206,0.531965,-0.818699,5.39071,-0.831295,-0.339479,-0.440116,-12.7071,-0.512057,0.775736,0.368823,-46.3261,0,0,0,1</mat>
				</frame>
				<frame num='23'>
					<mat>0.106706,0.519055,-0.848054,5.39071,-0.836827,-0.41374,-0.358525,-12.7071,-0.536968,0.747931,0.390211,-46.3261,0,0,0,1</mat>
				</frame>
				<frame num='24'>
					<mat>0.00336431,0.493004,-0.870021,5.38756,-0.827487,-0.487128,-0.279234,-12.7493,-0.561475,0.72087,0.406315,-46.3161,0,0,0,1</mat>
				</frame>
				<frame num='25'>
					<mat>-0.0654826,0.434516,-0.898281,5.40995,-0.80321,-0.557102,-0.210929,-12.4839,-0.592086,0.707696,0.385488,-46.3795,0,0,0,1</mat>
				</frame>
				<frame num='26'>
					<mat>-0.147325,0.258555,-0.954696,5.53909,-0.744024,-0.664957,-0.0652715,-10.5904,-0.651708,0.700701,0.290336,-46.8027,0,0,0,1</mat>
				</frame>
				<frame num='27'>
					<mat>-0.267796,-0.088077,-0.959441,5.78943,-0.605395,-0.759295,0.238679,-6.44361,-0.749521,0.644758,0.150015,-47.5927,0,0,0,1</mat>
				</frame>
				<frame num='28'>
					<mat>-0.357103,-0.490234,-0.795077,6.07249,-0.383053,-0.699473,0.603331,-1.07205,-0.851908,0.520008,0.0619985,-48.3616,0,0,0,1</mat>
				</frame>
				<frame num='29'>
					<mat>-0.369073,-0.777783,-0.508761,6.18729,-0.17251,-0.480566,0.859824,3.96151,-0.91325,0.405104,0.0431888,-48.8384,0,0,0,1</mat>
				</frame>
				<frame num='30'>
					<mat>-0.33838,-0.90781,-0.24775,5.96845,-0.0681662,-0.238943,0.968638,7.41661,-0.938537,0.344656,0.0189713,-49.0163,0,0,0,1</mat>
				</frame>
				<frame num='31'>
					<mat>-0.27789,-0.951364,-0.132984,5.51292,-0.0343552,-0.128505,0.991114,9.05689,-0.959998,0.279989,0.00302596,-49.004,0,0,0,1</mat>
				</frame>
				<frame num='32'>
					<mat>-0.162435,-0.974417,-0.155329,5.6802,0.0216282,-0.160898,0.986734,8.837,-0.986482,0.156921,0.0472104,-49.255,0,0,0,1</mat>
				</frame>
				<frame num='33'>
					<mat>-0.0151642,-0.977796,-0.209011,7.75811,0.106048,-0.209429,0.972056,5.64797,-0.994245,-0.00742477,0.106869,-50.3902,0,0,0,1</mat>
				</frame>
				<frame num='34'>
