<?xml version='1.0' encoding='UTF-8' ?>
<itpanim>
	<skeleton count='66'>
		<joint id='0' name='JNT_World' parent='-1'>
			<mat>1,-0,0,0,0,1,0,0,-0,-0,1,-0,0,0,0,1</mat>
		</joint>
		<joint id='1' name='JNT_Root' parent='0'>
			<mat>6.12323e-017,0.995397,0.0958341,-34.5854,0,0.0958341,-0.995397,-7.46878,-1,6.09505e-017,5.86815e-018,-1.6945e-015,0,0,0,1</mat>
		</joint>
		<joint id='2' name='JNT_Spine' parent='1'>
			<mat>6.12323e-017,0.999353,0.0359728,-53.8766,0,0.0359728,-0.999353,-4.24572,-1,6.11927e-017,2.2027e-018,-3.04623e-015,0,0,0,1</mat>
		</joint>
		<joint id='3' name='JNT_Head' parent='2'>
			<mat>6.12323e-017,0.999353,0.0359728,-72.4306,0,0.0359728,-0.999353,-4.24572,-1,6.11927e-017,2.2027e-018,-4.1816e-015,0,0,0,1</mat>
		</joint>
		<joint id='4' name='JNT_L_Shoulder' parent='2'>
			<mat>0.904862,-0.411068,-0.110665,14.9583,0.405855,0.911467,-0.0671571,-62.6658,0.128474,0.0158538,0.991586,-4.16468,0,0,0,1</mat>
		</joint>
		<joint id='5' name='JNT_L_Elbow' parent='4'>
			<mat>0.875525,-0.397741,-0.274331,-1.32354,0.374328,0.917361,-0.135378,-62.1585,0.305506,0.0158374,0.952058,-8.98279,0,0,0,1</mat>
		</joint>
		<joint id='6' name='JNT_L_Wrist' parent='5'>
			<mat>0.0427898,-0.394603,-0.917855,14.1009,0.0183762,0.918852,-0.394175,-48.911,0.998915,-6.61411e-009,0.0465688,-40.4158,0,0,0,1</mat>
		</joint>
		<joint id='7' name='JNT_L_Thumb1' parent='6'>
			<mat>0.139528,-0.62081,-0.771444,14.8708,0.102928,0.783938,-0.612248,-48.483,0.984854,0.00602279,0.17328,-38.6666,0,0,0,1</mat>
		</joint>
		<joint id='8' name='JNT_L_Thumb2' parent='7'>
			<mat>0.27889,-0.643417,-0.712907,7.41074,0.22379,0.765467,-0.603307,-52.5339,0.933884,0.00871459,0.357471,-34.0512,0,0,0,1</mat>
		</joint>
		<joint id='9' name='JNT_L_Thumb3' parent='8'>
			<mat>0.139529,-0.62081,-0.771444,8.02301,0.107973,0.783958,-0.611352,-48.5516,0.984314,0.00200592,0.176416,-38.912,0,0,0,1</mat>
		</joint>
		<joint id='10' name='JNT_L_Point1' parent='6'>
			<mat>0.646161,-0.512405,-0.565612,-14.061,0.374877,0.858633,-0.349597,-62.8551,0.664788,0.0138605,0.746904,-24.9778,0,0,0,1</mat>
		</joint>
		<joint id='11' name='JNT_L_Point2' parent='10'>
			<mat>0.641973,-0.522728,-0.560916,-15.4403,0.382884,0.852387,-0.356141,-63.0546,0.664282,0.0138674,0.747353,-24.9469,0,0,0,1</mat>
		</joint>
		<joint id='12' name='JNT_L_Point3' parent='11'>
			<mat>0.644777,-0.566879,-0.512749,-15.5842,0.432889,0.823679,-0.366279,-64.5309,0.629976,0.0142043,0.776485,-22.7605,0,0,0,1</mat>
		</joint>
		<joint id='13' name='JNT_L_Point4' parent='12'>
			<mat>0.809536,-0.572624,0.129436,-16.8232,0.575898,0.817396,0.0143004,-66.1885,-0.113989,0.062965,0.991485,18.4416,0,0,0,1</mat>
		</joint>
		<joint id='14' name='JNT_L_Mid1' parent='6'>
			<mat>0.828779,-0.430111,-0.357953,-25.0352,0.38795,0.902641,-0.186369,-63.3856,0.403262,0.0155905,0.914952,-13.4961,0,0,0,1</mat>
		</joint>
		<joint id='15' name='JNT_L_mid2' parent='14'>
			<mat>0.817599,-0.427377,-0.38585,-27.6578,0.379136,0.903941,-0.197856,-63.0848,0.433345,0.0154773,0.901095,-15.2199,0,0,0,1</mat>
		</joint>
		<joint id='16' name='JNT_L_mid3' parent='15'>
			<mat>0.83696,-0.417183,-0.354198,-32.2262,0.377443,0.908689,-0.178389,-62.9899,0.396276,0.0156147,0.917999,-12.9727,0,0,0,1</mat>
		</joint>
		<joint id='17' name='JNT_L_mid4' parent='16'>
			<mat>0.83211,-0.520317,-0.191998,-28.1402,0.503032,0.853845,-0.133817,-67.399,0.233564,0.0147693,0.972229,-2.86992,0,0,0,1</mat>
		</joint>
		<joint id='18' name='JNT_L_Ring1' parent='6'>
			<mat>0.848615,-0.503728,-0.161588,-21.5082,0.491308,0.863716,-0.112299,-66.3423,0.196134,0.0159095,0.980448,-6.22846,0,0,0,1</mat>
		</joint>
		<joint id='19' name='JNT_L_Ring2' parent='18'>
			<mat>0.853327,-0.509135,-0.112318,-24.4502,0.502289,0.860541,-0.0847086,-66.6538,0.139782,0.0158682,0.990055,-3.08864,0,0,0,1</mat>
		</joint>
		<joint id='20' name='JNT_L_Ring3' parent='19'>
			<mat>0.855503,-0.500145,-0.134049,-27.3794,0.491192,0.865796,-0.0955414,-66.315,0.163844,0.015892,0.986358,-4.47537,0,0,0,1</mat>
		</joint>
		<joint id='21' name='JNT_L_Ring4' parent='20'>
			<mat>0.83211,-0.520317,-0.191998,-28.0009,0.503032,0.853845,-0.133817,-66.7307,0.233564,0.0147693,0.972229,-8.61653,0,0,0,1</mat>
		</joint>
		<joint id='22' name='JNT_L_Pink1' parent='6'>
			<mat>0.828505,-0.536702,0.159781,-18.2657,0.530207,0.843644,0.0845275,-65.1025,-0.180164,0.0146853,0.983527,10.8131,0,0,0,1</mat>
		</joint>
		<joint id='23' name='JNT_L_Pink2' parent='22'>
			<mat>0.839435,-0.526258,0.135656,-21.4435,0.522227,0.850195,0.0666875,-64.9976,-0.150429,0.0148634,0.988509,9.22881,0,0,0,1</mat>
		</joint>
		<joint id='24' name='JNT_L_Pink3' parent='23'>
			<mat>0.833367,-0.540044,0.11769,-22.6576,0.537142,0.841503,0.0578864,-65.462,-0.130298,0.0149758,0.991362,8.1193,0,0,0,1</mat>
		</joint>
		<joint id='25' name='JNT_L_Pink4' parent='24'>
			<mat>0.87054,-0.46355,0.16517,-29.5648,0.458454,0.885949,0.0701047,-62.8582,-0.178829,0.0146938,0.983771,10.8623,0,0,0,1</mat>
		</joint>
		<joint id='26' name='JNT_R_Shoulder' parent='2'>
			<mat>-0.904278,-0.41235,-0.110677,15.0468,-0.409296,0.911026,-0.0500947,-62.7075,0.121486,2.62803e-008,-0.992593,3.07532,0,0,0,1</mat>
		</joint>
		<joint id='27' name='JNT_R_Elbow' parent='26'>
			<mat>-0.876143,-0.396386,-0.274319,-1.41706,-0.378278,0.918084,-0.118438,-62.2801,0.298795,-1.22911e-007,-0.954317,7.8999,0,0,0,1</mat>
		</joint>
		<joint id='28' name='JNT_R_Wrist' parent='27'>
			<mat>-0.0480092,-0.380419,-0.923567,13.1468,-0.0197483,0.924814,-0.379906,-49.2044,0.998652,-8.38781e-008,-0.0519122,40.3813,0,0,0,1</mat>
		</joint>
		<joint id='29' name='JNT_R_Thumb1' parent='28'>
			<mat>-0.142968,-0.609212,-0.780014,14.107,-0.109832,0.793008,-0.599229,-49.1639,0.983614,1.52124e-007,-0.180286,38.2808,0,0,0,1</mat>
		</joint>
		<joint id='30' name='JNT_R_Thumb2' parent='29'>
			<mat>-0.281836,-0.633184,-0.720865,6.73872,-0.230561,0.774001,-0.589715,-53.1796,0.931349,4.41828e-007,-0.364129,33.4783,0,0,0,1</mat>
		</joint>
		<joint id='31' name='JNT_R_Thumb3' parent='30'>
			<mat>0.142968,-0.609209,-0.780016,19.4074,0.114871,0.793,-0.598295,-39.4697,0.983039,-0.0040638,0.183354,45.0093,0,0,0,1</mat>
		</joint>
		<joint id='32' name='JNT_R_Point1' parent='28'>
			<mat>-0.648476,-0.505746,-0.568946,-14.5063,-0.380167,0.862683,-0.333544,-63.2035,0.659508,-3.20541e-007,-0.751697,24.0416,0,0,0,1</mat>
		</joint>
		<joint id='33' name='JNT_R_Point2' parent='32'>
			<mat>-0.644228,-0.516094,-0.564461,-15.8829,-0.388172,0.856532,-0.340111,-63.4074,0.659008,-5.39847e-007,-0.752136,24.0108,0,0,0,1</mat>
		</joint>
		<joint id='34' name='JNT_R_Point3' parent='33'>
			<mat>-0.646549,-0.561014,-0.51695,-15.9711,-0.438174,0.827806,-0.350343,-64.8833,0.624482,1.23534e-007,-0.781039,21.7991,0,0,0,1</mat>
		</joint>
		<joint id='35' name='JNT_R_Point4' parent='34'>
			<mat>0.80672,-0.5773,0.126201,70.4629,0.578451,0.815124,0.031083,-3.75614,-0.120814,0.0479261,0.991518,6.45731,0,0,0,1</mat>
		</joint>
		<joint id='36' name='JNT_R_Mid1' parent='28'>
			<mat>-0.829893,-0.427283,-0.358758,-25.227,-0.392204,0.904118,-0.169548,-63.5581,0.396804,-1.86817e-007,-0.917903,12.4328,0,0,0,1</mat>
		</joint>
		<joint id='37' name='JNT_R_mid2' parent='36'>
			<mat>-0.818917,-0.424069,-0.386704,-27.8824,-0.383465,0.90563,-0.181078,-63.2711,0.427,-3.22184e-007,-0.904252,14.1663,0,0,0,1</mat>
		</joint>
		<joint id='38' name='JNT_R_mid3' parent='37'>
			<mat>-0.838095,-0.414449,-0.354724,-32.4127,-0.38167,0.910073,-0.161542,-63.1567,0.389776,-1.44135e-007,-0.92091,11.9062,0,0,0,1</mat>
		</joint>
		<joint id='39' name='JNT_R_mid4' parent='38'>
			<mat>0.831745,-0.520079,-0.194212,68.3611,0.506758,0.854118,-0.116959,-8.68951,0.226708,-0.00113881,0.973962,24.5252,0,0,0,1</mat>
		</joint>
		<joint id='40' name='JNT_R_Ring1' parent='28'>
			<mat>-0.848084,-0.504029,-0.163428,-21.4795,-0.494923,0.863687,-0.0953733,-66.4126,0.189222,-7.97913e-008,-0.981934,5.13718,0,0,0,1</mat>
		</joint>
		<joint id='41' name='JNT_R_Ring2' parent='40'>
			<mat>-0.852439,-0.510197,-0.114224,-24.369,-0.505677,0.860058,-0.0677592,-66.6915,0.13281,-8.86042e-008,-0.991141,1.99893,0,0,0,1</mat>
		</joint>
		<joint id='42' name='JNT_R_Ring3' parent='41'>
			<mat>-0.854788,-0.500898,-0.135788,-27.32,-0.494695,0.865506,-0.0785849,-66.3675,0.156888,-2.23087e-008,-0.987616,3.38416,0,0,0,1</mat>
		</joint>
		<joint id='43' name='JNT_R_Ring4' parent='42'>
			<mat>0.831745,-0.520079,-0.194212,69.9115,0.506758,0.854118,-0.116959,-7.16146,0.226708,-0.00113881,0.973962,19.1633,0,0,0,1</mat>
		</joint>
		<joint id='44' name='JNT_R_Pink1' parent='28'>
			<mat>-0.825578,-0.54194,0.157237,-17.8934,-0.53237,0.840418,0.101393,-64.9526,-0.187094,-1.3499e-007,-0.982342,-11.8314,0,0,0,1</mat>
		</joint>
		<joint id='45' name='JNT_R_Pink2' parent='44'>
			<mat>-0.83674,-0.531114,0.133357,-21.099,-0.524494,0.847301,0.0835919,-64.8678,-0.15739,-1.9097e-008,-0.987536,-10.2583,0,0,0,1</mat>
		</joint>
		<joint id='46' name='JNT_R_Pink3' parent='45'>
			<mat>-0.83072,-0.544655,0.115131,-22.3284,-0.539498,0.83866,0.0747702,-65.3397,-0.13728,-1.90167e-008,-0.990532,-9.15591,0,0,0,1</mat>
		</joint>
		<joint id='47' name='JNT_R_Pink4' parent='46'>
			<mat>0.867826,-0.469002,0.164058,68.7881,0.460839,0.883197,0.0871193,-10.7146,-0.185755,1.26021e-007,0.982596,-9.08966,0,0,0,1</mat>
		</joint>
		<joint id='48' name='JNT_Backpack' parent='2'>
			<mat>0.712368,0.701582,0.0177344,-45.4111,-0.701365,0.712589,-0.0174605,-45.3727,-0.0248873,-4.58724e-010,0.99969,-21.1582,0,0,0,1</mat>
		</joint>
		<joint id='49' name='JNT_L_Turbine' parent='48'>
			<mat>0.0248872,-5.19484e-008,-0.99969,21.1582,0.686678,0.72676,0.0170948,-76.0202,0.726535,-0.686891,0.0180871,42.6658,0,0,0,1</mat>
		</joint>
		<joint id='50' name='JNT_R_Turbine' parent='48'>
			<mat>0.0248872,-5.19484e-008,-0.99969,22.1874,-0.686678,-0.72676,-0.0170948,47.6238,-0.726535,0.686891,-0.0180871,-72.7103,0,0,0,1</mat>
		</joint>
		<joint id='51' name='JNT_Hips' parent='1'>
			<mat>0.0071556,0.999973,-0.00149929,-29.3612,-0.999946,0.00716663,0.00748372,-0.18315,0.00749426,0.00144566,0.999971,3.59705,0,0,0,1</mat>
		</joint>
		<joint id='52' name='JNT_L_Hip' parent='51'>
			<mat>0.178963,-0.977007,0.115889,25.1413,0.820079,0.213209,0.531048,-11.3958,-0.543546,-9.87082e-009,0.839379,6.72837,0,0,0,1</mat>
		</joint>
		<joint id='53' name='JNT_L_Knee' parent='52'>
			<mat>0.169789,-0.920092,0.352991,14.0668,0.398826,0.391703,0.82916,-9.61857,-0.901171,-4.29153e-007,0.433463,9.9194,0,0,0,1</mat>
		</joint>
		<joint id='54' name='JNT_L_Ankle' parent='53'>
			<mat>4.11401e-008,-0.654152,-0.756363,6.24056,0,0.756363,-0.654152,-3.20136,1,2.69119e-008,3.11168e-008,-12.2703,0,0,0,1</mat>
		</joint>
		<joint id='55' name='JNT_L_Ball' parent='54'>
			<mat>4.11402e-008,-0.0270172,-0.999635,-2.05887,0,0.999635,-0.0270172,-2.45181,1,1.11149e-009,4.11252e-008,-12.2703,0,0,0,1</mat>
		</joint>
		<joint id='56' name='JNT_L_Toe' parent='55'>
			<mat>4.11402e-008,-0.0270172,-0.999635,-9.18694,0,0.999635,-0.0270172,-2.45181,1,1.11149e-009,4.11252e-008,-12.2703,0,0,0,1</mat>
		</joint>
		<joint id='57' name='JNT_R_Hip' parent='51'>
			<mat>0.178963,0.977007,-0.115889,-25.1414,0.820079,-0.213209,-0.531048,11.3958,-0.543546,9.55452e-010,-0.839379,-6.72837,0,0,0,1</mat>
		</joint>
		<joint id='58' name='JNT_R_Knee' parent='57'>
			<mat>0.169789,0.920092,-0.352991,-14.0668,0.398826,-0.391703,-0.82916,9.61856,-0.901171,4.21543e-007,-0.433463,-9.91939,0,0,0,1</mat>
		</joint>
		<joint id='59' name='JNT_R_Ankle' parent='58'>
			<mat>6.12323e-017,0.654152,0.756363,-6.24057,0,-0.756363,0.654152,3.20136,1,-4.00553e-017,-4.63139e-017,12.2703,0,0,0,1</mat>
		</joint>
		<joint id='60' name='JNT_R_Ball' parent='59'>
			<mat>6.12323e-017,-0.0270172,-0.999635,-2.05887,0,0.999635,-0.0270172,-2.45181,1,1.65433e-018,6.121e-017,12.2703,0,0,0,1</mat>
		</joint>
		<joint id='61' name='JNT_R_Toe' parent='60'>
			<mat>5.4394e-008,0.0270172,0.999635,9.18693,0,-0.999635,0.0270172,2.45181,1,-1.46957e-009,-5.43741e-008,12.2703,0,0,0,1</mat>
		</joint>
		<joint id='62' name='JNT_Sack' parent='1'>
			<mat>6.12323e-017,0.995397,0.0958341,-35.2848,0,0.0958341,-0.995397,-25.6681,-1,6.09505e-017,5.86815e-018,-7.29532e-016,0,0,0,1</mat>
		</joint>
		<joint id='63' name='JNT_L_Flap' parent='1'>
			<mat>1,-0,0,-11.0807,0,1,0,-21.577,-0,-0,1,15.1924,0,0,0,1</mat>
		</joint>
		<joint id='64' name='JNT_R_Flap' parent='1'>
			<mat>1,0,-0,11.0807,0,-1,1.22465e-016,21.577,-0,-1.22465e-016,-1,-15.1924,0,0,0,1</mat>
		</joint>
		<joint id='65' name='JNT_Wrench' parent='0'>
			<mat>1,-0,0,0,0,1,0,0,-0,-0,1,-0,0,0,0,1</mat>
		</joint>
	</skeleton>
	<animations>
		<animation name='Take 001' length='74'>
			<track id = '0' name='JNT_World'>
				<frame num='0'>
					<mat>1,0,0,0,0,1,-6.12323e-017,0,-0,6.12323e-017,1,0,0,0,0,1</mat>
				</frame>
				<frame num='1'>
					<mat>1,0,0,0,0,1,-6.12323e-017,0,-0,6.12323e-017,1,0,0,0,0,1</mat>
				</frame>
				<frame num='2'>
					<mat>1,0,0,0,0,1,-6.12323e-017,0,-0,6.12323e-017,1,0,0,0,0,1</mat>
				</frame>
				<frame num='3'>
					<mat>1,0,0,0,0,1,-6.12323e-017,0,-0,6.12323e-017,1,0,0,0,0,1</mat>
				</frame>
				<frame num='4'>
					<mat>1,0,0,0,0,1,-6.12323e-017,0,-0,6.12323e-017,1,0,0,0,0,1</mat>
				</frame>
				<frame num='5'>
					<mat>1,0,0,0,0,1,-6.12323e-017,0,-0,6.12323e-017,1,0,0,0,0,1</mat>
				</frame>
				<frame num='6'>
					<mat>1,0,0,0,0,1,-6.12323e-017,0,-0,6.12323e-017,1,0,0,0,0,1</mat>
				</frame>
				<frame num='7'>
					<mat>1,0,0,0,0,1,-6.12323e-017,0,-0,6.12323e-017,1,0,0,0,0,1</mat>
				</frame>
				<frame num='8'>
					<mat>1,0,0,0,0,1,-6.12323e-017,0,-0,6.12323e-017,1,0,0,0,0,1</mat>
				</frame>
				<frame num='9'>
					<mat>1,0,0,0,0,1,-6.12323e-017,0,-0,6.12323e-017,1,0,0,0,0,1</mat>
				</frame>
				<frame num='10'>
					<mat>1,0,0,0,0,1,-6.12323e-017,0,-0,6.12323e-017,1,0,0,0,0,1</mat>
				</frame>
				<frame num='11'>
					<mat>1,0,0,0,0,1,-6.12323e-017,0,-0,6.12323e-017,1,0,0,0,0,1</mat>
				</frame>
				<frame num='12'>
					<mat>1,0,0,0,0,1,-6.12323e-017,0,-0,6.12323e-017,1,0,0,0,0,1</mat>
				</frame>
				<frame num='13'>
					<mat>1,0,0,0,0,1,-6.12323e-017,0,-0,6.12323e-017,1,0,0,0,0,1</mat>
				</frame>
				<frame num='14'>
					<mat>1,0,0,0,0,1,-6.12323e-017,0,-0,6.12323e-017,1,0,0,0,0,1</mat>
				</frame>
				<frame num='15'>
					<mat>1,0,0,0,0,1,-6.12323e-017,0,-0,6.12323e-017,1,0,0,0,0,1</mat>
				</frame>
				<frame num='16'>
					<mat>1,0,0,0,0,1,-6.12323e-017,0,-0,6.12323e-017,1,0,0,0,0,1</mat>
				</frame>
				<frame num='17'>
					<mat>1,0,0,0,0,1,-6.12323e-017,0,-0,6.12323e-017,1,0,0,0,0,1</mat>
				</frame>
				<frame num='18'>
					<mat>1,0,0,0,0,1,-6.12323e-017,0,-0,6.12323e-017,1,0,0,0,0,1</mat>
				</frame>
				<frame num='19'>
					<mat>1,0,0,0,0,1,-6.12323e-017,0,-0,6.12323e-017,1,0,0,0,0,1</mat>
				</frame>
				<frame num='20'>
					<mat>1,0,0,0,0,1,-6.12323e-017,0,-0,6.12323e-017,1,0,0,0,0,1</mat>
				</frame>
				<frame num='21'>
					<mat>1,0,0,0,0,1,-6.12323e-017,0,-0,6.12323e-017,1,0,0,0,0,1</mat>
				</frame>
				<frame num='22'>
					<mat>1,0,0,0,0,1,-6.12323e-017,0,-0,6.12323e-017,1,0,0,0,0,1</mat>
				</frame>
				<frame num='23'>
					<mat>1,0,0,0,0,1,-6.12323e-017,0,-0,6.12323e-017,1,0,0,0,0,1</mat>
				</frame>
				<frame num='24'>
					<mat>1,0,0,0,0,1,-6.12323e-017,0,-0,6.12323e-017,1,0,0,0,0,1</mat>
				</frame>
				<frame num='25'>
					<mat>1,0,0,0,0,1,-6.12323e-017,0,-0,6.12323e-017,1,0,0,0,0,1</mat>
				</frame>
				<frame num='26'>
					<mat>1,0,0,0,0,1,-6.12323e-017,0,-0,6.12323e-017,1,0,0,0,0,1</mat>
				</frame>
				<frame num='27'>
					<mat>1,0,0,0,0,1,-6.12323e-017,0,-0,6.12323e-017,1,0,0,0,0,1</mat>
				</frame>
				<frame num='28'>
					<mat>1,0,0,0,0,1,-6.12323e-017,0,-0,6.12323e-017,1,0,0,0,0,1</mat>
				</frame>
				<frame num='29'>
					<mat>1,0,0,0,0,1,-6.12323e-017,0,-0,6.12323e-017,1,0,0,0,0,1</mat>
				</frame>
				<frame num='30'>
					<mat>1,0,0,0,0,1,-6.12323e-017,0,-0,6.12323e-017,1,0,0,0,0,1</mat>
				</frame>
				<frame num='31'>
					<mat>1,0,0,0,0,1,-6.12323e-017,0,-0,6.12323e-017,1,0,0,0,0,1</mat>
				</frame>
				<frame num='32'>
					<mat>1,0,0,0,0,1,-6.12323e-017,0,-0,6.12323e-017,1,0,0,0,0,1</mat>
				</frame>
				<frame num='33'>
					<mat>1,0,0,0,0,1,-6.12323e-017,0,-0,6.12323e-017,1,0,0,0,0,1</mat>
				</frame>
				<frame num='34'>
					<mat>1,0,0,0,0,1,-6.12323e-017,0,-0,6.12323e-017,1,0,0,0,0,1</mat>
				</frame>
				<frame num='35'>
					<mat>1,0,0,0,0,1,-6.12323e-017,0,-0,6.12323e-017,1,0,0,0,0,1</mat>
				</frame>
				<frame num='36'>
					<mat>1,0,0,0,0,1,-6.12323e-017,0,-0,6.12323e-017,1,0,0,0,0,1</mat>
				</frame>
				<frame num='37'>
					<mat>1,0,0,0,0,1,-6.12323e-017,0,-0,6.12323e-017,1,0,0,0,0,1</mat>
				</frame>
				<frame num='38'>
					<mat>1,0,0,0,0,1,-6.12323e-017,0,-0,6.12323e-017,1,0,0,0,0,1</mat>
				</frame>
				<frame num='39'>
					<mat>1,0,0,0,0,1,-6.12323e-017,0,-0,6.12323e-017,1,0,0,0,0,1</mat>
				</frame>
				<frame num='40'>
					<mat>1,0,0,0,0,1,-6.12323e-017,0,-0,6.12323e-017,1,0,0,0,0,1</mat>
				</frame>
				<frame num='41'>
					<mat>1,0,0,0,0,1,-6.12323e-017,0,-0,6.12323e-017,1,0,0,0,0,1</mat>
				</frame>
				<frame num='42'>
					<mat>1,0,0,0,0,1,-6.12323e-017,0,-0,6.12323e-017,1,0,0,0,0,1</mat>
				</frame>
				<frame num='43'>
					<mat>1,0,0,0,0,1,-6.12323e-017,0,-0,6.12323e-017,1,0,0,0,0,1</mat>
				</frame>
				<frame num='44'>
					<mat>1,0,0,0,0,1,-6.12323e-017,0,-0,6.12323e-017,1,0,0,0,0,1</mat>
				</frame>
				<frame num='45'>
					<mat>1,0,0,0,0,1,-6.12323e-017,0,-0,6.12323e-017,1,0,0,0,0,1</mat>
				</frame>
				<frame num='46'>
					<mat>1,0,0,0,0,1,-6.12323e-017,0,-0,6.12323e-017,1,0,0,0,0,1</mat>
				</frame>
				<frame num='47'>
					<mat>1,0,0,0,0,1,-6.12323e-017,0,-0,6.12323e-017,1,0,0,0,0,1</mat>
				</frame>
				<frame num='48'>
					<mat>1,0,0,0,0,1,-6.12323e-017,0,-0,6.12323e-017,1,0,0,0,0,1</mat>
				</frame>
				<frame num='49'>
					<mat>1,0,0,0,0,1,-6.12323e-017,0,-0,6.12323e-017,1,0,0,0,0,1</mat>
				</frame>
				<frame num='50'>
					<mat>1,0,0,0,0,1,-6.12323e-017,0,-0,6.12323e-017,1,0,0,0,0,1</mat>
				</frame>
				<frame num='51'>
					<mat>1,0,0,0,0,1,-6.12323e-017,0,-0,6.12323e-017,1,0,0,0,0,1</mat>
				</frame>
				<frame num='52'>
					<mat>1,0,0,0,0,1,-6.12323e-017,0,-0,6.12323e-017,1,0,0,0,0,1</mat>
				</frame>
				<frame num='53'>
					<mat>1,0,0,0,0,1,-6.12323e-017,0,-0,6.12323e-017,1,0,0,0,0,1</mat>
				</frame>
				<frame num='54'>
					<mat>1,0,0,0,0,1,-6.12323e-017,0,-0,6.12323e-017,1,0,0,0,0,1</mat>
				</frame>
				<frame num='55'>
					<mat>1,0,0,0,0,1,-6.12323e-017,0,-0,6.12323e-017,1,0,0,0,0,1</mat>
				</frame>
				<frame num='56'>
					<mat>1,0,0,0,0,1,-6.12323e-017,0,-0,6.12323e-017,1,0,0,0,0,1</mat>
				</frame>
				<frame num='57'>
					<mat>1,0,0,0,0,1,-6.12323e-017,0,-0,6.12323e-017,1,0,0,0,0,1</mat>
				</frame>
				<frame num='58'>
					<mat>1,0,0,0,0,1,-6.12323e-017,0,-0,6.12323e-017,1,0,0,0,0,1</mat>
				</frame>
				<frame num='59'>
					<mat>1,0,0,0,0,1,-6.12323e-017,0,-0,6.12323e-017,1,0,0,0,0,1</mat>
				</frame>
				<frame num='60'>
					<mat>1,0,0,0,0,1,-6.12323e-017,0,-0,6.12323e-017,1,0,0,0,0,1</mat>
				</frame>
				<frame num='61'>
					<mat>1,0,0,0,0,1,-6.12323e-017,0,-0,6.12323e-017,1,0,0,0,0,1</mat>
				</frame>
				<frame num='62'>
					<mat>1,0,0,0,0,1,-6.12323e-017,0,-0,6.12323e-017,1,0,0,0,0,1</mat>
				</frame>
				<frame num='63'>
					<mat>1,0,0,0,0,1,-6.12323e-017,0,-0,6.12323e-017,1,0,0,0,0,1</mat>
				</frame>
				<frame num='64'>
					<mat>1,0,0,0,0,1,-6.12323e-017,0,-0,6.12323e-017,1,0,0,0,0,1</mat>
				</frame>
				<frame num='65'>
					<mat>1,0,0,0,0,1,-6.12323e-017,0,-0,6.12323e-017,1,0,0,0,0,1</mat>
				</frame>
				<frame num='66'>
					<mat>1,0,0,0,0,1,-6.12323e-017,0,-0,6.12323e-017,1,0,0,0,0,1</mat>
				</frame>
				<frame num='67'>
					<mat>1,0,0,0,0,1,-6.12323e-017,0,-0,6.12323e-017,1,0,0,0,0,1</mat>
				</frame>
				<frame num='68'>
					<mat>1,0,0,0,0,1,-6.12323e-017,0,-0,6.12323e-017,1,0,0,0,0,1</mat>
				</frame>
				<frame num='69'>
					<mat>1,0,0,0,0,1,-6.12323e-017,0,-0,6.12323e-017,1,0,0,0,0,1</mat>
				</frame>
				<frame num='70'>
					<mat>1,0,0,0,0,1,-6.12323e-017,0,-0,6.12323e-017,1,0,0,0,0,1</mat>
				</frame>
				<frame num='71'>
					<mat>1,0,0,0,0,1,-6.12323e-017,0,-0,6.12323e-017,1,0,0,0,0,1</mat>
				</frame>
				<frame num='72'>
					<mat>1,0,0,0,0,1,-6.12323e-017,0,-0,6.12323e-017,1,0,0,0,0,1</mat>
				</frame>
				<frame num='73'>
					<mat>1,0,0,0,0,1,-6.12323e-017,0,-0,6.12323e-017,1,0,0,0,0,1</mat>
				</frame>
			</track>
			<track id = '1' name='JNT_Root'>
				<frame num='0'>
					<mat>0.0460778,-0.743675,-0.666952,1.46237,0.998624,0.0510286,0.0120934,30.4507,0.02504,-0.666591,0.745003,0.0132872,0,0,0,1</mat>
				</frame>
				<frame num='1'>
					<mat>0.0343576,-0.684346,-0.728348,1.46237,0.999408,0.0222147,0.0262714,30.5298,-0.00179866,-0.728819,0.684704,1.53111,0,0,0,1</mat>
				</frame>
				<frame num='2'>
					<mat>0.0191146,-0.599605,-0.800068,1.46237,0.999143,-0.0179292,0.0373077,30.6795,-0.0367145,-0.800095,0.598749,3.50881,0,0,0,1</mat>
				</frame>
				<frame num='3'>
					<mat>0.00386713,-0.507279,-0.861773,1.46237,0.997426,-0.0597449,0.0396444,30.9146,-0.0715973,-0.859708,0.505742,5.49472,0,0,0,1</mat>
				</frame>
				<frame num='4'>
					<mat>-0.00786248,-0.431848,-0.901912,1.46237,0.995119,-0.0921018,0.0354246,31.2498,-0.0983658,-0.897232,0.430464,7.0372,0,0,0,1</mat>
				</frame>
				<frame num='5'>
					<mat>-0.0125541,-0.400746,-0.916103,1.46237,0.993957,-0.104918,0.032275,31.6997,-0.10905,-0.910162,0.399642,7.6846,0,0,0,1</mat>
				</frame>
				<frame num='6'>
					<mat>0.00719787,-0.418272,-0.908293,1.46237,0.999594,-0.0220406,0.0180712,32.543,-0.027578,-0.908055,0.417943,6.9755,0,0,0,1</mat>
				</frame>
				<frame num='7'>
					<mat>0.0506315,-0.45706,-0.887993,1.46237,0.987181,0.157659,-0.0248616,33.7339,0.151363,-0.875351,0.459184,5.33735,0,0,0,1</mat>
				</frame>
				<frame num='8'>
					<mat>0.0939696,-0.497351,-0.862445,1.46237,0.941251,0.326625,-0.0858007,34.8002,0.324369,-0.803715,0.498825,3.65182,0,0,0,1</mat>
				</frame>
				<frame num='9'>
					<mat>0.113615,-0.522801,-0.84485,1.46237,0.909765,0.396481,-0.123002,35.2695,0.399272,-0.75464,0.520673,2.80055,0,0,0,1</mat>
				</frame>
				<frame num='10'>
					<mat>0.11361,-0.534712,-0.837362,1.46237,0.909777,0.394677,-0.128592,35.2796,0.399248,-0.747203,0.531308,2.6924,0,0,0,1</mat>
				</frame>
				<frame num='11'>
					<mat>0.113579,-0.543982,-0.831375,1.46237,0.909856,0.393068,-0.13289,35.2823,0.399076,-0.741338,0.539589,2.63664,0,0,0,1</mat>
				</frame>
				<frame num='12'>
					<mat>0.113493,-0.550963,-0.826776,1.46237,0.910071,0.391511,-0.135976,35.2773,0.39861,-0.736993,0.545849,2.61551,0,0,0,1</mat>
				</frame>
				<frame num='13'>
					<mat>0.113326,-0.55599,-0.823427,1.46237,0.910489,0.389853,-0.137926,35.2639,0.397701,-0.734091,0.550403,2.61127,0,0,0,1</mat>
				</frame>
				<frame num='14'>
					<mat>0.113051,-0.559381,-0.821165,1.46237,0.911177,0.387927,-0.138815,35.2417,0.396202,-0.732534,0.553551,2.60619,0,0,0,1</mat>
				</frame>
				<frame num='15'>
					<mat>0.11264,-0.561448,-0.81981,1.46237,0.912198,0.385557,-0.138715,35.2101,0.393964,-0.732204,0.55558,2.5825,0,0,0,1</mat>
				</frame>
				<frame num='16'>
					<mat>0.112067,-0.562491,-0.819173,1.46237,0.913613,0.382558,-0.137699,35.1687,0.390836,-0.732975,0.556771,2.52248,0,0,0,1</mat>
				</frame>
				<frame num='17'>
					<mat>0.111304,-0.56281,-0.819058,1.46237,0.915479,0.378742,-0.135843,35.1167,0.386666,-0.734711,0.557396,2.40837,0,0,0,1</mat>
				</frame>
				<frame num='18'>
					<mat>0.0262948,-0.170063,-0.985082,3.98025,0.997934,0.0622591,0.0158895,31.6208,0.0586281,-0.983464,0.171349,-2.57666,0,0,0,1</mat>
				</frame>
				<frame num='19'>
					<mat>-0.0584702,0.256772,-0.964702,6.49811,0.959505,-0.252287,-0.125306,28.1534,-0.275557,-0.932963,-0.231623,-7.48814,0,0,0,1</mat>
				</frame>
				<frame num='20'>
					<mat>-0.0584702,0.256772,-0.964702,6.49811,0.959505,-0.252287,-0.125306,28.1534,-0.275557,-0.932963,-0.231623,-7.48814,0,0,0,1</mat>
				</frame>
				<frame num='21'>
					<mat>-0.0584702,0.256772,-0.964702,6.49811,0.959505,-0.252287,-0.125306,28.1534,-0.275557,-0.932963,-0.231623,-7.48814,0,0,0,1</mat>
				</frame>
				<frame num='22'>
					<mat>-0.0584702,0.256772,-0.964702,6.49811,0.959505,-0.252287,-0.125306,28.1534,-0.275557,-0.932963,-0.231623,-7.48814,0,0,0,1</mat>
				</frame>
				<frame num='23'>
					<mat>-0.0584702,0.256772,-0.964702,6.49811,0.959505,-0.252287,-0.125306,28.1534,-0.275557,-0.932963,-0.231623,-7.48814,0,0,0,1</mat>
				</frame>
				<frame num='24'>
					<mat>-0.0584702,0.256772,-0.964702,6.49811,0.959505,-0.252287,-0.125306,28.1534,-0.275557,-0.932963,-0.231623,-7.48814,0,0,0,1</mat>
				</frame>
				<frame num='25'>
					<mat>-0.0584702,0.256772,-0.964702,6.49811,0.959505,-0.252287,-0.125306,28.1534,-0.275557,-0.932963,-0.231623,-7.48814,0,0,0,1</mat>
				</frame>
				<frame num='26'>
					<mat>-0.0415572,0.125102,-0.991273,6.32764,0.969502,-0.23479,-0.0702757,28.3643,-0.241533,-0.963962,-0.111529,-6.38189,0,0,0,1</mat>
				</frame>
				<frame num='27'>
					<mat>-0.00118722,-0.194181,-0.980965,5.88801,0.987305,-0.156035,0.0296921,28.87,-0.158831,-0.968477,0.191901,-3.60724,0,0,0,1</mat>
				</frame>
				<frame num='28'>
					<mat>0.0469934,-0.54617,-0.836355,5.28687,0.997188,-0.0232752,0.0712299,29.4802,-0.0583699,-0.837351,0.543541,0.0196743,0,0,0,1</mat>
				</frame>
				<frame num='29'>
					<mat>0.0872815,-0.780008,-0.619653,4.6319,0.995842,0.0846041,0.0337717,30.0043,0.026083,-0.620024,0.784149,3.68267,0,0,0,1</mat>
				</frame>
				<frame num='30'>
					<mat>0.104138,-0.854712,-0.50855,4.03076,0.992671,0.120846,0.000169312,30.2521,0.0613115,-0.50484,0.861033,6.56561,0,0,0,1</mat>
				</frame>
				<frame num='31'>
					<mat>0.102165,-0.851856,-0.513716,3.59112,0.992934,0.118668,0.000691418,30.2057,0.0603728,-0.510156,0.85796,7.94688,0,0,0,1</mat>
				</frame>
				<frame num='32'>
					<mat>0.100193,-0.848965,-0.518864,3.42065,0.993191,0.116488,0.00118738,30.2651,0.0594334,-0.51545,0.854856,8.23012,0,0,0,1</mat>
				</frame>
				<frame num='33'>
					<mat>0.122902,-0.858406,-0.49803,5.11321,0.989908,0.141714,2.65658e-005,31.5121,0.070555,-0.493007,0.86716,4.79922,0,0,0,1</mat>
				</frame>
				<frame num='34'>
					<mat>0.164897,-0.873375,-0.458286,8.25655,0.982113,0.188218,-0.00531972,33.5581,0.0909038,-0.449211,0.888789,-1.59845,0,0,0,1</mat>
				</frame>
				<frame num='35'>
					<mat>0.187391,-0.880022,-0.4364,9.94911,0.97701,0.212961,-0.00991542,34.6335,0.101662,-0.42451,0.899698,-5.04588,0,0,0,1</mat>
				</frame>
				<frame num='36'>
					<mat>0.187391,-0.880022,-0.4364,9.94911,0.97701,0.212961,-0.00991542,34.6335,0.101662,-0.42451,0.899698,-5.04588,0,0,0,1</mat>
				</frame>
				<frame num='37'>
					<mat>0.187391,-0.880022,-0.4364,9.94911,0.97701,0.212961,-0.00991542,34.6335,0.101662,-0.42451,0.899698,-5.04588,0,0,0,1</mat>
				</frame>
				<frame num='38'>
					<mat>0.187391,-0.880022,-0.4364,9.94911,0.97701,0.212961,-0.00991542,34.6335,0.101662,-0.42451,0.899698,-5.04588,0,0,0,1</mat>
				</frame>
				<frame num='39'>
					<mat>0.187391,-0.880022,-0.4364,9.94911,0.97701,0.212961,-0.00991542,34.6335,0.101662,-0.42451,0.899698,-5.04588,0,0,0,1</mat>
				</frame>
				<frame num='40'>
					<mat>0.187391,-0.880022,-0.4364,9.94911,0.97701,0.212961,-0.00991542,34.6335,0.101662,-0.42451,0.899698,-5.04588,0,0,0,1</mat>
				</frame>
				<frame num='41'>
					<mat>0.187391,-0.880022,-0.4364,9.94911,0.97701,0.212961,-0.00991542,34.6335,0.101662,-0.42451,0.899698,-5.04588,0,0,0,1</mat>
				</frame>
				<frame num='42'>
					<mat>0.187391,-0.880022,-0.4364,9.94911,0.97701,0.212961,-0.00991542,34.6335,0.101662,-0.42451,0.899698,-5.04588,0,0,0,1</mat>
				</frame>
				<frame num='43'>
					<mat>0.187391,-0.880022,-0.4364,9.94911,0.97701,0.212961,-0.00991542,34.6335,0.101662,-0.42451,0.899698,-5.04588,0,0,0,1</mat>
				</frame>
				<frame num='44'>
					<mat>0.187391,-0.880022,-0.4364,9.94911,0.97701,0.212961,-0.00991542,34.6335,0.101662,-0.42451,0.899698,-5.04588,0,0,0,1</mat>
				</frame>
				<frame num='45'>
					<mat>0.187391,-0.880022,-0.4364,9.94911,0.97701,0.212961,-0.00991542,34.6335,0.101662,-0.42451,0.899698,-5.04588,0,0,0,1</mat>
				</frame>
				<frame num='46'>
					<mat>0.187391,-0.880022,-0.4364,9.94911,0.97701,0.212961,-0.00991542,34.6335,0.101662,-0.42451,0.899698,-5.04588,0,0,0,1</mat>
				</frame>
				<frame num='47'>
					<mat>0.187391,-0.880022,-0.4364,9.94911,0.97701,0.212961,-0.00991542,34.6335,0.101662,-0.42451,0.899698,-5.04588,0,0,0,1</mat>
				</frame>
				<frame num='48'>
					<mat>0.187391,-0.880022,-0.4364,9.94911,0.97701,0.212961,-0.00991542,34.6335,0.101662,-0.42451,0.899698,-5.04588,0,0,0,1</mat>
				</frame>
				<frame num='49'>
					<mat>0.187391,-0.880022,-0.4364,9.94911,0.97701,0.212961,-0.00991542,34.6335,0.101662,-0.42451,0.899698,-5.04588,0,0,0,1</mat>
				</frame>
				<frame num='50'>
					<mat>0.187391,-0.880022,-0.4364,9.94911,0.97701,0.212961,-0.00991542,34.6335,0.101662,-0.42451,0.899698,-5.04588,0,0,0,1</mat>
				</frame>
				<frame num='51'>
					<mat>0.159345,-0.893445,-0.419959,9.32046,0.983001,0.182892,-0.0161151,34.4111,0.0912052,-0.410252,0.9074,-4.79822,0,0,0,1</mat>
				</frame>
				<frame num='52'>
					<mat>0.0887164,-0.922397,-0.375916,7.74885,0.993985,0.106313,-0.0262826,33.8284,0.0642077,-0.371323,0.926281,-4.18164,0,0,0,1</mat>
				</frame>
				<frame num='53'>
					<mat>-0.0037198,-0.949586,-0.313485,5.70574,0.999605,0.00520348,-0.0276233,33.0121,0.0278619,-0.313464,0.949191,-3.38575,0,0,0,1</mat>
				</frame>
				<frame num='54'>
					<mat>-0.0961242,-0.964244,-0.246967,3.66263,0.995327,-0.0953939,-0.0149493,32.0887,-0.00914441,-0.24725,0.968908,-2.60017,0,0,0,1</mat>
				</frame>
				<frame num='55'>
					<mat>-0.166685,-0.966682,-0.194275,2.09102,0.985282,-0.170868,0.00485277,31.185,-0.0378865,-0.190607,0.980935,-2.01449,0,0,0,1</mat>
				</frame>
				<frame num='56'>
					<mat>-0.194694,-0.965476,-0.173062,1.46237,0.979556,-0.200494,0.0165173,30.4276,-0.0506449,-0.166308,0.984772,-1.81834,0,0,0,1</mat>
				</frame>
				<frame num='57'>
					<mat>-0.183589,-0.940885,-0.284657,1.46237,0.981602,-0.190928,-0.0020052,29.7368,-0.0524622,-0.279788,0.958627,-2.30247,0,0,0,1</mat>
				</frame>
				<frame num='58'>
					<mat>-0.155173,-0.842446,-0.515952,1.46237,0.986445,-0.160342,-0.0348678,28.9995,-0.0533548,-0.514369,0.855907,-3.4175,0,0,0,1</mat>
				</frame>
				<frame num='59'>
					<mat>-0.116813,-0.68888,-0.715402,1.46237,0.9917,-0.119876,-0.0464952,28.2925,-0.05373,-0.714895,0.697165,-4.84283,0,0,0,1</mat>
				</frame>
				<frame num='60'>
					<mat>-0.061814,-0.490742,-0.869109,1.46237,0.997332,-0.0642484,-0.0346558,27.6925,-0.0388318,-0.868933,0.493405,-6.25785,0,0,0,1</mat>
				</frame>
				<frame num='61'>
					<mat>0.00326162,-0.259497,-0.965738,1.46237,0.999988,-0.00274422,0.00411467,27.2762,-0.00371794,-0.96574,0.259485,-7.34197,0,0,0,1</mat>
				</frame>
				<frame num='62'>
					<mat>0.0507641,-0.147618,-0.987741,1.46237,0.99807,0.0429145,0.0448814,27.1204,0.0357631,-0.988113,0.149512,-7.77459,0,0,0,1</mat>
				</frame>
				<frame num='63'>
					<mat>0.0767774,-0.154485,-0.985007,1.46237,0.993846,0.0909753,0.0631981,27.6312,0.0798482,-0.983798,0.160519,-7.67986,0,0,0,1</mat>
				</frame>
				<frame num='64'>
					<mat>0.0961034,-0.175103,-0.979848,1.46237,0.986558,0.147464,0.070409,28.8458,0.132164,-0.973444,0.186921,-7.41594,0,0,0,1</mat>
				</frame>
				<frame num='65'>
					<mat>0.109267,-0.208753,-0.971845,1.46237,0.977198,0.201626,0.0665598,30.2869,0.182054,-0.956958,0.226024,-7.01319,0,0,0,1</mat>
				</frame>
				<frame num='66'>
					<mat>0.11679,-0.254591,-0.959971,1.46237,0.968653,0.242587,0.0535107,31.4777,0.219253,-0.936128,0.274942,-6.50198,0,0,0,1</mat>
				</frame>
				<frame num='67'>
					<mat>0.119185,-0.311593,-0.942711,1.46237,0.96494,0.259981,0.0360645,31.9409,0.23385,-0.913958,0.331655,-5.9127,0,0,0,1</mat>
				</frame>
				<frame num='68'>
					<mat>0.114132,-0.392466,-0.912658,1.46237,0.968909,0.246965,0.0149658,31.7875,0.219521,-0.88599,0.408451,-5.08935,0,0,0,1</mat>
				</frame>
				<frame num='69'>
					<mat>0.101487,-0.495754,-0.862513,1.46237,0.977787,0.209533,-0.0053837,31.4957,0.183394,-0.842807,0.506007,-3.98402,0,0,0,1</mat>
				</frame>
				<frame num='70'>
					<mat>0.0850249,-0.599853,-0.79558,1.46237,0.987072,0.159592,-0.0148395,31.1396,0.13587,-0.784032,0.605667,-2.78922,0,0,0,1</mat>
				</frame>
				<frame num='71'>
					<mat>0.068539,-0.686888,-0.723524,1.46237,0.993773,0.110869,-0.0111158,30.7935,0.0878517,-0.718257,0.69021,-1.69744,0,0,0,1</mat>
				</frame>
				<frame num='72'>
					<mat>0.0558445,-0.74481,-0.664936,1.46237,0.997153,0.0754057,-0.000717957,30.5314,0.0506747,-0.663002,0.7469,-0.90121,0,0,0,1</mat>
				</frame>
				<frame num='73'>
					<mat>0.0507641,-0.765864,-0.640995,1.46237,0.99807,0.0618868,0.00510025,30.4276,0.0357631,-0.640017,0.767528,-0.593022,0,0,0,1</mat>
				</frame>
			</track>
			<track id = '2' name='JNT_Spine'>
				<frame num='0'>
					<mat>-0.0158137,-0.744933,-0.666952,2.33507,0.999413,-0.0320433,0.0120934,49.3642,-0.0303801,-0.666369,0.745003,0.487535,0,0,0,1</mat>
				</frame>
				<frame num='1'>
					<mat>-0.0625313,-0.682348,-0.728348,2.11309,0.992547,-0.119001,0.0262714,49.4582,-0.1046,-0.721276,0.684704,1.49705,0,0,0,1</mat>
				</frame>
				<frame num='2'>
					<mat>-0.110841,-0.589581,-0.800068,1.8244,0.971688,-0.233304,0.0373077,49.6029,-0.208655,-0.773281,0.598749,2.81345,0,0,0,1</mat>
				</frame>
				<frame num='3'>
					<mat>-0.143262,-0.486645,-0.861773,1.53561,0.937343,-0.346145,0.0396444,49.8055,-0.317591,-0.802097,0.505742,4.1387,0,0,0,1</mat>
				</frame>
				<frame num='4'>
					<mat>-0.156507,-0.402567,-0.901912,1.31346,0.902097,-0.430077,0.0354246,50.097,-0.402152,-0.808068,0.430464,5.17419,0,0,0,1</mat>
				</frame>
				<frame num='5'>
					<mat>-0.158854,-0.368131,-0.916103,1.2246,0.885966,-0.462625,0.032275,50.5248,-0.435694,-0.806509,0.399642,5.61924,0,0,0,1</mat>
				</frame>
				<frame num='6'>
					<mat>-0.128926,-0.405505,-0.904955,1.5987,0.925823,-0.376174,0.0366623,51.4749,-0.355288,-0.833102,0.423925,6.45318,0,0,0,1</mat>
				</frame>
				<frame num='7'>
					<mat>-0.0538328,-0.491273,-0.86934,2.42131,0.984518,-0.171553,0.0359814,52.4307,-0.166815,-0.853944,0.492902,8.2041,0,0,0,1</mat>
				</frame>
				<frame num='8'>
					<mat>0.0427739,-0.585786,-0.809336,3.24212,0.998641,0.0492166,0.0171565,52.6271,0.0297828,-0.80897,0.587095,9.79524,0,0,0,1</mat>
				</frame>
				<frame num='9'>
					<mat>0.133712,-0.657402,-0.741582,3.61419,0.983322,0.181099,0.016757,52.5001,0.123284,-0.731454,0.670653,10.3626,0,0,0,1</mat>
				</frame>
				<frame num='10'>
					<mat>0.211382,-0.704716,-0.677269,3.61411,0.968365,0.245015,0.0472912,52.5104,0.132614,-0.66584,0.734214,10.254,0,0,0,1</mat>
				</frame>
				<frame num='11'>
					<mat>0.280404,-0.737837,-0.613979,3.61351,0.949638,0.30644,0.0654408,52.5147,0.139863,-0.601408,0.786605,10.195,0,0,0,1</mat>
				</frame>
				<frame num='12'>
					<mat>0.331547,-0.756284,-0.564014,3.61189,0.93194,0.35559,0.0710176,52.5137,0.146848,-0.549173,0.822706,10.165,0,0,0,1</mat>
				</frame>
				<frame num='13'>
					<mat>0.356519,-0.762231,-0.540276,3.60872,0.921104,0.383563,0.0666826,52.5082,0.156402,-0.521424,0.838842,10.1436,0,0,0,1</mat>
				</frame>
				<frame num='14'>
					<mat>0.362574,-0.762764,-0.535473,3.60351,0.917123,0.394127,0.0595715,52.4991,0.165605,-0.512693,0.842449,10.1101,0,0,0,1</mat>
				</frame>
				<frame num='15'>
					<mat>0.359497,-0.764041,-0.535727,3.59573,0.916799,0.396184,0.0501849,52.4868,0.173903,-0.509195,0.842898,10.044,0,0,0,1</mat>
				</frame>
				<frame num='16'>
					<mat>0.342897,-0.766644,-0.542843,3.58488,0.920447,0.389622,0.0311628,52.4721,0.187613,-0.510344,0.839256,9.92475,0,0,0,1</mat>
				</frame>
				<frame num='17'>
					<mat>0.30799,-0.77077,-0.557724,3.57043,0.927316,0.374245,-0.00511568,52.4555,0.212669,-0.515611,0.83001,9.73165,0,0,0,1</mat>
				</frame>
				<frame num='18'>
					<mat>0.115787,-0.364997,-0.923781,4.47826,0.988515,-0.0485856,0.143097,50.5212,-0.0971126,-0.92974,0.355179,-1.46627,0,0,0,1</mat>
				</frame>
				<frame num='19'>
					<mat>-0.0496398,0.283721,-0.957621,5.39071,0.774657,-0.594267,-0.216223,46.3261,-0.63043,-0.752562,-0.190287,-12.7071,0,0,0,1</mat>
				</frame>
				<frame num='20'>
					<mat>-0.0930111,0.464587,-0.880629,5.39071,0.582376,-0.692,-0.426583,46.3261,-0.807581,-0.552535,-0.206201,-12.7071,0,0,0,1</mat>
				</frame>
				<frame num='21'>
					<mat>0.265054,0.533607,-0.803125,5.39071,0.50069,-0.787988,-0.358308,46.3261,-0.824048,-0.307146,-0.476032,-12.7071,0,0,0,1</mat>
				</frame>
				<frame num='22'>
					<mat>0.216501,0.531877,-0.818679,5.39071,0.512176,-0.775782,-0.368562,46.3261,-0.831145,-0.339514,-0.440372,-12.7071,0,0,0,1</mat>
				</frame>
				<frame num='23'>
					<mat>0.106998,0.519796,-0.847563,5.39071,0.536434,-0.74792,-0.390966,46.3261,-0.837132,-0.412829,-0.358863,-12.7071,0,0,0,1</mat>
				</frame>
				<frame num='24'>
					<mat>-0.00615066,0.491243,-0.871001,5.39071,0.561651,-0.718954,-0.409455,46.3261,-0.827351,-0.491717,-0.271485,-12.7071,0,0,0,1</mat>
				</frame>
				<frame num='25'>
					<mat>-0.0631637,0.449102,-0.891245,5.39071,0.588278,-0.704635,-0.39676,46.3261,-0.806188,-0.549361,-0.21969,-12.7071,0,0,0,1</mat>
				</frame>
				<frame num='26'>
					<mat>-0.133041,0.282039,-0.950134,5.54057,0.645729,-0.7026,-0.298978,46.7263,-0.751887,-0.653305,-0.0886461,-10.9564,0,0,0,1</mat>
				</frame>
				<frame num='27'>
					<mat>-0.261355,-0.0813382,-0.96181,5.86552,0.747553,-0.647416,-0.148384,47.5692,-0.610622,-0.757784,0.23001,-6.61543,0,0,0,1</mat>
				</frame>
				<frame num='28'>
					<mat>-0.354499,-0.49721,-0.791904,6.1769,0.853583,-0.517831,-0.0569807,48.3665,-0.381742,-0.696156,0.607981,-1.08583,0,0,0,1</mat>
				</frame>
				<frame num='29'>
					<mat>-0.36747,-0.785332,-0.498215,6.28497,0.917276,-0.394469,-0.0547606,48.8652,-0.153525,-0.477124,0.865322,4.17667,0,0,0,1</mat>
				</frame>
				<frame num='30'>
					<mat>-0.33988,-0.913824,-0.222278,6.00309,0.938739,-0.343971,-0.021281,49.0528,-0.05701,-0.215894,0.974751,7.72682,0,0,0,1</mat>
				</frame>
				<frame num='31'>
					<mat>-0.288055,-0.951308,-0.109711,5.52609,0.956598,-0.291129,0.012769,49.0115,-0.0440872,-0.101271,0.993882,9.09032,0,0,0,1</mat>
				</frame>
				<frame num='32'>
					<mat>-0.169889,-0.972778,-0.15761,5.31826,0.985312,-0.164874,-0.0444676,49.0757,0.0172714,-0.16285,0.9865,9.35577,0,0,0,1</mat>
				</frame>
				<frame num='33'>
					<mat>-0.00706264,-0.975585,-0.219511,7.44092,0.993779,0.0175521,-0.109982,50.2605,0.11115,-0.218922,0.969391,6.1355,0,0,0,1</mat>
				</frame>
				<frame num='34'>
					<mat>0.105626,-0.967951,-0.227846,11.3796,0.979565,0.14072,-0.143704,52.159,0.171161,-0.208011,0.963034,0.123228,0,0,0,1</mat>
				</frame>
				<frame num='35'>
					<mat>0.130063,-0.969629,-0.20713,13.4982,0.974412,0.163624,-0.154106,53.1376,0.183317,-0.181786,0.9661,-3.12045,0,0,0,1</mat>
				</frame>
				<frame num='36'>
