<?xml version='1.0' encoding='UTF-8' ?>
<itpanim>
	<skeleton count='15'>
		<joint id='0' name='JNT_World' parent='-1'>
			<mat>0.271503,0,0,0,0,0.271503,0,0.499322,0,0,0.271503,0.35738,0,0,0,1</mat>
		</joint>
		<joint id='1' name='JNT_Root' parent='0'>
			<mat>1.66248e-017,-0.271503,0,19.5007,0.271503,1.66248e-017,0,-1.19407e-015,0,0,0.271503,0.35738,0,0,0,1</mat>
		</joint>
		<joint id='2' name='JNT_WheelSpokes' parent='1'>
			<mat>0.271503,0,0,0,0,0.271503,0,-9.50068,0,0,0.271503,0.35738,0,0,0,1</mat>
		</joint>
		<joint id='3' name='JNT_Middle' parent='1'>
			<mat>1.66248e-017,0.271503,0,-29.5007,0.271503,-1.66248e-017,-3.32495e-017,1.76263e-015,-3.32495e-017,2.03595e-033,-0.271503,-0.35738,0,0,0,1</mat>
		</joint>
		<joint id='4' name='JNT_BladeRot' parent='3'>
			<mat>1.66248e-017,0.271503,0,-42.3041,-0.271503,1.66248e-017,0,-2.59038e-015,0,0,0.271503,0.35738,0,0,0,1</mat>
		</joint>
		<joint id='5' name='JNT_Tier1' parent='4'>
			<mat>0.000843628,0.271502,0,-44.5005,-0.271502,0.000843628,0,-0.138274,0,0,0.271503,0.35738,0,0,0,1</mat>
		</joint>
		<joint id='6' name='JNT_Tier2' parent='5'>
			<mat>1.66248e-017,0.271503,0,-47.6923,-0.271503,1.66248e-017,0,0.00991717,0,0,0.271503,0.35738,0,0,0,1</mat>
		</joint>
		<joint id='7' name='JNT_Tier3' parent='6'>
			<mat>-0.00118559,0.2715,-5.09862e-035,-50.6079,0.2715,0.00118559,-3.32495e-017,-0.230913,-3.32492e-017,-1.45193e-019,-0.271503,-0.35738,0,0,0,1</mat>
		</joint>
		<joint id='8' name='JNT_Top' parent='7'>
			<mat>0.271503,0,0,0.00265239,0,0.271503,0,-53.4869,0,0,0.271503,0.35738,0,0,0,1</mat>
		</joint>
		<joint id='9' name='JNT_FrontBlade' parent='4'>
			<mat>0.269758,0,0.030735,0.0284205,0,0.271503,0,-44.3165,-0.030735,0,0.269758,-6.60547,0,0,0,1</mat>
		</joint>
		<joint id='10' name='JNT_FrontBlade_Tip' parent='9'>
			<mat>0.271503,0,0,0.0668498,0,0.271503,0,-57.149,0,0,0.271503,-16.7737,0,0,0,1</mat>
		</joint>
		<joint id='11' name='JNT_RightBlade' parent='4'>
			<mat>-0.11043,1.35238e-017,-0.24803,-0.33141,6.36245e-017,0.271503,-1.35238e-017,-44.3165,0.24803,-6.36245e-017,-0.11043,-7.41958,0,0,0,1</mat>
		</joint>
		<joint id='12' name='JNT_RightBlade_Tip' parent='11'>
			<mat>0.271503,0,0,-15.1392,0,0.271503,0,-57.1622,0,0,0.271503,9.02438,0,0,0,1</mat>
		</joint>
		<joint id='13' name='JNT_LeftBlade' parent='4'>
			<mat>-0.18689,2.28875e-017,0.196941,0.26994,5.73679e-017,0.271503,2.28875e-017,-44.3165,-0.196941,5.73679e-017,-0.18689,-7.55829,0,0,0,1</mat>
		</joint>
		<joint id='14' name='JNT_LeftBlade_Tip' parent='13'>
			<mat>0.271503,0,0,13.9105,0,0.271503,0,-57.1334,0,0,0.271503,10.9107,0,0,0,1</mat>
		</joint>
	</skeleton>
	<animations>
		<animation name='Take 001' length='36'>
			<track id = '0' name='JNT_World'>
				<frame num='0'>
					<mat>1,0,0,0,0,1,0,0,0,0,1,0,0,0,0,1</mat>
				</frame>
				<frame num='1'>
					<mat>1,0,0,0,0,1,0,0,0,0,1,0,0,0,0,1</mat>
				</frame>
				<frame num='2'>
					<mat>1,0,0,0,0,1,0,0,0,0,1,0,0,0,0,1</mat>
				</frame>
				<frame num='3'>
					<mat>1,0,0,0,0,1,0,0,0,0,1,0,0,0,0,1</mat>
				</frame>
				<frame num='4'>
					<mat>1,0,0,0,0,1,0,0,0,0,1,0,0,0,0,1</mat>
				</frame>
				<frame num='5'>
					<mat>1,0,0,0,0,1,0,0,0,0,1,0,0,0,0,1</mat>
				</frame>
				<frame num='6'>
					<mat>1,0,0,0,0,1,0,0,0,0,1,0,0,0,0,1</mat>
				</frame>
				<frame num='7'>
					<mat>1,0,0,0,0,1,0,0,0,0,1,0,0,0,0,1</mat>
				</frame>
				<frame num='8'>
					<mat>1,0,0,0,0,1,0,0,0,0,1,0,0,0,0,1</mat>
				</frame>
				<frame num='9'>
					<mat>1,0,0,0,0,1,0,0,0,0,1,0,0,0,0,1</mat>
				</frame>
				<frame num='10'>
					<mat>1,0,0,0,0,1,0,0,0,0,1,0,0,0,0,1</mat>
				</frame>
				<frame num='11'>
					<mat>1,0,0,0,0,1,0,0,0,0,1,0,0,0,0,1</mat>
				</frame>
				<frame num='12'>
					<mat>1,0,0,0,0,1,0,0,0,0,1,0,0,0,0,1</mat>
				</frame>
				<frame num='13'>
					<mat>1,0,0,0,0,1,0,0,0,0,1,0,0,0,0,1</mat>
				</frame>
				<frame num='14'>
					<mat>1,0,0,0,0,1,0,0,0,0,1,0,0,0,0,1</mat>
				</frame>
				<frame num='15'>
					<mat>1,0,0,0,0,1,0,0,0,0,1,0,0,0,0,1</mat>
				</frame>
				<frame num='16'>
					<mat>1,0,0,0,0,1,0,0,0,0,1,0,0,0,0,1</mat>
				</frame>
				<frame num='17'>
					<mat>1,0,0,0,0,1,0,0,0,0,1,0,0,0,0,1</mat>
				</frame>
				<frame num='18'>
					<mat>1,0,0,0,0,1,0,0,0,0,1,0,0,0,0,1</mat>
				</frame>
				<frame num='19'>
					<mat>1,0,0,0,0,1,0,0,0,0,1,0,0,0,0,1</mat>
				</frame>
				<frame num='20'>
					<mat>1,0,0,0,0,1,0,0,0,0,1,0,0,0,0,1</mat>
				</frame>
				<frame num='21'>
					<mat>1,0,0,0,0,1,0,0,0,0,1,0,0,0,0,1</mat>
				</frame>
				<frame num='22'>
					<mat>1,0,0,0,0,1,0,0,0,0,1,0,0,0,0,1</mat>
				</frame>
				<frame num='23'>
					<mat>1,0,0,0,0,1,0,0,0,0,1,0,0,0,0,1</mat>
				</frame>
				<frame num='24'>
					<mat>1,0,0,0,0,1,0,0,0,0,1,0,0,0,0,1</mat>
				</frame>
				<frame num='25'>
					<mat>1,0,0,0,0,1,0,0,0,0,1,0,0,0,0,1</mat>
				</frame>
				<frame num='26'>
					<mat>1,0,0,0,0,1,0,0,0,0,1,0,0,0,0,1</mat>
				</frame>
				<frame num='27'>
					<mat>1,0,0,0,0,1,0,0,0,0,1,0,0,0,0,1</mat>
				</frame>
				<frame num='28'>
					<mat>1,0,0,0,0,1,0,0,0,0,1,0,0,0,0,1</mat>
				</frame>
				<frame num='29'>
					<mat>1,0,0,0,0,1,0,0,0,0,1,0,0,0,0,1</mat>
				</frame>
				<frame num='30'>
					<mat>1,0,0,0,0,1,0,0,0,0,1,0,0,0,0,1</mat>
				</frame>
				<frame num='31'>
					<mat>1,0,0,0,0,1,0,0,0,0,1,0,0,0,0,1</mat>
				</frame>
				<frame num='32'>
					<mat>1,0,0,0,0,1,0,0,0,0,1,0,0,0,0,1</mat>
				</frame>
				<frame num='33'>
					<mat>1,0,0,0,0,1,0,0,0,0,1,0,0,0,0,1</mat>
				</frame>
				<frame num='34'>
					<mat>1,0,0,0,0,1,0,0,0,0,1,0,0,0,0,1</mat>
				</frame>
				<frame num='35'>
					<mat>1,0,0,0,0,1,0,0,0,0,1,0,0,0,0,1</mat>
				</frame>
			</track>
			<track id = '1' name='JNT_Root'>
				<frame num='0'>
					<mat>2.83291e-016,1,8.40896e-019,0,-0.99943,2.83101e-016,0.0337689,19.8423,0.0337689,-1.04069e-017,0.99943,-1.52978,0,0,0,1</mat>
				</frame>
				<frame num='1'>
					<mat>1.73702e-016,1,2.57872e-017,0,-0.991507,1.68873e-016,0.130052,19.448,0.130052,-4.81585e-017,0.991507,-4.91948,0,0,0,1</mat>
				</frame>
				<frame num='2'>
					<mat>2.85269e-016,1,1.69279e-017,0,-0.972676,2.73544e-016,0.232169,18.9355,0.232169,-8.2696e-017,0.972676,-8.36967,0,0,0,1</mat>
				</frame>
				<frame num='3'>
					<mat>7.17219e-017,1,8.05202e-017,0,-0.944019,4.11439e-017,0.329891,18.4229,0.329891,-9.9673e-017,0.944019,-10.0809,0,0,0,1</mat>
				</frame>
				<frame num='4'>
					<mat>2.81222e-016,1,-9.42857e-018,0,-0.909268,2.5963e-016,0.416212,18.0287,0.416212,-1.08475e-016,0.909268,-10.3208,0,0,0,1</mat>
				</frame>
				<frame num='5'>
					<mat>2.90407e-016,1,2.85962e-017,0,-0.882948,2.42989e-016,0.469472,17.8709,0.469472,-1.61587e-016,0.882948,-10.5476,0,0,0,1</mat>
				</frame>
				<frame num='6'>
					<mat>2.89765e-016,1,2.53751e-017,0,-0.877278,2.42025e-016,0.479983,17.9412,0.479983,-1.61343e-016,0.877278,-10.7476,0,0,0,1</mat>
				</frame>
				<frame num='7'>
					<mat>2.89422e-016,1,2.37321e-017,0,-0.874328,2.41532e-016,0.485336,18.0854,0.485336,-1.61216e-016,0.874328,-10.9072,0,0,0,1</mat>
				</frame>
				<frame num='8'>
					<mat>2.89122e-016,1,2.23325e-017,0,-0.871784,2.41111e-016,0.48989,18.2034,0.48989,-1.61107e-016,0.871784,-11.013,0,0,0,1</mat>
				</frame>
				<frame num='9'>
					<mat>8.83493e-017,1,1.31437e-016,0,-0.869379,1.18601e-017,0.494146,18.2744,0.494146,-1.57926e-016,0.869379,-11.0513,0,0,0,1</mat>
				</frame>
				<frame num='10'>
					<mat>2.88573e-016,1,1.98622e-017,0,-0.867225,2.40368e-016,0.497917,18.34,0.497917,-1.60911e-016,0.867225,-7.94268,0,0,0,1</mat>
				</frame>
				<frame num='11'>
					<mat>1.81188e-016,1,4.79552e-017,0,-0.866025,1.32936e-016,0.5,18.3942,0.5,-1.32124e-016,0.866025,-1.10377,0,0,0,1</mat>
				</frame>
				<frame num='12'>
					<mat>2.83981e-016,1,8.44737e-018,0,-0.986216,2.78668e-016,0.165464,18.4311,0.165464,-5.53195e-017,0.986216,5.73514,0,0,0,1</mat>
				</frame>
				<frame num='13'>
					<mat>2.89939e-016,1,-2.62308e-017,0,-0.878798,2.42281e-016,-0.477193,18.4447,-0.477193,1.61409e-016,0.878798,8.84373,0,0,0,1</mat>
				</frame>
				<frame num='14'>
					<mat>4.8004e-016,1,1.03693e-016,0,-0.656348,3.93305e-016,-0.754458,15.3546,-0.754458,2.94111e-016,0.656348,8.52617,0,0,0,1</mat>
				</frame>
				<frame num='15'>
					<mat>1.84697e-016,1,-5.25295e-017,0,-0.725893,9.79404e-017,-0.687807,16.139,-0.687807,1.65167e-016,0.725893,7.66421,0,0,0,1</mat>
				</frame>
				<frame num='16'>
					<mat>2.81044e-016,1,6.92639e-018,0,-0.811765,2.32187e-016,-0.583985,17.4546,-0.583985,1.58503e-016,0.811765,6.39395,0,0,0,1</mat>
				</frame>
				<frame num='17'>
					<mat>1.76987e-016,1,-3.28991e-017,0,-0.892362,1.43089e-016,-0.45132,17.6093,-0.45132,1.09236e-016,0.892362,4.8515,0,0,0,1</mat>
				</frame>
				<frame num='18'>
					<mat>6.76113e-017,1,-5.85359e-017,0,-0.954091,4.69749e-017,-0.299517,17.7041,-0.299517,7.60993e-017,0.954091,3.17294,0,0,0,1</mat>
				</frame>
				<frame num='19'>
					<mat>2.83353e-016,1,-1.06356e-018,0,-0.989746,2.80296e-016,-0.142839,17.9978,-0.142839,4.15265e-017,0.989746,1.49439,0,0,0,1</mat>
				</frame>
				<frame num='20'>
					<mat>2.83277e-016,1,1.7249e-019,0,-0.999997,2.83276e-016,0.00245297,18.3413,0.00245297,-8.67361e-019,0.999997,-0.0480644,0,0,0,1</mat>
				</frame>
				<frame num='21'>
					<mat>2.83719e-016,1,7.28378e-018,0,-0.992654,2.80754e-016,0.120988,18.6911,0.120988,-4.15568e-017,0.992654,-1.31832,0,0,0,1</mat>
				</frame>
				<frame num='22'>
					<mat>6.36083e-017,1,3.47109e-017,0,-0.979809,5.53841e-017,0.199935,19.0035,0.199935,-4.67276e-017,0.979809,-2.18028,0,0,0,1</mat>
				</frame>
				<frame num='23'>
					<mat>2.83761e-016,1,4.18197e-018,0,-0.973529,2.75294e-016,0.228562,19.235,0.228562,-6.89282e-017,0.973529,-2.49784,0,0,0,1</mat>
				</frame>
				<frame num='24'>
					<mat>2.82519e-016,1,-6.83701e-018,0,-0.975746,2.77164e-016,0.218904,19.4031,0.218904,-5.51735e-017,0.975746,-2.39052,0,0,0,1</mat>
				</frame>
				<frame num='25'>
					<mat>1.74174e-016,1,2.50748e-017,0,-0.981131,1.6604e-016,0.193343,19.5532,0.193343,-5.82771e-017,0.981131,-2.10756,0,0,0,1</mat>
				</frame>
				<frame num='26'>
					<mat>2.84135e-016,1,1.08687e-017,0,-0.987601,2.78906e-016,0.156985,19.684,0.156985,-5.53388e-017,0.987601,-1.70751,0,0,0,1</mat>
				</frame>
				<frame num='27'>
					<mat>2.83795e-016,1,8.97467e-018,0,-0.99336,2.80878e-016,0.115045,19.7941,0.115045,-4.15642e-017,0.99336,-1.24892,0,0,0,1</mat>
				</frame>
				<frame num='28'>
					<mat>2.83536e-016,1,7.08663e-018,0,-0.997339,2.82265e-016,0.0728985,19.8821,0.0728985,-2.77371e-017,0.997339,-0.790334,0,0,0,1</mat>
				</frame>
				<frame num='29'>
					<mat>2.83281e-016,1,2.02033e-019,0,-0.999351,2.83089e-016,0.0360235,19.9467,0.0360235,-1.04067e-017,0.999351,-0.390289,0,0,0,1</mat>
				</frame>
				<frame num='30'>
					<mat>2.8328e-016,1,6.62565e-019,0,-0.999951,2.8326e-016,0.00990846,19.9864,0.00990846,-3.4694e-018,0.999951,-0.10733,0,0,0,1</mat>
				</frame>
				<frame num='31'>
					<mat>2.83277e-016,1,0,0,-1,2.83277e-016,0,20,0,0,1,0,0,0,0,1</mat>
				</frame>
				<frame num='32'>
					<mat>2.83277e-016,1,0,0,-1,2.83277e-016,0,20,0,0,1,0,0,0,0,1</mat>
				</frame>
				<frame num='33'>
					<mat>2.83277e-016,1,0,0,-1,2.83277e-016,0,20,0,0,1,0,0,0,0,1</mat>
				</frame>
				<frame num='34'>
					<mat>2.83277e-016,1,0,0,-1,2.83277e-016,0,20,0,0,1,0,0,0,0,1</mat>
				</frame>
				<frame num='35'>
					<mat>2.83277e-016,1,0,0,-1,2.83277e-016,0,20,0,0,1,0,0,0,0,1</mat>
				</frame>
			</track>
			<track id = '2' name='JNT_WheelSpokes'>
				<frame num='0'>
					<mat>1,-1.33523e-019,8.30349e-019,6.12465e-016,-1.42021e-020,0.984495,0.175414,9.848,-8.40896e-019,-0.175414,0.984495,-1.19209,0,0,0,1</mat>
				</frame>
				<frame num='1'>
					<mat>1,1.75362e-016,1.58942e-016,-3.81409e-015,-2.35789e-016,0.796156,0.605092,9.53295,-2.04324e-017,-0.605092,0.796156,-3.61896,0,0,0,1</mat>
				</frame>
				<frame num='2'>
					<mat>1,-1.11647e-016,-4.92445e-017,6.32246e-016,7.83575e-017,0.278166,0.960533,9.20872,-9.3543e-017,-0.960533,0.278166,-6.04799,0,0,0,1</mat>
				</frame>
				<frame num='3'>
					<mat>1,-1.91757e-016,4.33598e-016,-3.72367e-015,-4.74005e-016,-0.423461,0.905914,8.98273,9.89625e-018,-0.905914,-0.423461,-6.78201,0,0,0,1</mat>
				</frame>
				<frame num='4'>
					<mat>1,8.50121e-018,3.64262e-017,5.9177e-016,7.65116e-018,-0.999729,0.0232731,8.93598,3.66142e-017,-0.0232731,-0.999729,-6.1587,0,0,0,1</mat>
				</frame>
				<frame num='5'>
					<mat>1,2.30944e-017,-1.83092e-017,1.79384e-015,-7.12985e-018,-0.413221,-0.910631,9.04147,-2.85962e-017,0.910631,-0.413221,-5.85285,0,0,0,1</mat>
				</frame>
				<frame num='6'>
					<mat>1,2.61904e-017,2.353e-019,6.77203e-016,-6.48793e-018,0.256406,-0.966569,9.16843,-2.53751e-017,0.966569,0.256406,-5.94773,0,0,0,1</mat>
				</frame>
				<frame num='7'>
					<mat>1,1.08543e-016,-5.80247e-017,6.73775e-016,-1.15622e-016,0.666862,-0.745181,9.34208,-4.219e-017,0.745181,0.666862,-6.05388,0,0,0,1</mat>
				</frame>
				<frame num='8'>
					<mat>1,-1.77809e-016,1.25076e-016,6.70773e-016,2.16199e-016,0.873642,-0.486569,9.48559,-2.27549e-017,0.486569,0.873642,-6.11411,0,0,0,1</mat>
				</frame>
				<frame num='9'>
					<mat>1,3.2486e-016,-1.17055e-016,-3.5574e-015,-3.45158e-016,0.930494,-0.366307,9.58063,-1.00797e-017,0.366307,0.930494,-6.10982,0,0,0,1</mat>
				</frame>
				<frame num='10'>
					<mat>1,1.03755e-016,-6.25486e-017,1.77551e-015,-1.14609e-016,0.642826,-0.766012,9.66774,-3.92697e-017,0.766012,0.642826,-2.96351,0,0,0,1</mat>
				</frame>
				<frame num='11'>
					<mat>1,-6.14152e-017,-9.46049e-017,-1.51879e-015,-1.12389e-016,-0.47181,-0.8817,9.73392,9.51421e-018,0.8817,-0.47181,3.89623,0,0,0,1</mat>
				</frame>
				<frame num='12'>
					<mat>1,-6.5329e-018,-5.40134e-018,-4.90862e-016,-7.03718e-019,-0.698986,0.715135,8.5689,-8.44737e-018,-0.715135,-0.698986,7.38978,0,0,0,1</mat>
				</frame>
				<frame num='13'>
					<mat>1,1.09577e-017,-5.37058e-017,6.78947e-016,-1.43461e-017,0.997982,-0.063504,9.65668,5.29016e-017,0.063504,0.997982,4.0718,0,0,0,1</mat>
				</frame>
				<frame num='14'>
					<mat>1,1.54946e-016,2.89939e-016,4.8004e-015,3.18389e-016,-0.676098,-0.736812,8.79114,8.18609e-017,0.736812,-0.676098,0.981587,0,0,0,1</mat>
				</frame>
				<frame num='15'>
					<mat>1,1.35718e-016,1.92909e-017,-3.73473e-016,5.24116e-017,-0.508566,0.861023,8.88004,1.26667e-016,-0.861023,-0.508566,0.786134,0,0,0,1</mat>
				</frame>
				<frame num='16'>
					<mat>1,7.12787e-017,1.0464e-016,5.89998e-016,-9.78687e-017,0.959504,0.281695,9.33698,-8.03237e-017,-0.281695,0.959504,0.554106,0,0,0,1</mat>
				</frame>
				<frame num='17'>
					<mat>1,8.63981e-018,-1.55135e-016,-4.50575e-016,-1.54761e-016,0.144079,-0.989566,8.68572,1.38021e-017,0.989566,0.144079,0.338294,0,0,0,1</mat>
				</frame>
				<frame num='18'>
					<mat>1,-2.1167e-016,-7.48315e-017,-3.76478e-015,-2.2153e-016,-0.984419,-0.175837,8.1632,-3.64462e-017,0.175837,-0.984419,0.177774,0,0,0,1</mat>
				</frame>
				<frame num='19'>
					<mat>1,-9.70537e-017,5.27413e-017,6.13087e-016,-8.9593e-017,-0.433391,0.901206,8.10038,-6.46078e-017,-0.901206,-0.433391,0.0660028,0,0,0,1</mat>
				</frame>
				<frame num='20'>
					<mat>1,-1.47341e-019,8.96859e-020,-4.97898e-016,-2.11557e-022,0.518899,0.854835,8.34137,-1.7249e-019,-0.854835,0.518899,-0.0235346,0,0,0,1</mat>
				</frame>
				<frame num='21'>
					<mat>1,1.44747e-018,-2.0607e-017,6.16746e-016,6.75165e-018,0.919858,0.392251,8.76452,1.95233e-017,-0.392251,0.919858,-0.108443,0,0,0,1</mat>
				</frame>
				<frame num='22'>
					<mat>1,4.4105e-016,4.22112e-017,-4.91503e-015,-4.39701e-016,0.976171,0.217004,9.20537,5.45044e-017,-0.217004,0.976171,-0.180926,0,0,0,1</mat>
				</frame>
				<frame num='23'>
					<mat>1,-1.87529e-017,-5.66253e-017,-4.93056e-016,3.71944e-018,-0.927846,0.372964,9.49971,-5.95337e-017,-0.372964,-0.927846,-0.212228,0,0,0,1</mat>
				</frame>
				<frame num='24'>
					<mat>1,1.62778e-016,1.77537e-017,-5.05475e-016,5.02312e-017,-0.408157,0.912912,9.64563,1.55848e-016,-0.912912,-0.408157,-0.201473,0,0,0,1</mat>
				</frame>
				<frame num='25'>
					<mat>1,3.65498e-017,1.05812e-016,-4.78703e-016,-1.11892e-016,0.355946,0.934507,9.74191,-3.50741e-018,-0.934507,0.355946,-0.174122,0,0,0,1</mat>
				</frame>
				<frame num='26'>
					<mat>1,1.01182e-017,-3.70158e-017,-4.89315e-016,-1.03407e-017,-0.857875,-0.513859,9.80801,-3.69543e-017,0.513859,-0.857875,-0.137665,0,0,0,1</mat>
				</frame>
				<frame num='27'>
					<mat>1,2.81803e-018,-8.53649e-018,6.17503e-016,-5.17964e-019,-0.929956,-0.36767,9.86051,-8.97467e-018,0.36767,-0.929956,-0.0984755,0,0,0,1</mat>
				</frame>
				<frame num='28'>
					<mat>1,-1.85505e-019,-7.08892e-018,-4.95313e-016,-2.58647e-019,-0.999947,-0.0103191,9.90874,-7.08663e-018,0.0103191,-0.999947,-0.0613482,0,0,0,1</mat>
				</frame>
				<frame num='29'>
					<mat>1,-9.92569e-020,-1.76008e-019,6.1236e-016,-3.64014e-021,-0.879749,0.475439,9.95319,-2.02033e-019,-0.475439,-0.879749,-0.0300538,0,0,0,1</mat>
				</frame>
				<frame num='30'>
					<mat>1,9.44293e-017,-5.77409e-017,6.12356e-016,9.55755e-017,-0.473585,0.880748,9.98694,5.58232e-017,-0.880748,-0.473585,-0.00824498,0,0,0,1</mat>
				</frame>
				<frame num='31'>
					<mat>1,0,0,6.12323e-016,0,0.101235,0.994862,10,0,-0.994862,0.101235,0,0,0,0,1</mat>
				</frame>
				<frame num='32'>
					<mat>1,-1.95161e-032,1.50611e-032,6.12323e-016,0,0.610951,0.791668,10,0,-0.791668,0.610951,0,0,0,0,1</mat>
				</frame>
				<frame num='33'>
					<mat>1,-4.40015e-032,-3.57791e-032,6.12323e-016,0,0.902747,0.430173,10,0,-0.430173,0.902747,0,0,0,0,1</mat>
				</frame>
				<frame num='34'>
					<mat>1,0,0,6.12323e-016,0,0.992708,0.120543,10,0,-0.120543,0.992708,0,0,0,0,1</mat>
				</frame>
				<frame num='35'>
					<mat>1,0,0,6.12323e-016,0,1,4.89859e-016,10,0,-4.89859e-016,1,0,0,0,0,1</mat>
				</frame>
			</track>
			<track id = '3' name='JNT_Middle'>
				<frame num='0'>
					<mat>-2.82979e-016,1,-1.33179e-017,-6.12465e-016,0.999947,2.83101e-016,0.0102845,29.8366,0.0102845,-1.04069e-017,-0.999947,-1.86747,0,0,0,1</mat>
				</frame>
				<frame num='1'>
					<mat>-1.68355e-016,1,-4.99408e-017,4.83425e-016,0.999944,1.68873e-016,0.0105705,29.3631,0.0105705,-4.81585e-017,-0.999944,-6.22,0,0,0,1</mat>
				</frame>
				<frame num='2'>
					<mat>-2.73243e-016,1,-8.3685e-017,-6.32246e-016,0.999993,2.73544e-016,0.00361748,28.6622,0.00361748,-8.2696e-017,-0.999993,-10.6914,0,0,0,1</mat>
				</frame>
				<frame num='3'>
					<mat>-4.64835e-017,1,-9.72976e-017,1.50323e-015,0.998531,4.11439e-017,-0.0541771,27.8631,-0.0541771,-9.9673e-017,-0.998531,-13.3798,0,0,0,1</mat>
				</frame>
				<frame num='4'>
					<mat>-2.74465e-016,1,-6.19972e-017,-5.9177e-016,0.984968,2.5963e-016,-0.172734,27.1213,-0.172734,-1.08475e-016,-0.984968,-14.4829,0,0,0,1</mat>
				</frame>
				<frame num='5'>
					<mat>-2.80044e-016,1,-8.20311e-017,-6.83622e-016,0.954775,2.42989e-016,-0.29733,26.7004,-0.29733,-1.61587e-016,-0.954775,-15.2423,0,0,0,1</mat>
				</frame>
				<frame num='6'>
					<mat>-2.86287e-016,1,-5.14496e-017,-6.77203e-016,0.917053,2.42025e-016,-0.398764,26.714,-0.398764,-1.61343e-016,-0.917053,-15.5474,0,0,0,1</mat>
				</frame>
				<frame num='7'>
					<mat>-2.89806e-016,1,9.25812e-017,-6.73775e-016,0.86534,2.97181e-016,-0.501185,26.8286,-0.501185,-6.51324e-017,-0.86534,-15.7606,0,0,0,1</mat>
				</frame>
				<frame num='8'>
					<mat>-2.89662e-016,1,8.35514e-017,-6.70773e-016,0.804404,2.82642e-016,-0.594083,26.9213,-0.594083,-1.04874e-016,-0.804404,-15.9119,0,0,0,1</mat>
				</frame>
				<frame num='9'>
					<mat>-1.14056e-016,1,-1.33936e-016,1.33695e-015,0.745769,-4.16938e-018,-0.666205,26.9682,-0.666205,-1.7587e-016,-0.745769,-15.9927,0,0,0,1</mat>
				</frame>
				<frame num='10'>
					<mat>-2.822e-016,1,4.19291e-017,-6.65288e-016,0.688594,2.24726e-016,-0.725147,27.0122,-0.725147,-1.75764e-016,-0.688594,-12.9219,0,0,0,1</mat>
				</frame>
				<frame num='11'>
					<mat>-1.86525e-016,1,-1.89106e-017,4.08569e-016,0.636792,1.04197e-016,-0.771036,27.0544,-0.771036,-1.55859e-016,-0.636792,-6.10377,0,0,0,1</mat>
				</frame>
				<frame num='12'>
					<mat>-2.66342e-016,1,9.88865e-017,-6.19361e-016,0.851756,2.78668e-016,-0.523939,28.2932,-0.523939,-5.53195e-017,-0.851756,4.0805,0,0,0,1</mat>
				</frame>
				<frame num='13'>
					<mat>-2.82782e-016,1,6.91894e-017,-6.78947e-016,0.940151,2.42281e-016,0.340757,27.2327,0.340757,1.61409e-016,-0.940151,13.6157,0,0,0,1</mat>
				</frame>
				<frame num='14'>
					<mat>-4.55384e-016,1,-1.83891e-016,-2.57995e-015,0.518346,3.93305e-016,0.855171,21.9181,0.855171,2.94111e-016,-0.518346,16.0707,0,0,0,1</mat>
				</frame>
				<frame num='15'>
					<mat>-1.91813e-016,1,-8.95379e-018,3.73473e-016,0.469385,9.79404e-017,0.882993,23.3979,0.882993,1.65167e-016,-0.469385,14.5423,0,0,0,1</mat>
				</frame>
				<frame num='16'>
					<mat>-2.52744e-016,1,-1.23104e-016,-5.89998e-016,0.495628,2.32187e-016,0.868535,25.5723,0.868535,1.58503e-016,-0.495628,12.2338,0,0,0,1</mat>
				</frame>
				<frame num='17'>
					<mat>-1.72818e-016,1,-5.04061e-017,4.50575e-016,0.593151,1.43089e-016,0.805092,26.533,0.805092,1.09236e-016,-0.593151,9.3647,0,0,0,1</mat>
				</frame>
				<frame num='18'>
					<mat>-8.65528e-017,1,2.25021e-017,1.54433e-015,0.72248,4.69749e-017,0.691392,27.245,0.691392,7.60993e-017,-0.72248,6.16811,0,0,0,1</mat>
				</frame>
				<frame num='19'>
					<mat>-2.57345e-016,1,-1.1859e-016,-6.13087e-016,0.837066,2.80296e-016,0.547103,27.8953,0.547103,4.15265e-017,-0.837066,2.92278,0,0,0,1</mat>
				</frame>
				<frame num='20'>
					<mat>-2.60988e-016,1,-1.10142e-016,-6.12326e-016,0.922502,2.83276e-016,0.385992,28.3413,0.385992,-8.67361e-019,-0.922502,-0.0725941,0,0,0,1</mat>
				</frame>
				<frame num='21'>
					<mat>-2.63932e-016,1,-1.04353e-016,-6.16746e-016,0.973765,2.80754e-016,0.227554,28.6176,0.227554,-4.15568e-017,-0.973765,-2.5282,0,0,0,1</mat>
				</frame>
				<frame num='22'>
					<mat>-5.08185e-017,1,-5.1656e-017,1.58436e-015,0.995702,5.53841e-017,0.0926112,28.8016,0.0926112,-4.67276e-017,-0.995702,-4.17964,0,0,0,1</mat>
				</frame>
				<frame num='23'>
					<mat>-2.75307e-016,1,-6.88781e-017,-6.17167e-016,1,2.75294e-016,-0.000182027,28.9703,-0.000182027,-6.89282e-017,-1,-4.78346,0,0,0,1</mat>
				</frame>
				<frame num='24'>
					<mat>-2.8061e-016,1,-3.34931e-017,-6.04748e-016,0.996983,2.77164e-016,-0.0776219,29.1606,-0.0776219,-5.51735e-017,-0.996983,-4.57956,0,0,0,1</mat>
				</frame>
				<frame num='25'>
					<mat>-1.73444e-016,1,-2.97082e-017,4.78703e-016,0.985936,1.6604e-016,-0.167125,29.3645,-0.167125,-5.82771e-017,-0.985936,-4.04099,0,0,0,1</mat>
				</frame>
				<frame num='26'>
					<mat>-2.83825e-016,1,9.11974e-017,-6.20908e-016,0.967349,2.97672e-016,-0.253449,29.56,-0.253449,1.62846e-017,-0.967349,-3.27736,0,0,0,1</mat>
				</frame>
				<frame num='27'>
					<mat>-2.79288e-016,1,5.11696e-017,-6.17503e-016,0.946651,2.80878e-016,-0.322262,29.7277,-0.322262,-4.15642e-017,-0.946651,-2.39937,0,0,0,1</mat>
				</frame>
				<frame num='28'>
					<mat>-2.73272e-016,1,5.32807e-017,-6.1491e-016,0.932703,2.74097e-016,-0.360646,29.8555,-0.360646,-4.88594e-017,-0.932703,-1.51932,0,0,0,1</mat>
				</frame>
				<frame num='29'>
					<mat>-2.68229e-016,1,9.11114e-017,-6.1236e-016,0.934411,2.83089e-016,-0.356197,29.9402,-0.356197,-1.04067e-017,-0.934411,-0.750523,0,0,0,1</mat>
				</frame>
				<frame num='30'>
					<mat>-2.70501e-016,1,5.53724e-017,-6.12356e-016,0.951179,2.74385e-016,-0.308641,29.986,-0.308641,-3.08187e-017,-0.951179,-0.206414,0,0,0,1</mat>
				</frame>
				<frame num='31'>
					<mat>-2.74949e-016,1,6.81839e-017,-6.12323e-016,0.9706,2.83277e-016,-0.240697,30,-0.240697,0,-0.9706,0,0,0,0,1</mat>
				</frame>
				<frame num='32'>
					<mat>-2.79472e-016,1,7.43111e-017,-6.12323e-016,0.986569,2.87857e-016,-0.163346,30,-0.163346,2.76622e-017,-0.986569,0,0,0,0,1</mat>
				</frame>
				<frame num='33'>
					<mat>-2.82252e-016,1,2.4072e-017,-6.12323e-016,0.996383,2.83277e-016,-0.0849768,30,-0.0849768,0,-0.996383,0,0,0,0,1</mat>
				</frame>
				<frame num='34'>
					<mat>-2.83193e-016,1,1.17932e-016,-6.12323e-016,0.999705,2.85976e-016,-0.0243059,30,-0.0243059,1.11014e-016,-0.999705,0,0,0,0,1</mat>
				</frame>
				<frame num='35'>
					<mat>-2.83277e-016,1,6.93828e-032,-6.12323e-016,1,2.83277e-016,-2.44929e-016,30,-2.44929e-016,0,-1,0,0,0,0,1</mat>
				</frame>
			</track>
			<track id = '4' name='JNT_BladeRot'>
				<frame num='0'>
					<mat>-2.36953e-016,-0.914068,0.40556,-1.67988e-016,0.999947,-0.00417099,-0.00940075,42.6393,0.0102845,0.405539,0.91402,-1.73579,0,0,0,1</mat>
				</frame>
				<frame num='1'>
					<mat>-3.12665e-017,-0.661181,0.750226,2.39548e-015,0.999944,-0.00793023,-0.00698898,42.1658,0.0105705,0.750184,0.661144,-6.08466,0,0,0,1</mat>
				</frame>
				<frame num='2'>
					<mat>3.78814e-016,-0.247543,0.968877,-6.31167e-017,0.999993,-0.00350489,-0.000895483,41.4655,0.00361748,0.96887,0.247542,-10.645,0,0,0,1</mat>
				</frame>
				<frame num='3'>
					<mat>-6.70969e-017,0.287633,0.957741,4.97565e-015,0.998531,0.0518876,-0.0155831,40.6477,-0.0541771,0.956334,-0.287211,-14.0735,0,0,0,1</mat>
				</frame>
				<frame num='4'>
					<mat>-2.74465e-016,0.802527,0.596616,-3.82762e-017,0.984968,0.103056,-0.138624,39.7323,-0.172734,0.587648,-0.790464,-16.6945,0,0,0,1</mat>
				</frame>
				<frame num='5'>
					<mat>-2.80044e-016,0.996947,-0.078085,-2.01566e-016,0.954775,-0.023217,-0.296422,38.9248,-0.29733,-0.0745536,-0.95186,-19.0491,0,0,0,1</mat>
				</frame>
				<frame num='6'>
					<mat>-9.34603e-017,0.674647,-0.73814,-2.75082e-016,0.917053,-0.294344,-0.269025,38.4554,-0.398764,-0.676914,-0.618688,-20.6529,0,0,0,1</mat>
				</frame>
				<frame num='7'>
					<mat>-1.67883e-014,-0.0403791,-0.999184,-3.16709e-016,0.86534,-0.500776,0.0202374,37.9079,-0.501185,-0.864634,0.0349416,-22.1775,0,0,0,1</mat>
				</frame>
				<frame num='8'>
					<mat>-7.69062e-016,-0.747325,-0.664459,-3.11857e-016,0.804404,-0.394744,0.443973,37.2204,-0.594083,-0.534493,0.601151,-23.5182,0,0,0,1</mat>
				</frame>
				<frame num='9'>
					<mat>-1.12107e-016,-0.995617,0.0935207,3.94422e-015,0.745769,0.0623039,0.663285,36.5166,-0.666205,0.0697448,0.7425,-24.5224,0,0,0,1</mat>
				</frame>
				<frame num='10'>
					<mat>8.0958e-016,-0.601911,0.798563,-2.10835e-016,0.688594,0.579076,0.436474,35.8286,-0.725147,0.549886,0.414472,-22.2062,0,0,0,1</mat>
				</frame>
				<frame num='11'>
					<mat>-2.74311e-015,0.189058,0.981966,2.08799e-015,0.636792,0.757131,-0.14577,35.2075,-0.771036,0.625308,-0.12039,-15.9756,0,0,0,1</mat>
				</frame>
				<frame num='12'>
					<mat>-2.66342e-016,0.854805,0.518949,3.81346e-017,0.851756,0.271897,-0.447866,39.1986,-0.523939,0.442018,-0.728085,-2.62769,0,0,0,1</mat>
				</frame>
				<frame num='13'>
					<mat>-2.82782e-016,0.960429,-0.278525,-2.31944e-016,0.940151,0.0949094,0.327273,39.2698,0.340757,-0.261855,-0.902949,17.9785,0,0,0,1</mat>
				</frame>
				<frame num='14'>
					<mat>5.13006e-016,0.456203,-0.889876,-4.34283e-015,0.518346,0.760996,0.390131,28.5547,0.855171,-0.461264,-0.236471,27.0198,0,0,0,1</mat>
				</frame>
				<frame num='15'>
					<mat>1.97599e-016,-0.31652,-0.948586,1.98519e-015,0.469385,0.837595,-0.279485,29.4076,0.882993,-0.445252,0.14857,25.8476,0,0,0,1</mat>
				</frame>
				<frame num='16'>
					<mat>-5.43494e-016,-0.887934,-0.459971,2.41597e-016,0.495628,0.399501,-0.771201,31.918,0.868535,-0.227975,0.440085,23.354,0,0,0,1</mat>
				</frame>
				<frame num='17'>
					<mat>-1.58325e-016,-0.965916,0.258855,2.30549e-015,0.593151,-0.208402,-0.777651,34.1273,0.805092,0.15354,0.572934,19.6726,0,0,0,1</mat>
				</frame>
				<frame num='18'>
					<mat>5.90112e-016,-0.569672,0.821872,4.50373e-015,0.72248,-0.568236,-0.393867,36.4952,0.691392,0.593786,0.411577,15.0203,0,0,0,1</mat>
				</frame>
				<frame num='19'>
					<mat>1.48181e-015,0.0538018,0.998552,1.59592e-016,0.837066,-0.54631,0.0294351,38.6126,0.547103,0.835853,-0.0450357,9.92755,0,0,0,1</mat>
				</frame>
				<frame num='20'>
					<mat>-8.29756e-017,0.61696,0.786994,1.13716e-016,0.922502,-0.303774,0.238142,40.1525,0.385992,0.726004,-0.569147,4.86941,0,0,0,1</mat>
				</frame>
				<frame num='21'>
					<mat>-2.63932e-016,0.939464,0.342649,7.1602e-017,0.973765,-0.0779711,0.213779,41.0851,0.227554,0.333659,-0.914817,0.385266,0,0,0,1</mat>
				</frame>
				<frame num='22'>
					<mat>-5.08185e-017,0.989611,-0.143771,5.00128e-015,0.995702,0.0133148,0.091649,41.5499,0.0926112,-0.143153,-0.985358,-2.9939,0,0,0,1</mat>
				</frame>
				<frame num='23'>
					<mat>-2.75307e-016,0.83826,-0.545271,-7.44548e-017,1,-9.9254e-005,-0.000152586,41.7737,-0.000182027,-0.545271,-0.83826,-4.78579,0,0,0,1</mat>
				</frame>
				<frame num='24'>
					<mat>-1.12056e-016,0.578815,-0.815459,-1.29942e-016,0.996983,-0.0632974,-0.0449287,41.9253,-0.0776219,-0.812998,-0.577069,-5.57338,0,0,0,1</mat>
				</frame>
				<frame num='25'>
					<mat>7.60481e-016,0.286106,-0.958198,2.3256e-015,0.985936,-0.160138,-0.0478154,41.9879,-0.167125,-0.944722,-0.282083,-6.18075,0,0,0,1</mat>
				</frame>
				<frame num='26'>
					<mat>9.7378e-014,0.00680805,-0.999977,-1.87261e-016,0.967349,-0.253443,-0.00172549,41.9454,-0.253449,-0.967326,-0.00658576,-6.52236,0,0,0,1</mat>
				</frame>
				<frame num='27'>
					<mat>-5.78562e-016,-0.236456,-0.971642,-1.25765e-016,0.946651,-0.313123,0.0762009,41.8481,-0.322262,-0.919805,0.223842,-6.52542,0,0,0,1</mat>
				</frame>
				<frame num='28'>
					<mat>-8.73142e-016,-0.437082,-0.899422,-4.61509e-017,0.932703,-0.324373,0.157632,41.7973,-0.360646,-0.838893,0.407668,-6.13681,0,0,0,1</mat>
				</frame>
				<frame num='29'>
					<mat>5.26785e-016,-0.597218,-0.802079,2.09739e-017,0.934411,-0.285698,0.212727,41.9038,-0.356197,-0.749472,0.558047,-5.31105,0,0,0,1</mat>
				</frame>
				<frame num='30'>
					<mat>-1.46479e-016,-0.722688,-0.691174,-8.1215e-018,0.951179,-0.213324,0.223051,42.1643,-0.308641,-0.65743,0.687405,-4.15806,0,0,0,1</mat>
				</frame>
				<frame num='31'>
					<mat>-1.91661e-016,-0.819908,-0.572496,-6.50284e-017,0.9706,-0.137798,0.197349,42.427,-0.240697,-0.555664,0.795803,-3.08174,0,0,0,1</mat>
				</frame>
				<frame num='32'>
					<mat>-5.71694e-016,-0.894211,-0.447646,-1.22945e-016,0.986569,-0.0731214,0.146066,42.6314,-0.163346,-0.441634,0.8822,-2.09139,0,0,0,1</mat>
				</frame>
				<frame num='33'>
					<mat>-2.55644e-016,-0.948941,-0.315453,-1.58539e-016,0.996383,-0.0268062,0.080638,42.7571,-0.0849768,-0.314312,0.945509,-1.08799,0,0,0,1</mat>
				</frame>
				<frame num='34'>
					<mat>-1.65355e-016,-0.984897,-0.173142,-1.70587e-016,0.999705,-0.00420839,0.0239388,42.7996,-0.0243059,-0.173091,0.984606,-0.311199,0,0,0,1</mat>
				</frame>
				<frame num='35'>
					<mat>-2.83216e-016,-0.999848,-0.0174524,-1.71658e-016,1,-2.87448e-016,2.39949e-016,42.8034,-2.44929e-016,-0.0174524,0.999848,-1.56796e-015,0,0,0,1</mat>
				</frame>
			</track>
			<track id = '5' name='JNT_Tier1'>
				<frame num='0'>
					<mat>0.00309996,-0.997648,0.0684723,-2.16319e-015,0.999944,0.00240288,-0.0102604,44.8358,0.0100717,0.0685003,0.9976,-1.7132,0,0,0,1</mat>
				</frame>
				<frame num='1'>
					<mat>0.00307223,-0.988726,0.149708,1.38299e-015,0.999944,0.0015246,-0.0104513,44.3623,0.0101053,0.149732,0.988675,-6.06144,0,0,0,1</mat>
				</frame>
				<frame num='2'>
					<mat>0.00299179,-0.962839,0.27006,6.00704e-016,0.999992,0.0021303,-0.00348307,43.6621,0.00277833,0.270068,0.962837,-10.6371,0,0,0,1</mat>
				</frame>
				<frame num='3'>
					<mat>0.00277553,-0.893239,0.449573,5.58429e-015,0.998451,0.0274591,0.0483933,42.8411,-0.0555717,0.448742,0.891932,-14.1925,0,0,0,1</mat>
				</frame>
				<frame num='4'>
					<mat>0.00225869,-0.726906,0.686733,9.09865e-016,0.984595,0.121682,0.125562,41.8959,-0.174835,0.675871,0.715983,-17.0739,0,0,0,1</mat>
				</frame>
				<frame num='5'>
					<mat>0.00133876,-0.430848,0.902424,8.89691e-016,0.953936,0.271283,0.128105,41.022,-0.300006,0.860683,0.411365,-19.7022,0,0,0,1</mat>
				</frame>
				<frame num='6'>
					<mat>0.000131445,-0.0423423,0.999103,4.90019e-016,0.915811,0.401254,0.0168848,40.4698,-0.401609,0.914988,0.0388303,-21.5289,0,0,0,1</mat>
				</frame>
				<frame num='7'>
					<mat>-0.0011799,0.379683,0.925116,-3.75327e-014,0.863895,0.466341,-0.190292,39.8087,-0.50367,0.798979,-0.328557,-23.2784,0,0,0,1</mat>
				</frame>
				<frame num='8'>
					<mat>-0.00232211,0.747321,0.664459,-3.47482e-015,0.803173,0.397241,-0.443973,38.9873,-0.595741,0.532644,-0.601151,-24.8232,0,0,0,1</mat>
				</frame>
				<frame num='9'>
					<mat>-0.00300634,0.967556,0.25264,1.99802e-015,0.745242,0.170627,-0.644593,38.1547,-0.666787,0.18634,-0.721576,-25.9858,0,0,0,1</mat>
				</frame>
				<frame num='10'>
					<mat>-0.00302768,0.974392,-0.224834,7.39383e-016,0.689097,-0.160897,-0.706581,37.3411,-0.724663,-0.157072,-0.670964,-23.7991,0,0,0,1</mat>
				</frame>
				<frame num='11'>
					<mat>-0.0023486,0.755875,-0.654712,-3.34581e-015,0.638358,-0.502825,-0.582809,36.6063,-0.769736,-0.419309,-0.481338,-17.6693,0,0,0,1</mat>
				</frame>
				<frame num='12'>
					<mat>-0.00112674,0.362628,-0.931933,1.07381e-015,0.853269,-0.485627,-0.189996,41.0696,-0.52147,-0.795404,-0.308872,-3.77858,0,0,0,1</mat>
				</frame>
				<frame num='13'>
					<mat>0.00033406,-0.107516,-0.994203,7.36106e-016,0.939094,0.341702,-0.036637,41.3349,0.34366,-0.933638,0.101082,18.727,0,0,0,1</mat>
				</frame>
				<frame num='14'>
					<mat>0.00168576,-0.542551,-0.840021,-2.66488e-015,0.516112,0.719968,-0.463976,29.6933,0.85652,-0.432763,0.281231,28.8983,0,0,0,1</mat>
				</frame>
				<frame num='15'>
					<mat>0.00264809,-0.852203,-0.523204,1.61562e-015,0.467947,0.463442,-0.752494,30.4387,0.883752,-0.242839,0.400014,27.7872,0,0,0,1</mat>
				</frame>
				<frame num='16'>
					<mat>0.00308141,-0.991699,-0.12854,-2.61451e-015,0.495279,0.113181,-0.86133,33.0067,0.868729,-0.0610092,0.491517,25.2618,0,0,0,1</mat>
				</frame>
				<frame num='17'>
					<mat>0.00300134,-0.965912,0.258855,3.53704e-016,0.593795,-0.206558,-0.777651,35.4302,0.804611,0.156041,0.572934,21.4411,0,0,0,1</mat>
				</frame>
				<frame num='18'>
					<mat>0.00253668,-0.816409,0.577468,5.034e-015,0.723717,-0.39701,-0.564461,38.0822,0.690092,0.419355,0.589842,16.539,0,0,0,1</mat>
				</frame>
				<frame num='19'>
					<mat>0.00186641,-0.600639,0.799518,3.77638e-015,0.838421,-0.434815,-0.328613,40.4513,0.54502,0.670946,0.502777,11.1293,0,0,0,1</mat>
				</frame>
				<frame num='20'>
					<mat>0.00115916,-0.373075,0.9278,1.21217e-015,0.92361,-0.355256,-0.144005,42.1788,0.383331,0.857093,0.344164,5.71729,0,0,0,1</mat>
				</frame>
				<frame num='21'>
					<mat>0.000541589,-0.174306,0.984691,1.21183e-015,0.974457,-0.221044,-0.0396642,43.2241,0.224574,0.959561,0.169734,0.885113,0,0,0,1</mat>
				</frame>
				<frame num='22'>
					<mat>9.40284e-005,-0.0302575,0.999542,6.56568e-015,0.995985,-0.0894745,-0.00280221,43.7371,0.0895183,0.995529,0.0301276,-2.79047,0,0,0,1</mat>
				</frame>
				<frame num='23'>
					<mat>-0.000164902,0.0530878,0.99859,6.26577e-016,0.999995,0.00328893,-9.71457e-006,43.9703,-0.00328481,0.998584,-0.053088,-4.78619,0,0,0,1</mat>
				</frame>
				<frame num='24'>
					<mat>-0.000251087,0.0807685,0.996733,4.07463e-016,0.996738,0.0804657,-0.00626931,44.1153,-0.0807092,0.99348,-0.0805253,-5.74389,0,0,0,1</mat>
				</frame>
				<frame num='25'>
					<mat>-0.000182315,0.058871,0.998266,4.23406e-015,0.985413,0.169897,-0.00983943,44.1536,-0.170182,0.983702,-0.0580432,-6.54786,0,0,0,1</mat>
				</frame>
				<frame num='26'>
					<mat>2.11542e-005,-0.00680802,0.999977,2.13457e-013,0.966557,0.256447,0.00172549,44.0703,-0.256453,0.966534,0.00658576,-7.07909,0,0,0,1</mat>
				</frame>
				<frame num='27'>
					<mat>0.000341559,-0.110125,0.993918,-2.06773e-015,0.945651,0.323242,0.0354898,43.9275,-0.325184,0.939887,0.10425,-7.2333,0,0,0,1</mat>
				</frame>
				<frame num='28'>
					<mat>0.000756143,-0.243312,0.969948,-2.96339e-015,0.931611,0.352704,0.0877497,43.8461,-0.363455,0.903548,0.226939,-6.92901,0,0,0,1</mat>
				</frame>
				<frame num='29'>
					<mat>0.00123043,-0.39601,0.918245,-7.24517e-017,0.93339,0.329978,0.141058,43.9564,-0.358861,0.856908,0.370038,-6.09347,0,0,0,1</mat>
				</frame>
				<frame num='30'>
					<mat>0.00172466,-0.555178,0.83173,-1.76801e-015,0.950377,0.259659,0.171351,44.2536,-0.311097,0.790161,0.528076,-4.83602,0,0,0,1</mat>
				</frame>
				<frame num='31'>
					<mat>0.00219391,-0.70617,0.708039,-2.06069e-015,0.970066,0.173437,0.169974,44.559,-0.242831,0.686471,0.685413,-3.61045,0,0,0,1</mat>
				</frame>
				<frame num='32'>
					<mat>0.00259382,-0.834774,0.550586,-3.04855e-015,0.986285,0.0930012,0.136358,44.7985,-0.165033,0.542681,0.823566,-2.45019,0,0,0,1</mat>
				</frame>
				<frame num='33'>
					<mat>0.00288883,-0.929696,0.368317,-2.44918e-015,0.996281,0.0343943,0.079003,44.9457,-0.0861168,0.366718,0.926338,-1.27465,0,0,0,1</mat>
				</frame>
				<frame num='34'>
					<mat>0.00305983,-0.984714,0.174154,-2.28692e-015,0.999687,0.00733943,0.0239349,44.9956,-0.0248472,0.174026,0.984427,-0.364589,0,0,0,1</mat>
				</frame>
				<frame num='35'>
					<mat>0.00310678,-0.999843,-0.0174524,-2.53091e-015,0.999995,0.00310725,2.38427e-016,45,5.4229e-005,-0.0174523,0.999848,-1.86725e-015,0,0,0,1</mat>
				</frame>
			</track>
			<track id = '6' name='JNT_Tier2'>
				<frame num='0'>
					<mat>5.92341e-012,-0.96104,-0.276409,0.0098939,0.999947,0.00284273,-0.00988384,48.0272,0.0102845,-0.276394,0.960989,-1.68105,0,0,0,1</mat>
				</frame>
				<frame num='1'>
					<mat>6.21267e-011,-0.854146,-0.520033,0.00980541,0.999944,0.00549698,-0.00902872,47.5537,0.0105705,-0.520004,0.854099,-6.02919,0,0,0,1</mat>
				</frame>
				<frame num='2'>
					<mat>-1.17336e-010,-0.716316,-0.697776,0.00954869,0.999993,0.00252419,-0.00259126,46.8537,0.00361748,-0.697772,0.716311,-10.6282,0,0,0,1</mat>
				</frame>
				<frame num='3'>
					<mat>9.81258e-011,-0.599407,-0.800445,0.00885845,0.998531,-0.0433658,0.0324741,46.0278,-0.0541771,-0.799269,0.598526,-14.3698,0,0,0,1</mat>
				</frame>
				<frame num='4'>
					<mat>2.98984e-010,-0.552097,-0.83378,0.00720889,0.984968,-0.144022,0.0953659,45.0383,-0.172734,-0.821247,0.543798,-17.632,0,0,0,1</mat>
				</frame>
				<frame num='5'>
					<mat>-1.01552e-010,-0.568492,-0.822689,0.00427281,0.954775,-0.24461,0.16903,44.0666,-0.29733,-0.785482,0.542782,-20.6597,0,0,0,1</mat>
				</frame>
				<frame num='6'>
					<mat>-1.23614e-007,-0.612461,-0.790501,0.000419524,0.917053,-0.315224,0.244228,43.3927,-0.398764,-0.724931,0.56166,-22.8106,0,0,0,1</mat>
				</frame>
				<frame num='7'>
					<mat>-1.20882e-007,-0.676059,-0.736848,-0.00376579,0.86534,-0.369297,0.33883,42.566,-0.501185,-0.637624,0.585021,-24.8859,0,0,0,1</mat>
				</frame>
				<frame num='8'>
					<mat>1.61036e-008,-0.750217,-0.661192,-0.0074113,0.804404,-0.392803,0.445691,41.5508,-0.594083,-0.531865,0.603477,-26.7245,0,0,0,1</mat>
				</frame>
				<frame num='9'>
					<mat>1.06609e-007,-0.825547,-0.564334,-0.00959512,0.745769,-0.375962,0.549983,40.5333,-0.666205,-0.420863,0.615667,-28.1139,0,0,0,1</mat>
				</frame>
				<frame num='10'>
					<mat>1.06276e-008,-0.893361,-0.44934,-0.00966323,0.688594,-0.325838,0.647818,39.5405,-0.725147,-0.309413,0.615163,-26.1119,0,0,0,1</mat>
				</frame>
				<frame num='11'>
