<?xml version='1.0' encoding='UTF-8' ?>
<itpanim>
	<skeleton count='53'>
		<joint id='0' name='JNT_SKIN_C_ROOT' parent='0'>
			<mat>6.12323e-017,6.12323e-017,-1,0,-1,6.12323e-017,-6.12323e-017,0,6.12323e-017,1,6.12323e-017,0,0,0,0,1</mat>
		</joint>
		<joint id='1' name='JNT_SKIN_C_COG' parent='0'>
			<mat>6.12323e-017,6.12323e-017,-1,-44.6214,-1,6.12323e-017,-6.12323e-017,0.00465402,6.12323e-017,1,6.12323e-017,-2.84977e-019,0,0,0,1</mat>
		</joint>
		<joint id='2' name='JNT_SKIN_C_Spine01' parent='1'>
			<mat>6.12323e-017,6.12323e-017,-1,-50.9219,-1,6.12323e-017,-6.12323e-017,0.00465402,6.12323e-017,1,6.12323e-017,-2.84977e-019,0,0,0,1</mat>
		</joint>
		<joint id='3' name='JNT_SKIN_C_Spine02' parent='2'>
			<mat>6.12323e-017,6.12323e-017,-1,-57.1467,-1,6.12323e-017,-6.12323e-017,0.00465402,6.12323e-017,1,6.12323e-017,-2.84977e-019,0,0,0,1</mat>
		</joint>
		<joint id='4' name='JNT_SKIN_C_Chest' parent='3'>
			<mat>6.12323e-017,6.12323e-017,-1,-63.9492,-1,6.12323e-017,-6.12323e-017,0.00465402,6.12323e-017,1,6.12323e-017,-2.84977e-019,0,0,0,1</mat>
		</joint>
		<joint id='5' name='JNT_SKIN_C_Neck' parent='4'>
			<mat>6.12323e-017,6.12323e-017,-1,-67.7824,-1,6.12323e-017,-6.12323e-017,0.00465402,6.12323e-017,1,6.12323e-017,-2.84977e-019,0,0,0,1</mat>
		</joint>
		<joint id='6' name='JNT_SKIN_C_Head01' parent='5'>
			<mat>6.12323e-017,6.12323e-017,-1,-78.5261,-1,6.12323e-017,-6.12323e-017,0.00465402,6.12323e-017,1,6.12323e-017,-2.84977e-019,0,0,0,1</mat>
		</joint>
		<joint id='7' name='JNT_SKIN_C_Head02' parent='6'>
			<mat>6.12323e-017,6.12323e-017,-1,-93.049,-1,6.12323e-017,-6.12323e-017,0.00465402,6.12323e-017,1,6.12323e-017,-2.84977e-019,0,0,0,1</mat>
		</joint>
		<joint id='8' name='JNT_SKIN_L_ShoulderPivot' parent='4'>
			<mat>0.999057,-6.11771e-017,0.0434172,-8.36986,0.0434172,5.86315e-017,-0.999057,-64.0945,5.85738e-017,1,6.12323e-017,3.24223e-015,0,0,0,1</mat>
		</joint>
		<joint id='9' name='JNT_SKIN_L_Shoulder' parent='8'>
			<mat>0.925928,0.0862749,0.367714,6.23562,0.365754,0.0381017,-0.929931,-65.6542,-0.0942403,0.995543,0.00372405,1.97235,0,0,0,1</mat>
		</joint>
		<joint id='10' name='JNT_SKIN_L_Elbow' parent='9'>
			<mat>0.934471,8.22942e-005,0.35604,-15.4332,0.356036,0.00400935,-0.934463,-65.4786,-0.00150439,0.999992,0.00371732,-1.53517,0,0,0,1</mat>
		</joint>
		<joint id='11' name='JNT_SKIN_L_Wrist' parent='10'>
			<mat>0.935457,9.34413e-005,0.35344,-31.2651,0.35344,-0.000113455,-0.935457,-65.3925,-4.73109e-005,1,-0.000139158,-0.0055056,0,0,0,1</mat>
		</joint>
		<joint id='12' name='JNT_SKIN_L_Hand01' parent='11'>
			<mat>0.948685,8.88881e-005,0.316223,-36.6462,0.316223,-0.000117056,-0.948685,-63.9953,-4.73109e-005,1,-0.000139158,-0.0055056,0,0,0,1</mat>
		</joint>
		<joint id='13' name='JNT_SKIN_L_HandPalm' parent='12'>
			<mat>0.927365,9.59415e-005,0.374158,-35.5515,0.374158,-0.000111348,-0.927365,-66.2063,-4.73109e-005,1,-0.000139158,-0.0055056,0,0,0,1</mat>
		</joint>
		<joint id='14' name='JNT_SKIN_L_Fingers01' parent='13'>
			<mat>0.939691,9.20529e-005,0.342024,-49.476,0.342024,-0.000114584,-0.939691,-64.542,-4.73109e-005,1,-0.000139158,-0.0055056,0,0,0,1</mat>
		</joint>
		<joint id='15' name='JNT_SKIN_L_Fingers02' parent='14'>
			<mat>0.928152,9.57064e-005,0.372201,-50.8801,0.372201,-0.00011155,-0.928152,-66.2201,-4.73109e-005,1,-0.000139158,-0.0055056,0,0,0,1</mat>
		</joint>
		<joint id='16' name='JNT_SKIN_L_Fingers03' parent='15'>
			<mat>0.915065,9.94157e-005,0.403306,-55.0769,0.403306,-0.000108258,-0.915065,-68.1173,-4.73109e-005,1,-0.000139158,-0.0055056,0,0,0,1</mat>
		</joint>
		<joint id='17' name='JNT_SKIN_L_Fingers04' parent='16'>
			<mat>1,4.73233e-005,8.94383e-005,-81.6029,8.94449e-005,-0.000139154,-1,-38.4799,-4.73109e-005,1,-0.000139158,-0.0055056,0,0,0,1</mat>
		</joint>
		<joint id='18' name='JNT_SKIN_L_Thumb01' parent='13'>
			<mat>0.551172,-0.551225,0.626387,-9.33689,-0.115313,-0.793829,-0.597108,-24.7331,0.826385,0.256879,-0.5011,-70.8499,0,0,0,1</mat>
		</joint>
		<joint id='19' name='JNT_SKIN_L_Thumb02' parent='18'>
			<mat>0.492071,-0.583622,0.64595,-12.6477,-0.172516,-0.792655,-0.584753,-20.5109,0.85329,0.176303,-0.490726,-73.0548,0,0,0,1</mat>
		</joint>
		<joint id='20' name='JNT_SKIN_L_Thumb03' parent='19'>
			<mat>0.496928,-0.589465,0.636862,-17.5038,-0.17699,-0.787307,-0.590612,-20.3573,0.849551,0.180773,-0.495564,-72.9243,0,0,0,1</mat>
		</joint>
		<joint id='21' name='JNT_SKIN_L_Thumb04' parent='20'>
			<mat>0.496928,-0.589465,0.636862,-21.5803,-0.17699,-0.787307,-0.590612,-20.3573,0.849551,0.180773,-0.495564,-72.9243,0,0,0,1</mat>
		</joint>
		<joint id='22' name='JNT_SKIN_R_ShoulderPivot' parent='4'>
			<mat>0.999057,-6.11771e-017,-0.0434172,8.36055,0.0434172,5.86315e-017,0.999057,64.094,-5.85738e-017,-1,6.12323e-017,3.24278e-015,0,0,0,1</mat>
		</joint>
		<joint id='23' name='JNT_SKIN_R_Shoulder' parent='22'>
			<mat>0.926069,-0.0862749,-0.367359,-6.21912,0.365774,-0.0340927,0.930079,65.6606,-0.0927667,-0.995688,-1.50534e-005,-1.70936,0,0,0,1</mat>
		</joint>
		<joint id='24' name='JNT_SKIN_R_Elbow' parent='23'>
			<mat>0.934484,-2.68125e-005,-0.356006,15.4269,0.356006,1.9388e-006,0.934484,65.476,-2.43657e-005,-1,1.13572e-005,1.79866,0,0,0,1</mat>
		</joint>
		<joint id='25' name='JNT_SKIN_R_Wrist' parent='24'>
			<mat>0.93547,-2.6807e-005,-0.353406,31.2588,0.353406,2.01334e-006,0.93547,65.3894,-2.43657e-005,-1,1.13572e-005,-0.000581044,0,0,0,1</mat>
		</joint>
		<joint id='26' name='JNT_SKIN_R_Hand01' parent='25'>
			<mat>0.948696,-2.67066e-005,-0.316189,36.6397,0.316189,3.07037e-006,0.948696,63.9924,-2.43657e-005,-1,1.13572e-005,-0.000581044,0,0,0,1</mat>
		</joint>
		<joint id='27' name='JNT_SKIN_R_HandPalm' parent='26'>
			<mat>0.927379,-2.68452e-005,-0.374124,35.5452,0.374124,1.41663e-006,0.927379,66.203,-2.43657e-005,-1,1.13572e-005,-0.000581044,0,0,0,1</mat>
		</joint>
		<joint id='28' name='JNT_SKIN_R_Fingers01' parent='27'>
			<mat>0.815673,-2.64447e-005,-0.578514,30.6232,0.578514,-4.83211e-006,0.815673,75.3308,-2.43657e-005,-1,1.13572e-005,-0.000581044,0,0,0,1</mat>
		</joint>
		<joint id='29' name='JNT_SKIN_R_Fingers02' parent='28'>
			<mat>0.608212,-2.38345e-005,-0.793775,10.3464,0.793775,-1.24333e-005,0.608212,82.0562,-2.43657e-005,-1,1.13572e-005,-0.000581044,0,0,0,1</mat>
		</joint>
		<joint id='30' name='JNT_SKIN_R_Fingers03' parent='29'>
			<mat>0.345042,-1.90669e-005,-0.938587,-8.31681,0.938587,-1.89506e-005,0.345042,83.3465,-2.43657e-005,-1,1.13572e-005,-0.000581044,0,0,0,1</mat>
		</joint>
		<joint id='31' name='JNT_SKIN_R_Fingers04' parent='30'>
			<mat>0.694209,-2.50895e-005,-0.719773,29.7319,0.719773,-9.65348e-006,0.694209,77.978,-2.43657e-005,-1,1.13572e-005,-0.000581044,0,0,0,1</mat>
		</joint>
		<joint id='32' name='JNT_SKIN_R_Thumb01' parent='27'>
			<mat>0.562125,0.321568,-0.761977,2.46245,0.0346949,0.911337,0.410196,26.3326,0.826324,-0.257018,0.501128,70.84,0,0,0,1</mat>
		</joint>
		<joint id='33' name='JNT_SKIN_R_Thumb02' parent='32'>
			<mat>0.494186,0.101977,-0.863355,-0.277765,0.111731,0.97741,0.179404,23.0236,0.862147,-0.185122,0.471628,72.6803,0,0,0,1</mat>
		</joint>
		<joint id='34' name='JNT_SKIN_R_Thumb03' parent='33'>
			<mat>0.455495,-0.152885,-0.877012,-1.64331,0.236194,0.970591,-0.0465257,23.3858,0.858334,-0.185953,0.47821,72.6475,0,0,0,1</mat>
		</joint>
		<joint id='35' name='JNT_SKIN_R_Thumb04' parent='34'>
			<mat>0.455495,-0.152885,-0.877012,2.43327,0.236194,0.970591,-0.0465257,23.3858,0.858334,-0.185953,0.47821,72.6474,0,0,0,1</mat>
		</joint>
		<joint id='36' name='JNT_Prop_Gun' parent='27'>
			<mat>-0.398952,-0.916093,0.0401341,-25.5808,0.850083,-0.385905,-0.358381,43.4909,0.343798,-0.108859,0.932712,58.2864,0,0,0,1</mat>
		</joint>
		<joint id='37' name='JNT_Prop_Handle' parent='36'>
			<mat>0.343798,-0.108859,0.932712,58.2864,0.0559834,-0.989115,-0.136078,-18.9996,0.937373,0.0989997,-0.333961,59.857,0,0,0,1</mat>
		</joint>
		<joint id='38' name='JNT_SKIN_Jet01' parent='3'>
			<mat>6.12323e-017,0.903291,-0.429028,-35.2745,0,-0.429028,-0.903291,-51.5091,-1,5.53106e-017,-2.62704e-017,6.16262e-015,0,0,0,1</mat>
		</joint>
		<joint id='39' name='JNT_SKIN_Jet02' parent='38'>
			<mat>1,-5.84625e-017,-8.1581e-017,-1.06435e-014,-8.1581e-017,-1.60812e-016,-1,-68.6025,5.84625e-017,1,-1.60812e-016,-24.1317,0,0,0,1</mat>
		</joint>
		<joint id='40' name='JNT_SKIN_C_Hip' parent='1'>
			<mat>6.12323e-017,6.12323e-017,-1,-43.5532,-1,6.12323e-017,-6.12323e-017,0.000638472,6.12323e-017,1,6.12323e-017,-3.90952e-020,0,0,0,1</mat>
		</joint>
		<joint id='41' name='JNT_SKIN_R_HipPivot' parent='40'>
			<mat>1,-6.12323e-017,0,8.14696,3.7494e-033,6.12323e-017,1,43.8194,-6.12323e-017,-1,6.12323e-017,2.18431e-015,0,0,0,1</mat>
		</joint>
		<joint id='42' name='JNT_SKIN_R_Leg' parent='41'>
			<mat>-0.0707984,0.0500252,-0.996235,-44.4735,-0.53842,-0.842667,-0.0040506,-5.86599,-0.839697,0.536106,0.086594,-6.19856,0,0,0,1</mat>
		</joint>
		<joint id='43' name='JNT_SKIN_R_Knee' parent='42'>
			<mat>-0.0199215,0.28488,-0.958356,-26.0288,-0.540232,-0.809633,-0.229441,-15.3954,-0.84128,0.513164,0.17003,-3.21177,0,0,0,1</mat>
		</joint>
		<joint id='44' name='JNT_SKIN_R_Ankle' parent='43'>
			<mat>-0.181781,0.982281,-0.0456125,-2.91476,0.0503433,0.055621,0.997182,11.3053,0.98205,0.178972,-0.0595621,10.6032,0,0,0,1</mat>
		</joint>
		<joint id='45' name='JNT_SKIN_R_Ball' parent='44'>
			<mat>-0.371131,0.88444,0.282893,3.39109,0.166729,-0.23623,0.957286,6.08341,0.91349,0.402445,-0.0597896,12.8699,0,0,0,1</mat>
		</joint>
		<joint id='46' name='JNT_SKIN_R_Toes' parent='45'>
			<mat>0.91349,0.402445,-0.0597896,14.437,0.193065,-0.29941,0.934387,3.55935,0.358138,-0.865097,-0.351206,-6.59787,0,0,0,1</mat>
		</joint>
		<joint id='47' name='JNT_SKIN_L_HipPivot' parent='40'>
			<mat>1,-6.12323e-017,0,-8.15755,3.7494e-033,6.12323e-017,-1,-43.8194,6.12323e-017,1,6.12323e-017,2.18366e-015,0,0,0,1</mat>
		</joint>
		<joint id='48' name='JNT_SKIN_L_Leg' parent='47'>
			<mat>-0.0706063,-0.0503125,0.996235,44.4721,-0.536906,0.84363,0.00455333,5.87568,-0.840682,-0.534563,-0.0865787,6.21854,0,0,0,1</mat>
		</joint>
		<joint id='49' name='JNT_SKIN_L_Knee' parent='48'>
			<mat>-0.019854,-0.284511,0.958467,26.0323,-0.538739,0.810621,0.229465,15.3923,-0.842239,-0.511807,-0.169371,3.25155,0,0,0,1</mat>
		</joint>
		<joint id='50' name='JNT_SKIN_L_Ankle' parent='49'>
			<mat>-0.181218,-0.982388,0.0455307,2.90851,0.0502037,-0.055478,-0.997197,-11.3045,0.982161,-0.178425,0.0593731,-10.616,0,0,0,1</mat>
		</joint>
		<joint id='51' name='JNT_SKIN_L_Ball' parent='50'>
			<mat>-0.369913,-0.885022,-0.282665,-3.403,0.166145,0.236327,-0.957364,-6.08044,0.91409,-0.401105,0.0596213,-12.8762,0,0,0,1</mat>
		</joint>
		<joint id='52' name='JNT_SKIN_L_Toes' parent='51'>
			<mat>0.91409,-0.401105,0.0596213,-14.4377,0.192394,0.299548,-0.934481,-3.55548,0.356966,0.865671,0.350984,6.611,0,0,0,1</mat>
		</joint>
	</skeleton>
	<animations>
		<animation name='Unreal Matinee Take' length='45'>
			<track id = '0' name='JNT_SKIN_C_ROOT'>
				<frame num='-1'>
					<mat>6.12323e-017,-1,6.12323e-017,0,0,6.12323e-017,1,0,-1,-6.12323e-017,3.7494e-033,-0,0,0,0,1</mat>
				</frame>
				<frame num='0'>
					<mat>6.12323e-017,-1,6.12323e-017,0,0,6.12323e-017,1,0,-1,-6.12323e-017,3.7494e-033,-0,0,0,0,1</mat>
				</frame>
				<frame num='1'>
					<mat>6.12323e-017,-1,6.12323e-017,0,0,6.12323e-017,1,0,-1,-6.12323e-017,3.7494e-033,-0,0,0,0,1</mat>
				</frame>
				<frame num='2'>
					<mat>6.12323e-017,-1,6.12323e-017,0,0,6.12323e-017,1,0,-1,-6.12323e-017,3.7494e-033,-0,0,0,0,1</mat>
				</frame>
				<frame num='3'>
					<mat>6.12323e-017,-1,6.12323e-017,0,0,6.12323e-017,1,0,-1,-6.12323e-017,3.7494e-033,-0,0,0,0,1</mat>
				</frame>
				<frame num='4'>
					<mat>6.12323e-017,-1,6.12323e-017,0,0,6.12323e-017,1,0,-1,-6.12323e-017,3.7494e-033,-0,0,0,0,1</mat>
				</frame>
				<frame num='5'>
					<mat>6.12323e-017,-1,6.12323e-017,0,0,6.12323e-017,1,0,-1,-6.12323e-017,3.7494e-033,-0,0,0,0,1</mat>
				</frame>
				<frame num='6'>
					<mat>6.12323e-017,-1,6.12323e-017,0,0,6.12323e-017,1,0,-1,-6.12323e-017,3.7494e-033,-0,0,0,0,1</mat>
				</frame>
				<frame num='7'>
					<mat>6.12323e-017,-1,6.12323e-017,0,0,6.12323e-017,1,0,-1,-6.12323e-017,3.7494e-033,-0,0,0,0,1</mat>
				</frame>
				<frame num='8'>
					<mat>6.12323e-017,-1,6.12323e-017,0,0,6.12323e-017,1,0,-1,-6.12323e-017,3.7494e-033,-0,0,0,0,1</mat>
				</frame>
				<frame num='9'>
					<mat>6.12323e-017,-1,6.12323e-017,0,0,6.12323e-017,1,0,-1,-6.12323e-017,3.7494e-033,-0,0,0,0,1</mat>
				</frame>
				<frame num='10'>
					<mat>6.12323e-017,-1,6.12323e-017,0,0,6.12323e-017,1,0,-1,-6.12323e-017,3.7494e-033,-0,0,0,0,1</mat>
				</frame>
				<frame num='11'>
					<mat>6.12323e-017,-1,6.12323e-017,0,0,6.12323e-017,1,0,-1,-6.12323e-017,3.7494e-033,-0,0,0,0,1</mat>
				</frame>
				<frame num='12'>
					<mat>6.12323e-017,-1,6.12323e-017,0,0,6.12323e-017,1,0,-1,-6.12323e-017,3.7494e-033,-0,0,0,0,1</mat>
				</frame>
				<frame num='13'>
					<mat>6.12323e-017,-1,6.12323e-017,0,0,6.12323e-017,1,0,-1,-6.12323e-017,3.7494e-033,-0,0,0,0,1</mat>
				</frame>
				<frame num='14'>
					<mat>6.12323e-017,-1,6.12323e-017,0,0,6.12323e-017,1,0,-1,-6.12323e-017,3.7494e-033,-0,0,0,0,1</mat>
				</frame>
				<frame num='15'>
					<mat>6.12323e-017,-1,6.12323e-017,0,0,6.12323e-017,1,0,-1,-6.12323e-017,3.7494e-033,-0,0,0,0,1</mat>
				</frame>
				<frame num='16'>
					<mat>6.12323e-017,-1,6.12323e-017,0,0,6.12323e-017,1,0,-1,-6.12323e-017,3.7494e-033,-0,0,0,0,1</mat>
				</frame>
				<frame num='17'>
					<mat>6.12323e-017,-1,6.12323e-017,0,0,6.12323e-017,1,0,-1,-6.12323e-017,3.7494e-033,-0,0,0,0,1</mat>
				</frame>
				<frame num='18'>
					<mat>6.12323e-017,-1,6.12323e-017,0,0,6.12323e-017,1,0,-1,-6.12323e-017,3.7494e-033,-0,0,0,0,1</mat>
				</frame>
				<frame num='19'>
					<mat>6.12323e-017,-1,6.12323e-017,0,0,6.12323e-017,1,0,-1,-6.12323e-017,3.7494e-033,-0,0,0,0,1</mat>
				</frame>
				<frame num='20'>
					<mat>6.12323e-017,-1,6.12323e-017,0,0,6.12323e-017,1,0,-1,-6.12323e-017,3.7494e-033,-0,0,0,0,1</mat>
				</frame>
				<frame num='21'>
					<mat>6.12323e-017,-1,6.12323e-017,0,0,6.12323e-017,1,0,-1,-6.12323e-017,3.7494e-033,-0,0,0,0,1</mat>
				</frame>
				<frame num='22'>
					<mat>6.12323e-017,-1,6.12323e-017,0,0,6.12323e-017,1,0,-1,-6.12323e-017,3.7494e-033,-0,0,0,0,1</mat>
				</frame>
				<frame num='23'>
					<mat>6.12323e-017,-1,6.12323e-017,0,0,6.12323e-017,1,0,-1,-6.12323e-017,3.7494e-033,-0,0,0,0,1</mat>
				</frame>
				<frame num='24'>
					<mat>6.12323e-017,-1,6.12323e-017,0,0,6.12323e-017,1,0,-1,-6.12323e-017,3.7494e-033,-0,0,0,0,1</mat>
				</frame>
				<frame num='25'>
					<mat>6.12323e-017,-1,6.12323e-017,0,0,6.12323e-017,1,0,-1,-6.12323e-017,3.7494e-033,-0,0,0,0,1</mat>
				</frame>
				<frame num='26'>
					<mat>6.12323e-017,-1,6.12323e-017,0,0,6.12323e-017,1,0,-1,-6.12323e-017,3.7494e-033,-0,0,0,0,1</mat>
				</frame>
				<frame num='27'>
					<mat>6.12323e-017,-1,6.12323e-017,0,0,6.12323e-017,1,0,-1,-6.12323e-017,3.7494e-033,-0,0,0,0,1</mat>
				</frame>
				<frame num='28'>
					<mat>6.12323e-017,-1,6.12323e-017,0,0,6.12323e-017,1,0,-1,-6.12323e-017,3.7494e-033,-0,0,0,0,1</mat>
				</frame>
				<frame num='29'>
					<mat>6.12323e-017,-1,6.12323e-017,0,0,6.12323e-017,1,0,-1,-6.12323e-017,3.7494e-033,-0,0,0,0,1</mat>
				</frame>
				<frame num='30'>
					<mat>6.12323e-017,-1,6.12323e-017,0,0,6.12323e-017,1,0,-1,-6.12323e-017,3.7494e-033,-0,0,0,0,1</mat>
				</frame>
				<frame num='31'>
					<mat>6.12323e-017,-1,6.12323e-017,0,0,6.12323e-017,1,0,-1,-6.12323e-017,3.7494e-033,-0,0,0,0,1</mat>
				</frame>
				<frame num='32'>
					<mat>6.12323e-017,-1,6.12323e-017,0,0,6.12323e-017,1,0,-1,-6.12323e-017,3.7494e-033,-0,0,0,0,1</mat>
				</frame>
				<frame num='33'>
					<mat>6.12323e-017,-1,6.12323e-017,0,0,6.12323e-017,1,0,-1,-6.12323e-017,3.7494e-033,-0,0,0,0,1</mat>
				</frame>
				<frame num='34'>
					<mat>6.12323e-017,-1,6.12323e-017,0,0,6.12323e-017,1,0,-1,-6.12323e-017,3.7494e-033,-0,0,0,0,1</mat>
				</frame>
				<frame num='35'>
					<mat>6.12323e-017,-1,6.12323e-017,0,0,6.12323e-017,1,0,-1,-6.12323e-017,3.7494e-033,-0,0,0,0,1</mat>
				</frame>
				<frame num='36'>
					<mat>6.12323e-017,-1,6.12323e-017,0,0,6.12323e-017,1,0,-1,-6.12323e-017,3.7494e-033,-0,0,0,0,1</mat>
				</frame>
				<frame num='37'>
					<mat>6.12323e-017,-1,6.12323e-017,0,0,6.12323e-017,1,0,-1,-6.12323e-017,3.7494e-033,-0,0,0,0,1</mat>
				</frame>
				<frame num='38'>
					<mat>6.12323e-017,-1,6.12323e-017,0,0,6.12323e-017,1,0,-1,-6.12323e-017,3.7494e-033,-0,0,0,0,1</mat>
				</frame>
				<frame num='39'>
					<mat>6.12323e-017,-1,6.12323e-017,0,0,6.12323e-017,1,0,-1,-6.12323e-017,3.7494e-033,-0,0,0,0,1</mat>
				</frame>
				<frame num='40'>
					<mat>6.12323e-017,-1,6.12323e-017,0,0,6.12323e-017,1,0,-1,-6.12323e-017,3.7494e-033,-0,0,0,0,1</mat>
				</frame>
				<frame num='41'>
					<mat>6.12323e-017,-1,6.12323e-017,0,0,6.12323e-017,1,0,-1,-6.12323e-017,3.7494e-033,-0,0,0,0,1</mat>
				</frame>
				<frame num='42'>
					<mat>6.12323e-017,-1,6.12323e-017,0,0,6.12323e-017,1,0,-1,-6.12323e-017,3.7494e-033,-0,0,0,0,1</mat>
				</frame>
				<frame num='43'>
					<mat>6.12323e-017,-1,6.12323e-017,0,0,6.12323e-017,1,0,-1,-6.12323e-017,3.7494e-033,-0,0,0,0,1</mat>
				</frame>
			</track>
			<track id = '1' name='JNT_SKIN_C_COG'>
				<frame num='-1'>
					<mat>7.35569e-017,-1,5.17451e-017,0.00401555,0.259664,6.90703e-017,0.965699,-3.71015,-0.965699,-5.75975e-017,0.259664,-35.373,0,0,0,1</mat>
				</frame>
				<frame num='0'>
					<mat>-0.0113424,-0.999911,0.00696987,0.00401555,0.204845,0.00449897,0.978784,-2.95569,-0.978729,0.0125295,0.204776,-32.2162,0,0,0,1</mat>
				</frame>
				<frame num='1'>
					<mat>-0.0423834,-0.99893,0.0184854,0.00401555,0.0678556,0.0155813,0.997573,-1.20031,-0.996795,0.0435349,0.0671226,-25.0331,0,0,0,1</mat>
				</frame>
				<frame num='2'>
					<mat>-0.0868439,-0.996011,0.0204846,0.00401555,-0.110435,0.0300604,0.993429,0.854309,-0.990082,0.084011,-0.112605,-16.9918,0,0,0,1</mat>
				</frame>
				<frame num='3'>
					<mat>-0.132589,-0.991146,0.00710638,0.00401555,-0.283942,0.0448512,0.957792,2.46851,-0.94963,0.124975,-0.287375,-11.6572,0,0,0,1</mat>
				</frame>
				<frame num='4'>
					<mat>-0.16569,-0.986108,-0.0117625,0.00401555,-0.400251,0.0563413,0.914672,2.55337,-0.901303,0.15626,-0.404026,-16.7832,0,0,0,1</mat>
				</frame>
				<frame num='5'>
					<mat>-0.168433,-0.985712,-0.00119273,0.00401555,-0.342388,0.0573707,0.937805,2.5467,-0.924338,0.158366,-0.347159,-18.0332,0,0,0,1</mat>
				</frame>
				<frame num='6'>
					<mat>-0.168238,-0.985746,0.000104115,0.00401555,-0.335124,0.0572953,0.94043,2.5467,-0.927032,0.158181,-0.339987,-18.1207,0,0,0,1</mat>
				</frame>
				<frame num='7'>
					<mat>-0.169992,-0.985445,-1.93244e-006,0.00401555,-0.335645,0.057898,0.940208,2.5467,-0.926523,0.159829,-0.340602,-18.1302,0,0,0,1</mat>
				</frame>
				<frame num='8'>
					<mat>-0.150497,-0.98861,-0.000709764,0.00401555,-0.336426,0.0505392,0.940353,2.5467,-0.929607,0.141759,-0.3402,-18.1559,0,0,0,1</mat>
				</frame>
				<frame num='9'>
					<mat>0.00110271,-0.999964,0.00837856,0.00401555,-0.339484,0.00750664,0.940582,2.5467,-0.940611,-0.00388158,-0.339463,-18.2038,0,0,0,1</mat>
				</frame>
				<frame num='10'>
					<mat>0.11828,-0.992033,0.0433621,0.00401555,-0.353544,-0.00126547,0.935417,2.5467,-0.92791,-0.125971,-0.350877,-18.259,0,0,0,1</mat>
				</frame>
				<frame num='11'>
					<mat>-0.00793811,-0.999961,-0.00396407,0.00401555,-0.401552,-0.000442891,0.915836,2.5467,-0.915802,0.00886179,-0.401532,-18.3178,0,0,0,1</mat>
				</frame>
				<frame num='12'>
					<mat>-0.0937771,-0.995077,-0.0320523,0.00401555,-0.305134,-0.00191856,0.952308,2.5467,-0.947681,0.0990848,-0.303452,-18.3798,0,0,0,1</mat>
				</frame>
				<frame num='13'>
					<mat>0.123015,-0.992391,0.00532545,0.00401555,-0.135716,-0.0115069,0.990681,2.5467,-0.983081,-0.122591,-0.136099,-18.4441,0,0,0,1</mat>
				</frame>
				<frame num='14'>
					<mat>0.0769602,-0.996952,0.0127946,0.00401555,-0.119476,0.0035187,0.992831,2.5467,-0.98985,-0.0779371,-0.118841,-18.5102,0,0,0,1</mat>
				</frame>
				<frame num='15'>
					<mat>-0.0708112,-0.997424,0.0114209,0.00401555,0.0442475,0.00829746,0.998986,2.5467,-0.996508,0.0712448,0.043546,-18.5773,0,0,0,1</mat>
				</frame>
				<frame num='16'>
					<mat>-0.0204065,-0.999714,0.0124828,0.00401555,0.271826,0.00646736,0.962325,2.5467,-0.96213,0.0230308,0.271616,-18.6446,0,0,0,1</mat>
				</frame>
				<frame num='17'>
					<mat>0.0140876,-0.999868,0.0080489,0.00401555,0.589294,0.0148054,0.807783,2.5467,-0.807796,-0.00663651,0.589425,-18.7114,0,0,0,1</mat>
				</frame>
				<frame num='18'>
					<mat>0.0923432,-0.99376,-0.062561,0.00401555,0.576398,0.00211681,0.817167,2.5467,-0.811935,-0.11152,0.572996,-18.7771,0,0,0,1</mat>
				</frame>
				<frame num='19'>
					<mat>0.0503119,-0.998133,-0.034632,0.00401555,0.507778,-0.00429543,0.861477,2.5467,-0.860018,-0.0609279,0.506614,-18.8408,0,0,0,1</mat>
				</frame>
				<frame num='20'>
					<mat>-0.00505732,-0.999975,0.00495581,0.00401555,0.665728,0.000331202,0.746194,2.5467,-0.746177,0.00707297,0.66571,-18.9019,0,0,0,1</mat>
				</frame>
				<frame num='21'>
					<mat>2.0928e-016,-1,1.35619e-016,0.00401555,0.738781,2.46012e-016,0.673945,2.5467,-0.673945,-4.08502e-017,0.738781,-18.9596,0,0,0,1</mat>
				</frame>
				<frame num='22'>
					<mat>2.04918e-016,-1,9.73601e-017,0.00401555,0.723384,2.15456e-016,0.690446,2.5467,-0.690446,-7.1056e-017,0.723384,-19.0133,0,0,0,1</mat>
				</frame>
				<frame num='23'>
					<mat>2.02266e-016,-1,1.58143e-016,0.00401555,0.714022,2.55142e-016,0.700123,2.5467,-0.700123,-2.86937e-017,0.714022,-19.0621,0,0,0,1</mat>
				</frame>
				<frame num='24'>
					<mat>1.68896e-016,-1,1.86022e-016,0.00401555,0.596222,2.50042e-016,0.802819,2.5467,-0.802819,-2.46825e-017,0.596222,-19.1054,0,0,0,1</mat>
				</frame>
				<frame num='25'>
					<mat>6.80971e-017,-1,3.11991e-017,0.00401555,0.24039,4.66541e-017,0.970676,2.5467,-0.970676,-5.86002e-017,0.24039,-19.1425,0,0,0,1</mat>
				</frame>
				<frame num='26'>
					<mat>5.65604e-017,-1,-1.5861e-016,0.00401555,-0.0777605,-1.62528e-016,0.996972,2.5467,-0.996972,-4.40555e-017,-0.0777605,-19.1725,0,0,0,1</mat>
				</frame>
				<frame num='27'>
					<mat>5.01122e-017,-1,-1.56345e-016,0.00401555,-0.176902,-1.62744e-016,0.984229,2.5467,-0.984229,-2.16642e-017,-0.176902,-19.1949,0,0,0,1</mat>
				</frame>
				<frame num='28'>
					<mat>5.09046e-017,-1,6.38029e-017,0.00401555,-0.100737,5.83503e-017,0.994913,2.5467,-0.994913,-5.7073e-017,-0.100737,-19.2095,0,0,0,1</mat>
				</frame>
				<frame num='29'>
					<mat>6.10973e-017,-1,-1.1561e-017,0.00401555,0.0180127,-1.04586e-017,0.999838,2.5467,-0.999838,-6.12956e-017,0.0180127,-19.2134,0,0,0,1</mat>
				</frame>
				<frame num='30'>
					<mat>6.60584e-017,-1,7.37728e-017,0.00401555,0.0695783,7.81903e-017,0.997576,2.5467,-0.997576,-6.07653e-017,0.0695783,-19.1623,0,0,0,1</mat>
				</frame>
				<frame num='31'>
					<mat>6.24779e-017,-1,1.89015e-017,0.00401555,0.0858961,2.41983e-017,0.996304,2.5467,-0.996304,-6.06234e-017,0.0858961,-18.9148,0,0,0,1</mat>
				</frame>
				<frame num='32'>
					<mat>6.84408e-017,-1,8.06531e-017,0.00401555,0.094094,8.67351e-017,0.995563,2.5467,-0.995563,-6.05481e-017,0.094094,-18.3318,0,0,0,1</mat>
				</frame>
				<frame num='33'>
					<mat>5.2117e-017,-1,-1.18168e-016,0.00401555,0.0716517,-1.1413e-016,0.99743,2.5467,-0.99743,-6.045e-017,0.0716517,-16.6439,0,0,0,1</mat>
				</frame>
				<frame num='34'>
					<mat>3.64186e-017,-1,2.85628e-016,0.00401555,-0.128562,2.78575e-016,0.991701,2.5467,-0.991701,-7.28371e-017,-0.128562,-11.8495,0,0,0,1</mat>
				</frame>
				<frame num='35'>
					<mat>3.17984e-017,-1,7.01363e-017,0.00401555,-0.519308,4.34244e-017,0.854587,2.5467,-0.854587,-6.35968e-017,-0.519308,-7.61332,0,0,0,1</mat>
				</frame>
				<frame num='36'>
					<mat>5.18645e-017,-1,8.99151e-017,0.00401555,-0.847012,3.86672e-018,0.531574,2.5467,-0.531574,-1.03729e-016,-0.847012,-7.15057,0,0,0,1</mat>
				</frame>
				<frame num='37'>
					<mat>2.8101e-016,-1,8.66969e-017,0.00401555,-0.991997,-2.67814e-016,0.126264,2.5467,-0.126264,-1.21485e-016,-0.991997,-7.18955,0,0,0,1</mat>
				</frame>
				<frame num='38'>
					<mat>6.09809e-017,-1,-1.28008e-016,0.00401555,-0.995894,-7.23193e-017,0.0905317,2.5467,-0.0905317,1.21962e-016,-0.995894,-7.18955,0,0,0,1</mat>
				</frame>
				<frame num='39'>
					<mat>6.09681e-017,-1,-1.28147e-016,0.00401555,-0.995684,-7.25975e-017,0.0928034,2.5467,-0.0928034,1.21936e-016,-0.995684,-7.18955,0,0,0,1</mat>
				</frame>
				<frame num='40'>
					<mat>6.09681e-017,-1,-1.28147e-016,0.00401555,-0.995684,-7.25975e-017,0.0928034,2.5467,-0.0928034,1.21936e-016,-0.995684,-7.18955,0,0,0,1</mat>
				</frame>
				<frame num='41'>
					<mat>6.09681e-017,-1,-1.28147e-016,0.00401555,-0.995684,-7.25975e-017,0.0928034,2.5467,-0.0928034,1.21936e-016,-0.995684,-7.18955,0,0,0,1</mat>
				</frame>
				<frame num='42'>
					<mat>6.09681e-017,-1,-1.28147e-016,0.00401555,-0.995684,-7.25975e-017,0.0928034,2.5467,-0.0928034,1.21936e-016,-0.995684,-7.18955,0,0,0,1</mat>
				</frame>
				<frame num='43'>
					<mat>6.09681e-017,-1,-1.28147e-016,0.00401555,-0.995684,-7.25975e-017,0.0928034,2.5467,-0.0928034,1.21936e-016,-0.995684,-7.18955,0,0,0,1</mat>
				</frame>
			</track>
			<track id = '2' name='JNT_SKIN_C_Spine01'>
				<frame num='-1'>
					<mat>7.35569e-017,-1,5.17451e-017,0.00401555,0.259664,6.90703e-017,0.965699,-2.29855,-0.965699,-5.75975e-017,0.259664,-40.6228,0,0,0,1</mat>
				</frame>
				<frame num='0'>
					<mat>-0.0113424,-0.999911,0.00696987,-0.0576441,0.204845,0.00449897,0.978784,-1.8421,-0.978729,0.0125295,0.204776,-37.5368,0,0,0,1</mat>
				</frame>
				<frame num='1'>
					<mat>-0.0423834,-0.99893,0.0184854,-0.22639,0.0678556,0.0155813,0.997573,-0.831434,-0.996795,0.0435349,0.0671226,-30.4519,0,0,0,1</mat>
				</frame>
				<frame num='2'>
					<mat>-0.0868439,-0.996011,0.0204846,-0.468088,-0.110435,0.0300604,0.993429,0.253961,-0.990082,0.084011,-0.112605,-22.3741,0,0,0,1</mat>
				</frame>
				<frame num='3'>
					<mat>-0.132589,-0.991146,0.00710638,-0.71677,-0.283942,0.0448512,0.957792,0.924938,-0.94963,0.124975,-0.287375,-16.8196,0,0,0,1</mat>
				</frame>
				<frame num='4'>
					<mat>-0.16569,-0.986108,-0.0117625,-0.896711,-0.400251,0.0563413,0.914672,0.377519,-0.901303,0.15626,-0.404026,-21.6828,0,0,0,1</mat>
				</frame>
				<frame num='5'>
					<mat>-0.168433,-0.985712,-0.00119273,-0.911626,-0.342388,0.0573707,0.937805,0.685402,-0.924338,0.158366,-0.347159,-23.0582,0,0,0,1</mat>
				</frame>
				<frame num='6'>
					<mat>-0.168238,-0.985746,0.000104115,-0.910566,-0.335124,0.0572953,0.94043,0.724889,-0.927032,0.158181,-0.339987,-23.1602,0,0,0,1</mat>
				</frame>
				<frame num='7'>
					<mat>-0.169992,-0.985445,-1.93244e-006,-0.920102,-0.335645,0.057898,0.940208,0.722059,-0.926523,0.159829,-0.340602,-23.167,0,0,0,1</mat>
				</frame>
				<frame num='8'>
					<mat>-0.150497,-0.98861,-0.000709764,-0.814118,-0.336426,0.0505392,0.940353,0.717813,-0.929607,0.141759,-0.3402,-23.2094,0,0,0,1</mat>
				</frame>
				<frame num='9'>
					<mat>0.00110271,-0.999964,0.00837856,0.0100102,-0.339484,0.00750664,0.940582,0.70119,-0.940611,-0.00388158,-0.339463,-23.3172,0,0,0,1</mat>
				</frame>
				<frame num='10'>
					<mat>0.11828,-0.992033,0.0433621,0.64701,-0.353544,-0.00126547,0.935417,0.624757,-0.92791,-0.125971,-0.350877,-23.3034,0,0,0,1</mat>
				</frame>
				<frame num='11'>
					<mat>-0.00793811,-0.999961,-0.00396407,-0.0391378,-0.401552,-0.000442891,0.915836,0.363775,-0.915802,0.00886179,-0.401532,-23.2963,0,0,0,1</mat>
				</frame>
				<frame num='12'>
					<mat>-0.0937771,-0.995077,-0.0320523,-0.505778,-0.305134,-0.00191856,0.952308,0.887925,-0.947681,0.0990848,-0.303452,-23.5316,0,0,0,1</mat>
				</frame>
				<frame num='13'>
					<mat>0.123015,-0.992391,0.00532545,0.672753,-0.135716,-0.0115069,0.990681,1.80892,-0.983081,-0.122591,-0.136099,-23.7884,0,0,0,1</mat>
				</frame>
				<frame num='14'>
					<mat>0.0769602,-0.996952,0.0127946,0.422389,-0.119476,0.0035187,0.992831,1.8972,-0.98985,-0.0779371,-0.118841,-23.8913,0,0,0,1</mat>
				</frame>
				<frame num='15'>
					<mat>-0.0708112,-0.997424,0.0114209,-0.38093,0.0442475,0.00829746,0.998986,2.78724,-0.996508,0.0712448,0.043546,-23.9945,0,0,0,1</mat>
				</frame>
				<frame num='16'>
					<mat>-0.0204065,-0.999714,0.0124828,-0.106919,0.271826,0.00646736,0.962325,4.02441,-0.96213,0.0230308,0.271616,-23.8749,0,0,0,1</mat>
				</frame>
				<frame num='17'>
					<mat>0.0140876,-0.999868,0.0080489,0.0805987,0.589294,0.0148054,0.807783,5.75024,-0.807796,-0.00663651,0.589425,-23.1028,0,0,0,1</mat>
				</frame>
				<frame num='18'>
					<mat>0.0923432,-0.99376,-0.062561,0.506014,0.576398,0.00211681,0.817167,5.68013,-0.811935,-0.11152,0.572996,-23.1909,0,0,0,1</mat>
				</frame>
				<frame num='19'>
					<mat>0.0503119,-0.998133,-0.034632,0.277523,0.507778,-0.00429543,0.861477,5.3071,-0.860018,-0.0609279,0.506614,-23.5161,0,0,0,1</mat>
				</frame>
				<frame num='20'>
					<mat>-0.00505732,-0.999975,0.00495581,-0.0234772,0.665728,0.000331202,0.746194,6.16575,-0.746177,0.00707297,0.66571,-22.9583,0,0,0,1</mat>
				</frame>
				<frame num='21'>
					<mat>2.0928e-016,-1,1.21277e-016,0.00401555,0.738781,2.36346e-016,0.673945,6.56288,-0.673945,-5.14459e-017,0.738781,-22.6233,0,0,0,1</mat>
				</frame>
				<frame num='22'>
					<mat>2.04918e-016,-1,8.32337e-017,0.00401555,0.723384,2.05703e-016,0.690446,6.47918,-0.690446,-8.12749e-017,0.723384,-22.7667,0,0,0,1</mat>
				</frame>
				<frame num='23'>
					<mat>2.02266e-016,-1,1.4415e-016,0.00401555,0.714022,2.45345e-016,0.700123,6.42829,-0.700123,-3.86851e-017,0.714022,-22.8681,0,0,0,1</mat>
				</frame>
				<frame num='24'>
					<mat>1.68896e-016,-1,1.73899e-016,0.00401555,0.596222,2.40309e-016,0.802819,5.7879,-0.802819,-3.19106e-017,0.596222,-23.4697,0,0,0,1</mat>
				</frame>
				<frame num='25'>
					<mat>6.80971e-017,-1,3.28286e-017,0.00401555,0.24039,4.82358e-017,0.970676,3.85352,-0.970676,-5.82085e-017,0.24039,-24.4193,0,0,0,1</mat>
				</frame>
				<frame num='26'>
					<mat>3.92941e-017,-1,6.27624e-017,0.00401555,-0.0777605,5.95168e-017,0.996972,2.12398,-0.996972,-4.40555e-017,-0.0777605,-24.5923,0,0,0,1</mat>
				</frame>
				<frame num='27'>
					<mat>5.01122e-017,-1,-1.56345e-016,0.00401555,-0.176902,-1.62744e-016,0.984229,1.58502,-0.984229,-2.16642e-017,-0.176902,-24.5454,0,0,0,1</mat>
				</frame>
				<frame num='28'>
					<mat>5.09046e-017,-1,6.38029e-017,0.00401555,-0.100737,5.83503e-017,0.994913,1.99907,-0.994913,-5.7073e-017,-0.100737,-24.618,0,0,0,1</mat>
				</frame>
				<frame num='29'>
					<mat>5.70977e-017,-1,3.10595e-017,0.00401555,0.0180127,3.20829e-017,0.999838,2.64462,-0.999838,-5.6529e-017,0.0180127,-24.6487,0,0,0,1</mat>
				</frame>
				<frame num='30'>
					<mat>5.06089e-017,-1,-9.34754e-017,0.00401555,0.0695783,-8.97276e-017,0.997576,2.92494,-0.997576,-5.69901e-017,0.0695783,-24.5853,0,0,0,1</mat>
				</frame>
				<frame num='31'>
					<mat>6.24779e-017,-1,5.91665e-017,0.00401555,0.0858961,6.43144e-017,0.996304,3.01365,-0.996304,-5.71648e-017,0.0858961,-24.331,0,0,0,1</mat>
				</frame>
				<frame num='32'>
					<mat>4.75477e-017,-1,-1.05345e-016,0.00401555,0.094094,-1.00404e-016,0.995563,3.05822,-0.995563,-5.72491e-017,0.094094,-23.7439,0,0,0,1</mat>
				</frame>
				<frame num='33'>
					<mat>5.2117e-017,-1,-6.60404e-017,0.00401555,0.0716517,-6.21364e-017,0.99743,2.93622,-0.99743,-5.6715e-017,0.0716517,-22.0662,0,0,0,1</mat>
				</frame>
				<frame num='34'>
					<mat>3.64186e-017,-1,2.85628e-016,0.00401555,-0.128562,2.78575e-016,0.991701,1.84781,-0.991701,-7.28371e-017,-0.128562,-17.2407,0,0,0,1</mat>
				</frame>
				<frame num='35'>
					<mat>3.17984e-017,-1,7.01363e-017,0.00401555,-0.519308,4.34244e-017,0.854587,-0.276372,-0.854587,-6.35968e-017,-0.519308,-12.2591,0,0,0,1</mat>
				</frame>
				<frame num='36'>
					<mat>5.18645e-017,-1,8.99151e-017,0.00401555,-0.847012,3.86672e-018,0.531574,-2.05785,-0.531574,-1.03729e-016,-0.847012,-10.0403,0,0,0,1</mat>
				</frame>
				<frame num='37'>
					<mat>2.8101e-016,-1,-1.58233e-016,0.00401555,-0.991997,-2.9874e-016,0.126264,-2.84602,-0.126264,1.21485e-016,-0.991997,-7.87595,0,0,0,1</mat>
				</frame>
				<frame num='38'>
					<mat>6.09809e-017,-1,-1.28008e-016,0.00401555,-0.995894,-7.23193e-017,0.0905317,-2.8672,-0.0905317,1.21962e-016,-0.995894,-7.6817,0,0,0,1</mat>
				</frame>
				<frame num='39'>
					<mat>6.09681e-017,-1,-1.28147e-016,0.00401555,-0.995684,-7.25975e-017,0.0928034,-2.86607,-0.0928034,1.21936e-016,-0.995684,-7.69405,0,0,0,1</mat>
				</frame>
				<frame num='40'>
					<mat>6.09681e-017,-1,-1.28147e-016,0.00401555,-0.995684,-7.25975e-017,0.0928034,-2.86607,-0.0928034,1.21936e-016,-0.995684,-7.69405,0,0,0,1</mat>
				</frame>
				<frame num='41'>
					<mat>6.09681e-017,-1,-1.28147e-016,0.00401555,-0.995684,-7.25975e-017,0.0928034,-2.86607,-0.0928034,1.21936e-016,-0.995684,-7.69405,0,0,0,1</mat>
				</frame>
				<frame num='42'>
					<mat>6.09681e-017,-1,-1.28147e-016,0.00401555,-0.995684,-7.25975e-017,0.0928034,-2.86607,-0.0928034,1.21936e-016,-0.995684,-7.69405,0,0,0,1</mat>
				</frame>
				<frame num='43'>
					<mat>6.09681e-017,-1,-1.28147e-016,0.00401555,-0.995684,-7.25975e-017,0.0928034,-2.86607,-0.0928034,1.21936e-016,-0.995684,-7.69405,0,0,0,1</mat>
				</frame>
			</track>
			<track id = '3' name='JNT_SKIN_C_Spine02'>
				<frame num='-1'>
					<mat>3.6594e-017,-1,-6.75509e-017,0.00401555,0.597626,-3.22911e-017,0.801775,-0.903954,-0.801775,-6.97103e-017,0.597626,-45.8093,0,0,0,1</mat>
				</frame>
				<frame num='0'>
					<mat>-0.00861142,-0.999911,0.0101524,-0.118561,0.499161,0.00449897,0.866498,-0.741925,-0.866467,0.0125295,0.499078,-42.7933,0,0,0,1</mat>
				</frame>
				<frame num='1'>
					<mat>-0.0385902,-0.99893,0.0254727,-0.454022,0.237744,0.0155813,0.971203,-0.466997,-0.970561,0.0435349,0.236888,-35.8055,0,0,0,1</mat>
				</frame>
				<frame num='2'>
					<mat>-0.0868194,-0.996011,0.0205879,-0.934507,-0.109252,0.0300604,0.993559,-0.339158,-0.990215,0.084011,-0.111426,-27.6916,0,0,0,1</mat>
				</frame>
				<frame num='3'>
					<mat>-0.132275,-0.991146,-0.0115592,-1.42888,-0.415464,0.0448512,0.908503,-0.60005,-0.899941,0.124975,-0.417718,-21.9198,0,0,0,1</mat>
				</frame>
				<frame num='4'>
					<mat>-0.160147,-0.986108,-0.0440955,-1.78659,-0.572203,0.0563413,0.818175,-1.77214,-0.804324,0.15626,-0.573277,-26.5235,0,0,0,1</mat>
				</frame>
				<frame num='5'>
					<mat>-0.167223,-0.985712,-0.0201906,-1.81624,-0.44602,0.0573707,0.893182,-1.15349,-0.879262,0.158366,-0.449242,-28.0226,0,0,0,1</mat>
				</frame>
				<frame num='6'>
					<mat>-0.165655,-0.985893,0.0239626,-1.81414,-0.197851,0.0570286,0.978572,-1.07499,-0.966133,0.157364,-0.204507,-28.1391,0,0,0,1</mat>
				</frame>
				<frame num='7'>
					<mat>-0.175975,-0.983114,0.0501894,-1.83309,-0.0626883,0.0620734,0.996101,-1.08062,-0.982397,0.172143,-0.0725531,-28.1432,0,0,0,1</mat>
				</frame>
				<frame num='8'>
					<mat>-0.209615,-0.977636,0.0169858,-1.6224,-0.236325,0.0675118,0.969326,-1.08906,-0.948795,0.199171,-0.245192,-28.2022,0,0,0,1</mat>
				</frame>
				<frame num='9'>
					<mat>0.0860042,-0.995985,-0.0248376,0.0159326,-0.0426532,-0.028588,0.998681,-1.1221,-0.995381,-0.0848313,-0.0449406,-28.369,0,0,0,1</mat>
				</frame>
				<frame num='10'>
					<mat>0.132938,-0.991079,0.00951615,1.28226,-0.109973,-0.00520773,0.993921,-1.27405,-0.985004,-0.133176,-0.109684,-28.287,0,0,0,1</mat>
				</frame>
				<frame num='11'>
					<mat>-0.135724,-0.990638,0.0146615,-0.0817716,-0.264988,0.0505564,0.962925,-1.79287,-0.954652,0.126807,-0.269369,-28.2149,0,0,0,1</mat>
				</frame>
				<frame num='12'>
					<mat>-0.249393,-0.968365,0.00852643,-1.00943,-0.13128,0.0425307,0.990433,-0.75088,-0.959463,0.245888,-0.137734,-28.6214,0,0,0,1</mat>
				</frame>
				<frame num='13'>
					<mat>0.170205,-0.983491,-0.0614402,1.33344,0.187965,-0.0288019,0.981753,1.08002,-0.967315,-0.178648,0.17996,-29.0683,0,0,0,1</mat>
				</frame>
				<frame num='14'>
					<mat>0.0850887,-0.996307,-0.0115309,0.835725,0.153867,0.00170506,0.98809,1.25552,-0.984421,-0.0858496,0.153443,-29.2075,0,0,0,1</mat>
				</frame>
				<frame num='15'>
					<mat>-0.149985,-0.987048,0.0569253,-0.761242,0.344197,0.0018462,0.938895,3.02488,-0.92684,0.160414,0.339462,-29.3465,0,0,0,1</mat>
				</frame>
				<frame num='16'>
					<mat>-0.0413983,-0.998659,0.0310972,-0.216517,0.686654,-0.00582768,0.726961,5.48433,-0.725804,0.051448,0.685975,-29.0423,0,0,0,1</mat>
				</frame>
				<frame num='17'>
					<mat>0.0197365,-0.999805,-7.59098e-005,0.15626,0.880677,0.0173489,0.4734,8.91521,-0.473306,-0.0094101,0.880848,-27.4413,0,0,0,1</mat>
				</frame>
				<frame num='18'>
					<mat>0.0612824,-0.99376,-0.0931967,1.00197,0.845757,0.00211681,0.533564,8.77583,-0.530038,-0.11152,0.840609,-27.5517,0,0,0,1</mat>
				</frame>
				<frame num='19'>
					<mat>0.0329053,-0.998133,-0.0514578,0.547737,0.802575,-0.00429543,0.596536,8.03426,-0.595643,-0.0609279,0.800935,-28.135,0,0,0,1</mat>
				</frame>
				<frame num='20'>
					<mat>-0.00273474,-0.999975,0.00653129,-0.050639,0.903331,0.000331202,0.428945,9.74123,-0.428936,0.00707297,0.903307,-26.9658,0,0,0,1</mat>
				</frame>
				<frame num='21'>
					<mat>4.76304e-016,-1,-2.07787e-016,0.00401555,0.942577,3.79555e-016,0.33399,10.5307,-0.33399,-3.54936e-016,0.942577,-26.243,0,0,0,1</mat>
				</frame>
				<frame num='22'>
					<mat>4.72374e-016,-1,-2.07087e-016,0.00401555,0.934799,3.68023e-016,0.355176,10.3643,-0.355176,-3.61361e-016,0.934799,-26.4749,0,0,0,1</mat>
				</frame>
				<frame num='23'>
					<mat>4.69915e-016,-1,-1.81999e-016,0.00401555,0.929933,3.70063e-016,0.36773,10.2631,-0.36773,-3.42049e-016,0.929933,-26.6283,0,0,0,1</mat>
				</frame>
				<frame num='24'>
					<mat>4.35225e-016,-1,-1.15232e-016,0.00401555,0.861283,3.163e-016,0.508125,8.99008,-0.508125,-3.20396e-016,0.861283,-27.7815,0,0,0,1</mat>
				</frame>
				<frame num='25'>
					<mat>1.7195e-016,-1,-1.40456e-018,0.00401555,0.607002,1.03257e-016,0.794701,5.1446,-0.794701,-1.37501e-016,0.607002,-29.6326,0,0,0,1</mat>
				</frame>
				<frame num='26'>
					<mat>6.82984e-017,-1,3.04604e-017,0.00401555,0.241101,4.60286e-017,0.9705,1.70634,-0.9705,-5.89396e-017,0.241101,-29.9468,0,0,0,1</mat>
				</frame>
				<frame num='27'>
					<mat>2.51858e-017,-1,2.84399e-016,0.00401555,-0.0889089,2.81033e-016,0.99604,0.634925,-0.99604,-5.03717e-017,-0.0889089,-29.8314,0,0,0,1</mat>
				</frame>
				<frame num='28'>
					<mat>5.03577e-017,-1,6.25688e-017,0.00401555,-0.053041,5.98097e-017,0.998592,1.45804,-0.998592,-5.36055e-017,-0.053041,-29.9615,0,0,0,1</mat>
				</frame>
				<frame num='29'>
					<mat>4.68965e-017,-1,-6.74952e-017,0.00401555,0.16555,-5.88002e-017,0.986201,2.74136,-0.986201,-5.74232e-017,0.16555,-30.0186,0,0,0,1</mat>
				</frame>
				<frame num='30'>
					<mat>1.98062e-017,-1,-3.79336e-017,0.00401555,0.32346,-2.94879e-017,0.946242,3.29863,-0.946242,-3.10115e-017,0.32346,-29.9431,0,0,0,1</mat>
				</frame>
				<frame num='31'>
					<mat>2.60204e-017,-1,-1.31797e-016,0.00401555,0.424946,-1.08247e-016,0.905219,3.47498,-0.905219,-7.95606e-017,0.424946,-29.6819,0,0,0,1</mat>
				</frame>
				<frame num='32'>
