<?xml version='1.0' encoding='UTF-8' ?>
<itpanim>
	<skeleton count='32'>
		<joint id='0' name='JNT_Root' parent='-1'>
			<mat>2.83277e-016,1,0,0,-1,2.83277e-016,0,0,-0,-0,1,-0,0,0,0,1</mat>
		</joint>
		<joint id='1' name='JNT_Cog' parent='0'>
			<mat>-4.8428e-007,0.999852,0.0172323,-25.5253,-2.01947e-005,0.0172323,-0.999852,-0.0906051,-1,-8.32209e-007,2.01834e-005,0.652059,0,0,0,1</mat>
		</joint>
		<joint id='2' name='JNT_Spine01' parent='1'>
			<mat>-4.65192e-007,0.999835,0.0181773,-35.4022,-2.01952e-005,0.0181773,-0.999835,-0.124067,-1,-8.32209e-007,2.01834e-005,0.652059,0,0,0,1</mat>
		</joint>
		<joint id='3' name='JNT_Spine02' parent='2'>
			<mat>0.000833635,0.999074,0.043023,-44.8427,-0.00737623,0.043028,-0.999047,-1.23447,-0.999972,0.000515492,0.00740526,0.623776,0,0,0,1</mat>
		</joint>
		<joint id='4' name='JNT_Spine03' parent='3'>
			<mat>0.00431608,0.978573,0.205854,-68.7249,-0.0140875,0.205895,-0.978473,-12.6433,-0.999891,0.0013232,0.0146743,0.554448,0,0,0,1</mat>
		</joint>
		<joint id='5' name='JNT_Spine04' parent='4'>
			<mat>0.0145885,0.798231,0.602174,-73.544,-0.0157753,0.602347,-0.798078,-48.5025,-0.999769,0.00214327,0.0213796,0.44492,0,0,0,1</mat>
		</joint>
		<joint id='6' name='JNT_SpineTop' parent='5'>
			<mat>0.0145885,0.798231,0.602174,-95.8988,-0.0157753,0.602347,-0.798078,-48.5025,-0.999769,0.00214327,0.0213796,0.44492,0,0,0,1</mat>
		</joint>
		<joint id='7' name='JNT_L_Shoulder' parent='2'>
			<mat>0.496343,-0.756541,-0.42578,16.1352,0.813929,0.576122,-0.0748557,-44.9409,0.301933,-0.3094,0.901725,5.45213,0,0,0,1</mat>
		</joint>
		<joint id='8' name='JNT_L_Elbow' parent='7'>
			<mat>-0.351094,-0.400583,-0.846325,14.0042,0.13634,0.872361,-0.469466,-32.8118,0.926361,-0.280215,-0.251665,-39.6179,0,0,0,1</mat>
		</joint>
		<joint id='9' name='JNT_L_Wrist' parent='8'>
			<mat>-0.868885,-0.280925,-0.407578,25.6891,-0.251547,0.959709,-0.12523,-8.473,0.426337,-0.00628585,-0.904543,-44.1805,0,0,0,1</mat>
		</joint>
		<joint id='10' name='JNT_L_Indexfinger01' parent='9'>
			<mat>-0.955115,0.187616,-0.22925,12.9023,0.194532,0.980866,-0.00773874,-15.2386,0.223411,-0.0519878,-0.973337,-41.3017,0,0,0,1</mat>
		</joint>
		<joint id='11' name='JNT_L_Indexfinger02' parent='10'>
			<mat>-0.651941,-0.749264,-0.11652,15.1727,-0.722091,0.660361,-0.206173,-4.01624,0.231423,-0.0502743,-0.971553,-41.3849,0,0,0,1</mat>
		</joint>
		<joint id='12' name='JNT_L_Indexfinger03' parent='11'>
			<mat>-0.651941,-0.749264,-0.11652,3.49739,-0.722091,0.660361,-0.206173,-4.01624,0.231423,-0.0502743,-0.971553,-41.3849,0,0,0,1</mat>
		</joint>
		<joint id='13' name='JNT_L_Middlefinger01' parent='9'>
			<mat>-0.729664,0.0997493,-0.676491,-10.3541,0.0318288,0.993185,0.112116,-8.43401,0.683064,0.0602748,-0.727867,-50.5845,0,0,0,1</mat>
		</joint>
		<joint id='14' name='JNT_L_Middlefinger02' parent='13'>
			<mat>-0.366636,-0.827274,-0.42567,-2.77162,-0.621915,0.558212,-0.5492,-22.5296,0.691953,0.0633747,-0.719155,-50.3689,0,0,0,1</mat>
		</joint>
		<joint id='15' name='JNT_L_Middlefinger03' parent='14'>
			<mat>-0.366636,-0.827274,-0.42567,-15.3991,-0.621915,0.558212,-0.5492,-22.5296,0.691953,0.0633747,-0.719155,-50.3689,0,0,0,1</mat>
		</joint>
		<joint id='16' name='JNT_L_Pinyfinger01' parent='9'>
			<mat>-0.277112,0.278061,-0.919723,-36.2827,-0.0809731,0.947047,0.310718,6.39614,0.95742,0.160577,-0.239923,-44.2498,0,0,0,1</mat>
		</joint>
		<joint id='17' name='JNT_L_Pinyfinger02' parent='16'>
			<mat>-0.126191,-0.602945,-0.78774,-29.8709,-0.286622,0.78238,-0.552928,-30.8665,0.949697,0.156009,-0.271546,-45.6277,0,0,0,1</mat>
		</joint>
		<joint id='18' name='JNT_L_Pinyfinger03' parent='17'>
			<mat>-0.126191,-0.602945,-0.78774,-41.5402,-0.286622,0.78238,-0.552928,-30.8665,0.949697,0.156009,-0.271546,-45.6277,0,0,0,1</mat>
		</joint>
		<joint id='19' name='JNT_R_Shoulder' parent='2'>
			<mat>0.708947,0.566337,0.420305,-4.16033,0.575662,-0.808975,0.119051,47.4846,0.407439,0.157553,-0.899539,2.79542,0,0,0,1</mat>
		</joint>
		<joint id='20' name='JNT_R_Elbow' parent='19'>
			<mat>-0.464628,0.33523,0.819598,-21.7163,-0.0803963,-0.937718,0.337967,29.2665,0.881849,0.0911365,0.462642,46.6143,0,0,0,1</mat>
		</joint>
		<joint id='21' name='JNT_R_Wrist' parent='20'>
			<mat>-0.494476,0.607531,0.621611,-15.2021,-0.386718,-0.794249,0.468635,17.7043,0.778424,-0.00865925,0.62768,49.874,0,0,0,1</mat>
		</joint>
		<joint id='22' name='JNT_R_Indexfinger01' parent='21'>
			<mat>-0.760617,0.174032,0.625439,-0.771567,-0.062005,-0.978469,0.196858,19.3334,0.646233,0.110954,0.755031,49.2821,0,0,0,1</mat>
		</joint>
		<joint id='23' name='JNT_R_Indexfinger02' parent='22'>
			<mat>-0.329299,0.931609,0.153839,-12.4718,-0.683076,-0.347524,0.642366,16.5826,0.651897,0.106447,0.750799,49.2843,0,0,0,1</mat>
		</joint>
		<joint id='24' name='JNT_R_Indexfinger03' parent='23'>
			<mat>-0.329299,0.931609,0.153839,-0.796489,-0.683076,-0.347524,0.642366,16.5826,0.651897,0.106447,0.750799,49.2843,0,0,0,1</mat>
		</joint>
		<joint id='25' name='JNT_R_Middlefinger01' parent='21'>
			<mat>-0.353469,0.204364,0.91285,25.1776,-0.244684,-0.962069,0.120638,11.7679,0.902878,-0.180718,0.390066,52.4875,0,0,0,1</mat>
		</joint>
		<joint id='26' name='JNT_R_Middlefinger02' parent='25'>
			<mat>0.0570026,0.942546,0.329177,6.86345,-0.419402,-0.276603,0.864634,37.1825,0.906009,-0.187344,0.379539,52.1073,0,0,0,1</mat>
		</joint>
		<joint id='27' name='JNT_R_Middlefinger03' parent='26'>
			<mat>0.0570026,0.942546,0.329177,19.491,-0.419402,-0.276603,0.864634,37.1825,0.906009,-0.187344,0.379539,52.1073,0,0,0,1</mat>
		</joint>
		<joint id='28' name='JNT_R_Pinyfinger01' parent='21'>
			<mat>0.113778,-0.038398,0.992764,50.1437,-0.435215,-0.900201,0.015061,-3.38803,0.893108,-0.433779,-0.119135,39.1088,0,0,0,1</mat>
		</joint>
		<joint id='29' name='JNT_R_Pinyfinger02' parent='28'>
			<mat>0.392351,0.714868,0.578813,35.7981,-0.180553,-0.557173,0.81053,43.8966,0.901921,-0.422518,-0.0895361,40.8639,0,0,0,1</mat>
		</joint>
		<joint id='30' name='JNT_R_Pinyfinger03' parent='29'>
			<mat>0.392351,0.714868,0.578813,47.4674,-0.180553,-0.557173,0.81053,43.8966,0.901921,-0.422518,-0.0895361,40.8639,0,0,0,1</mat>
		</joint>
		<joint id='31' name='JNT_Butt' parent='1'>
			<mat>-4.8428e-007,0.999852,0.0172323,-14.6473,-2.01947e-005,0.0172323,-0.999852,0.234486,-1,-8.32209e-007,2.01834e-005,0.652059,0,0,0,1</mat>
		</joint>
	</skeleton>
	<animations>
		<animation name='Take 001' length='32'>
			<track id = '0' name='JNT_Root'>
				<frame num='0'>
					<mat>6.12323e-017,-1,6.12323e-017,0,1,6.12323e-017,-3.7494e-033,0,-0,6.12323e-017,1,0,0,0,0,1</mat>
				</frame>
				<frame num='1'>
					<mat>6.12323e-017,-1,6.12323e-017,0,1,6.12323e-017,-3.7494e-033,0,-0,6.12323e-017,1,0,0,0,0,1</mat>
				</frame>
				<frame num='2'>
					<mat>6.12323e-017,-1,6.12323e-017,0,1,6.12323e-017,-3.7494e-033,0,-0,6.12323e-017,1,0,0,0,0,1</mat>
				</frame>
				<frame num='3'>
					<mat>6.12323e-017,-1,6.12323e-017,0,1,6.12323e-017,-3.7494e-033,0,-0,6.12323e-017,1,0,0,0,0,1</mat>
				</frame>
				<frame num='4'>
					<mat>6.12323e-017,-1,6.12323e-017,0,1,6.12323e-017,-3.7494e-033,0,-0,6.12323e-017,1,0,0,0,0,1</mat>
				</frame>
				<frame num='5'>
					<mat>6.12323e-017,-1,6.12323e-017,0,1,6.12323e-017,-3.7494e-033,0,-0,6.12323e-017,1,0,0,0,0,1</mat>
				</frame>
				<frame num='6'>
					<mat>6.12323e-017,-1,6.12323e-017,0,1,6.12323e-017,-3.7494e-033,0,-0,6.12323e-017,1,0,0,0,0,1</mat>
				</frame>
				<frame num='7'>
					<mat>6.12323e-017,-1,6.12323e-017,0,1,6.12323e-017,-3.7494e-033,0,-0,6.12323e-017,1,0,0,0,0,1</mat>
				</frame>
				<frame num='8'>
					<mat>6.12323e-017,-1,6.12323e-017,0,1,6.12323e-017,-3.7494e-033,0,-0,6.12323e-017,1,0,0,0,0,1</mat>
				</frame>
				<frame num='9'>
					<mat>6.12323e-017,-1,6.12323e-017,0,1,6.12323e-017,-3.7494e-033,0,-0,6.12323e-017,1,0,0,0,0,1</mat>
				</frame>
				<frame num='10'>
					<mat>6.12323e-017,-1,6.12323e-017,0,1,6.12323e-017,-3.7494e-033,0,-0,6.12323e-017,1,0,0,0,0,1</mat>
				</frame>
				<frame num='11'>
					<mat>6.12323e-017,-1,6.12323e-017,0,1,6.12323e-017,-3.7494e-033,0,-0,6.12323e-017,1,0,0,0,0,1</mat>
				</frame>
				<frame num='12'>
					<mat>6.12323e-017,-1,6.12323e-017,0,1,6.12323e-017,-3.7494e-033,0,-0,6.12323e-017,1,0,0,0,0,1</mat>
				</frame>
				<frame num='13'>
					<mat>6.12323e-017,-1,6.12323e-017,0,1,6.12323e-017,-3.7494e-033,0,-0,6.12323e-017,1,0,0,0,0,1</mat>
				</frame>
				<frame num='14'>
					<mat>6.12323e-017,-1,6.12323e-017,0,1,6.12323e-017,-3.7494e-033,0,-0,6.12323e-017,1,0,0,0,0,1</mat>
				</frame>
				<frame num='15'>
					<mat>6.12323e-017,-1,6.12323e-017,0,1,6.12323e-017,-3.7494e-033,0,-0,6.12323e-017,1,0,0,0,0,1</mat>
				</frame>
				<frame num='16'>
					<mat>6.12323e-017,-1,6.12323e-017,0,1,6.12323e-017,-3.7494e-033,0,-0,6.12323e-017,1,0,0,0,0,1</mat>
				</frame>
				<frame num='17'>
					<mat>6.12323e-017,-1,6.12323e-017,0,1,6.12323e-017,-3.7494e-033,0,-0,6.12323e-017,1,0,0,0,0,1</mat>
				</frame>
				<frame num='18'>
					<mat>6.12323e-017,-1,6.12323e-017,0,1,6.12323e-017,-3.7494e-033,0,-0,6.12323e-017,1,0,0,0,0,1</mat>
				</frame>
				<frame num='19'>
					<mat>6.12323e-017,-1,6.12323e-017,0,1,6.12323e-017,-3.7494e-033,0,-0,6.12323e-017,1,0,0,0,0,1</mat>
				</frame>
				<frame num='20'>
					<mat>6.12323e-017,-1,6.12323e-017,0,1,6.12323e-017,-3.7494e-033,0,-0,6.12323e-017,1,0,0,0,0,1</mat>
				</frame>
				<frame num='21'>
					<mat>6.12323e-017,-1,6.12323e-017,0,1,6.12323e-017,-3.7494e-033,0,-0,6.12323e-017,1,0,0,0,0,1</mat>
				</frame>
				<frame num='22'>
					<mat>6.12323e-017,-1,6.12323e-017,0,1,6.12323e-017,-3.7494e-033,0,-0,6.12323e-017,1,0,0,0,0,1</mat>
				</frame>
				<frame num='23'>
					<mat>6.12323e-017,-1,6.12323e-017,0,1,6.12323e-017,-3.7494e-033,0,-0,6.12323e-017,1,0,0,0,0,1</mat>
				</frame>
				<frame num='24'>
					<mat>6.12323e-017,-1,6.12323e-017,0,1,6.12323e-017,-3.7494e-033,0,-0,6.12323e-017,1,0,0,0,0,1</mat>
				</frame>
				<frame num='25'>
					<mat>6.12323e-017,-1,6.12323e-017,0,1,6.12323e-017,-3.7494e-033,0,-0,6.12323e-017,1,0,0,0,0,1</mat>
				</frame>
				<frame num='26'>
					<mat>6.12323e-017,-1,6.12323e-017,0,1,6.12323e-017,-3.7494e-033,0,-0,6.12323e-017,1,0,0,0,0,1</mat>
				</frame>
				<frame num='27'>
					<mat>6.12323e-017,-1,6.12323e-017,0,1,6.12323e-017,-3.7494e-033,0,-0,6.12323e-017,1,0,0,0,0,1</mat>
				</frame>
				<frame num='28'>
					<mat>6.12323e-017,-1,6.12323e-017,0,1,6.12323e-017,-3.7494e-033,0,-0,6.12323e-017,1,0,0,0,0,1</mat>
				</frame>
				<frame num='29'>
					<mat>6.12323e-017,-1,6.12323e-017,0,1,6.12323e-017,-3.7494e-033,0,-0,6.12323e-017,1,0,0,0,0,1</mat>
				</frame>
				<frame num='30'>
					<mat>6.12323e-017,-1,6.12323e-017,0,1,6.12323e-017,-3.7494e-033,0,-0,6.12323e-017,1,0,0,0,0,1</mat>
				</frame>
				<frame num='31'>
					<mat>6.12323e-017,-1,6.12323e-017,0,1,6.12323e-017,-3.7494e-033,0,-0,6.12323e-017,1,0,0,0,0,1</mat>
				</frame>
			</track>
			<track id = '1' name='JNT_Cog'>
				<frame num='0'>
					<mat>-4.8428e-007,-2.01947e-005,-1,0.652045,0.999852,0.0172323,-8.32209e-007,25.5231,0.0172323,-0.999852,2.01834e-005,0.349255,0,0,0,1</mat>
				</frame>
				<frame num='1'>
					<mat>-0.000253533,-0.00419678,-0.999991,15.0691,0.997823,-0.0659482,2.37888e-005,11.2176,-0.0659477,-0.997814,0.00420436,3.7675,0,0,0,1</mat>
				</frame>
				<frame num='2'>
					<mat>-0.00479366,-0.0213383,-0.999761,32.7282,0.988888,-0.148654,-0.00156874,-3.08799,-0.148585,-0.988659,0.0218138,9.09822,0,0,0,1</mat>
				</frame>
				<frame num='3'>
					<mat>0.0084507,-0.154048,-0.988027,38.7133,0.998499,0.0547753,-1.46884e-010,-1.59493,0.0541195,-0.986544,0.154279,14.929,0,0,0,1</mat>
				</frame>
				<frame num='4'>
					<mat>0.149715,-0.370525,-0.916677,39.5776,0.925483,0.378783,-0.00195264,2.0189,0.347945,-0.848077,0.399624,20.3991,0,0,0,1</mat>
				</frame>
				<frame num='5'>
					<mat>0.28302,-0.581081,-0.76305,39.9114,0.8872,0.460865,-0.0218913,3.02909,0.364383,-0.670782,0.645969,23.6992,0,0,0,1</mat>
				</frame>
				<frame num='6'>
					<mat>0.563658,-0.511141,-0.648864,39.7637,0.802051,0.5265,0.28198,29.0054,0.197496,-0.679362,0.706726,15.7003,0,0,0,1</mat>
				</frame>
				<frame num='7'>
					<mat>0.814118,-0.483503,-0.321617,36.9778,0.538037,0.419685,0.731014,70.1872,-0.218469,-0.768173,0.601815,-6.78864,0,0,0,1</mat>
				</frame>
				<frame num='8'>
					<mat>0.887496,-0.181881,-0.423404,12.0694,0.305867,-0.454726,0.836463,69.5643,-0.34467,-0.871862,-0.347936,-17.9901,0,0,0,1</mat>
				</frame>
				<frame num='9'>
					<mat>0.995158,0.0897664,0.0400321,2.80517e-016,0.0645489,-0.904036,0.422554,58.3352,0.0741217,-0.417924,-0.905453,-23.6218,0,0,0,1</mat>
				</frame>
				<frame num='10'>
					<mat>0.757219,0.458925,-0.464766,5.7058e-015,0.585105,-0.792856,0.170388,23.1799,-0.290297,-0.400958,-0.868885,-24.8298,0,0,0,1</mat>
				</frame>
				<frame num='11'>
					<mat>0.323477,0.502704,-0.801656,7.61435e-015,0.840943,-0.541124,8.7791e-008,10.2504,-0.433795,-0.674146,-0.597786,-22.7886,0,0,0,1</mat>
				</frame>
				<frame num='12'>
					<mat>0.0549665,0.140846,-0.988504,6.10385e-015,0.931473,-0.36381,-4.19343e-005,21.9694,-0.359634,-0.920763,-0.151192,-21.2879,0,0,0,1</mat>
				</frame>
				<frame num='13'>
					<mat>6.04363e-017,1.50971e-016,-1,5.21067e-015,0.986999,-0.160724,3.5386e-017,27.6242,-0.160724,-0.986999,-1.58722e-016,-18.0643,0,0,0,1</mat>
				</frame>
				<frame num='14'>
					<mat>6.11638e-017,1.63708e-016,-1,6.40581e-015,0.998881,0.0472911,6.88373e-017,22.3339,0.0472911,-0.998881,-1.60632e-016,-12.6368,0,0,0,1</mat>
				</frame>
				<frame num='15'>
					<mat>6.05354e-017,1.70025e-016,-1,7.6012e-015,0.988618,0.150448,8.54262e-017,16.352,0.150448,-0.988618,-1.58982e-016,-6.97893,0,0,0,1</mat>
				</frame>
				<frame num='16'>
					<mat>6.08969e-017,1.67212e-016,-1,8.61277e-015,0.994522,0.104524,7.8041e-017,11.7362,0.104524,-0.994522,-1.59931e-016,-1.0633,0,0,0,1</mat>
				</frame>
				<frame num='17'>
					<mat>6.11817e-017,1.63301e-016,-1,9.01771e-015,0.999173,0.0406499,6.77693e-017,10.7517,0.0406499,-0.999173,-1.60679e-016,2.36747,0,0,0,1</mat>
				</frame>
				<frame num='18'>
					<mat>6.12227e-017,1.59723e-016,-1,8.59315e-015,0.999842,-0.0177825,5.83727e-017,13.679,-0.0177825,-0.999842,-1.60787e-016,3.42795,0,0,0,1</mat>
				</frame>
				<frame num='19'>
					<mat>2.82639e-016,1.41805e-016,-1,8.03243e-015,0.997746,-0.0670965,2.72487e-016,17.7789,-0.0670965,-0.997746,-1.6045e-016,3.81112,0,0,0,1</mat>
				</frame>
				<frame num='20'>
					<mat>6.10251e-017,1.55779e-016,-1,7.58496e-015,0.996616,-0.0821993,4.80137e-017,20.8758,-0.0821993,-0.996616,-1.60268e-016,3.8015,0,0,0,1</mat>
				</frame>
				<frame num='21'>
					<mat>6.10726e-017,1.56392e-016,-1,7.17104e-015,0.997391,-0.0721878,4.96237e-017,22.7649,-0.0721878,-0.997391,-1.60393e-016,2.69712,0,0,0,1</mat>
				</frame>
				<frame num='22'>
					<mat>2.82865e-016,1.45548e-016,-1,6.81257e-015,0.998547,-0.0538843,2.74612e-016,24.2069,-0.0538843,-0.998547,-1.60579e-016,1.04409,0,0,0,1</mat>
				</frame>
				<frame num='23'>
					<mat>6.11942e-017,1.5865e-016,-1,6.60844e-015,0.999376,-0.0353075,5.55545e-017,25.2633,-0.0353075,-0.999376,-1.60712e-016,0.211357,0,0,0,1</mat>
				</frame>
				<frame num='24'>
					<mat>6.12258e-017,1.59918e-016,-1,6.51564e-015,0.999893,-0.0146032,5.8884e-017,25.9089,-0.0146032,-0.999893,-1.60795e-016,0.211357,0,0,0,1</mat>
				</frame>
				<frame num='25'>
					<mat>6.12304e-017,1.61298e-016,-1,6.46691e-015,0.999969,0.00793604,6.25085e-017,26.1691,0.00793604,-0.999969,-1.60807e-016,0.211357,0,0,0,1</mat>
				</frame>
				<frame num='26'>
					<mat>6.12191e-017,1.62085e-016,-1,6.45548e-015,0.999784,0.0207819,6.45743e-017,26.2173,0.0207819,-0.999784,-1.60778e-016,0.211357,0,0,0,1</mat>
				</frame>
				<frame num='27'>
					<mat>6.12185e-017,1.62115e-016,-1,6.45498e-015,0.999774,0.0212718,6.46531e-017,26.2176,0.0212718,-0.999774,-1.60776e-016,0.211357,0,0,0,1</mat>
				</frame>
				<frame num='28'>
					<mat>6.12185e-017,1.62115e-016,-1,6.45498e-015,0.999774,0.0212718,6.46531e-017,26.2176,0.0212718,-0.999774,-1.60776e-016,0.211357,0,0,0,1</mat>
				</frame>
				<frame num='29'>
					<mat>6.12185e-017,1.62115e-016,-1,6.45498e-015,0.999774,0.0212718,6.46531e-017,26.2176,0.0212718,-0.999774,-1.60776e-016,0.211357,0,0,0,1</mat>
				</frame>
				<frame num='30'>
					<mat>6.12185e-017,1.62115e-016,-1,6.45498e-015,0.999774,0.0212718,6.46531e-017,26.2176,0.0212718,-0.999774,-1.60776e-016,0.211357,0,0,0,1</mat>
				</frame>
				<frame num='31'>
					<mat>6.12185e-017,1.62115e-016,-1,6.45498e-015,0.999774,0.0212718,6.46531e-017,26.2176,0.0212718,-0.999774,-1.60776e-016,0.211357,0,0,0,1</mat>
				</frame>
			</track>
			<track id = '2' name='JNT_Spine01'>
				<frame num='0'>
					<mat>-4.65192e-007,-2.01952e-005,-1,0.65204,0.999835,0.0181773,-8.32209e-007,35.3986,0.0181773,-0.999835,2.01834e-005,0.519458,0,0,0,1</mat>
				</frame>
				<frame num='1'>
					<mat>-0.000249566,-0.00419701,-0.999991,15.0666,0.997885,-0.065005,2.37888e-005,21.073,-0.0650045,-0.997876,0.00420436,3.11614,0,0,0,1</mat>
				</frame>
				<frame num='2'>
					<mat>-0.00477349,-0.0213428,-0.999761,32.6809,0.989028,-0.147719,-0.00156874,6.67924,-0.14765,-0.988799,0.0218138,7.63065,0,0,0,1</mat>
				</frame>
				<frame num='3'>
					<mat>0.0085963,-0.15404,-0.988027,38.7968,0.998446,0.0557191,-1.46884e-010,8.26722,0.055052,-0.986492,0.154279,15.4635,0,0,0,1</mat>
				</frame>
				<frame num='4'>
					<mat>0.150065,-0.370383,-0.916677,41.0564,0.925125,0.379658,-0.00195264,11.1599,0.348747,-0.847748,0.399624,23.8357,0,0,0,1</mat>
				</frame>
				<frame num='5'>
					<mat>0.283569,-0.580813,-0.76305,42.7067,0.886764,0.461703,-0.0218913,11.792,0.365017,-0.670437,0.645969,27.2982,0,0,0,1</mat>
				</frame>
				<frame num='6'>
					<mat>0.56414,-0.510608,-0.648864,45.331,0.801553,0.527258,0.28198,36.9272,0.198138,-0.679175,0.706726,17.651,0,0,0,1</mat>
				</frame>
				<frame num='7'>
					<mat>0.814574,-0.482733,-0.321617,45.0188,0.53764,0.420193,0.731014,75.5014,-0.217743,-0.768379,0.601815,-8.94646,0,0,0,1</mat>
				</frame>
				<frame num='8'>
					<mat>0.887667,-0.181042,-0.423404,20.8352,0.306296,-0.454437,0.836463,72.5853,-0.343845,-0.872187,-0.347936,-21.3944,0,0,0,1</mat>
				</frame>
				<frame num='9'>
					<mat>0.995073,0.090707,0.0400321,9.82916,0.0654034,-0.903975,0.422554,58.9727,0.0745166,-0.417854,-0.905453,-22.8897,0,0,0,1</mat>
				</frame>
				<frame num='10'>
					<mat>0.756785,0.459641,-0.464766,7.47903,0.585854,-0.792303,0.170388,28.9589,-0.289918,-0.401232,-0.868885,-27.697,0,0,0,1</mat>
				</frame>
				<frame num='11'>
					<mat>0.323001,0.503009,-0.801656,3.19497,0.841454,-0.540329,8.7791e-008,18.5564,-0.433158,-0.674556,-0.597786,-27.0732,0,0,0,1</mat>
				</frame>
				<frame num='12'>
					<mat>0.0548334,0.140898,-0.988504,0.542903,0.931817,-0.362929,-4.19343e-005,31.1695,-0.358763,-0.921103,-0.151192,-24.84,0,0,0,1</mat>
				</frame>
				<frame num='13'>
					<mat>6.04456e-017,1.51028e-016,-1,4.66845e-015,0.987151,-0.159791,3.5536e-017,37.3727,-0.159791,-0.987151,-1.58746e-016,-19.6517,0,0,0,1</mat>
				</frame>
				<frame num='14'>
					<mat>6.11611e-017,1.63766e-016,-1,8.10674e-015,0.998836,0.0482352,6.89892e-017,32.1999,0.0482352,-0.998836,-1.60625e-016,-12.1697,0,0,0,1</mat>
				</frame>
				<frame num='15'>
					<mat>6.05267e-017,1.70082e-016,-1,8.51053e-015,0.988475,0.151382,8.55765e-017,26.1166,0.151382,-0.988475,-1.58959e-016,-5.49295,0,0,0,1</mat>
				</frame>
				<frame num='16'>
					<mat>6.08909e-017,1.6727e-016,-1,9.38216e-015,0.994423,0.105464,7.81922e-017,21.5591,0.105464,-0.994423,-1.59915e-016,-0.0309212,0,0,0,1</mat>
				</frame>
				<frame num='17'>
					<mat>6.11794e-017,1.63359e-016,-1,9.40589e-015,0.999135,0.0415942,6.79212e-017,20.6205,0.0415942,-0.999135,-1.60673e-016,2.76897,0,0,0,1</mat>
				</frame>
				<frame num='18'>
					<mat>6.12237e-017,1.59781e-016,-1,9.59053e-015,0.999858,-0.0168374,5.85247e-017,23.5544,-0.0168374,-0.999858,-1.60789e-016,3.25231,0,0,0,1</mat>
				</frame>
				<frame num='19'>
					<mat>2.82656e-016,1.42073e-016,-1,1.0064e-014,0.997809,-0.0661534,2.72639e-016,27.6337,-0.0661534,-0.997809,-1.6046e-016,3.14841,0,0,0,1</mat>
				</frame>
				<frame num='20'>
					<mat>6.10299e-017,1.55837e-016,-1,8.0522e-015,0.996693,-0.0812572,4.81652e-017,30.7193,-0.0812572,-0.996693,-1.6028e-016,2.98962,0,0,0,1</mat>
				</frame>
				<frame num='21'>
					<mat>6.10767e-017,1.5645e-016,-1,8.66945e-015,0.997459,-0.071245,4.97753e-017,32.6161,-0.071245,-0.997459,-1.60404e-016,1.98412,0,0,0,1</mat>
				</frame>
				<frame num='22'>
					<mat>2.8288e-016,1.45815e-016,-1,9.34349e-015,0.998598,-0.0529405,2.74763e-016,34.0695,-0.0529405,-0.998598,-1.60587e-016,0.511872,0,0,0,1</mat>
				</frame>
				<frame num='23'>
					<mat>6.11962e-017,1.58708e-016,-1,7.09525e-015,0.999409,-0.0343629,5.57064e-017,35.1341,-0.0343629,-0.999409,-1.60717e-016,-0.137375,0,0,0,1</mat>
				</frame>
				<frame num='24'>
					<mat>6.12266e-017,1.59976e-016,-1,7.13529e-015,0.999907,-0.0136581,5.90359e-017,35.7848,-0.0136581,-0.999907,-1.60797e-016,0.0671214,0,0,0,1</mat>
				</frame>
				<frame num='25'>
					<mat>6.12299e-017,1.61356e-016,-1,7.60508e-015,0.999961,0.00888119,6.26605e-017,36.0458,0.00888119,-0.999961,-1.60806e-016,0.289741,0,0,0,1</mat>
				</frame>
				<frame num='26'>
					<mat>6.12179e-017,1.62143e-016,-1,7.61987e-015,0.999764,0.0217268,6.47263e-017,36.0922,0.0217268,-0.999764,-1.60774e-016,0.416619,0,0,0,1</mat>
				</frame>
				<frame num='27'>
					<mat>6.12172e-017,1.62173e-016,-1,7.62078e-015,0.999753,0.0222167,6.48051e-017,36.0923,0.0222167,-0.999753,-1.60773e-016,0.421458,0,0,0,1</mat>
				</frame>
				<frame num='28'>
					<mat>6.12172e-017,1.62173e-016,-1,7.62078e-015,0.999753,0.0222167,6.48051e-017,36.0923,0.0222167,-0.999753,-1.60773e-016,0.421458,0,0,0,1</mat>
				</frame>
				<frame num='29'>
					<mat>6.12172e-017,1.62173e-016,-1,7.62078e-015,0.999753,0.0222167,6.48051e-017,36.0923,0.0222167,-0.999753,-1.60773e-016,0.421458,0,0,0,1</mat>
				</frame>
				<frame num='30'>
					<mat>6.12172e-017,1.62173e-016,-1,7.62078e-015,0.999753,0.0222167,6.48051e-017,36.0923,0.0222167,-0.999753,-1.60773e-016,0.421458,0,0,0,1</mat>
				</frame>
				<frame num='31'>
					<mat>6.12172e-017,1.62173e-016,-1,7.62078e-015,0.999753,0.0222167,6.48051e-017,36.0923,0.0222167,-0.999753,-1.60773e-016,0.421458,0,0,0,1</mat>
				</frame>
			</track>
			<track id = '3' name='JNT_Spine02'>
				<frame num='0'>
					<mat>0.000833635,-0.00737623,-0.999972,0.652036,0.999074,0.043028,0.000515492,44.854,0.043023,-0.999047,0.00740526,0.691359,0,0,0,1</mat>
				</frame>
				<frame num='1'>
					<mat>0.0462714,-0.154719,-0.986874,15.0642,0.995816,0.0850752,0.0333528,30.5099,0.0787982,-0.984289,0.158008,2.5014,0,0,0,1</mat>
				</frame>
				<frame num='2'>
					<mat>0.13841,-0.28922,-0.947203,32.6357,0.976669,0.198426,0.0821277,16.0324,0.164197,-0.936471,0.309937,6.23434,0,0,0,1</mat>
				</frame>
				<frame num='3'>
					<mat>0.244854,-0.343322,-0.906739,38.8781,0.835208,0.549659,0.0174188,17.7094,0.492417,-0.761581,0.421331,15.9842,0,0,0,1</mat>
				</frame>
				<frame num='4'>
					<mat>0.499183,-0.348572,-0.793293,42.4755,0.488529,0.869354,-0.0745841,19.9087,0.71565,-0.350315,0.604254,27.1338,0,0,0,1</mat>
				</frame>
				<frame num='5'>
					<mat>0.756829,-0.374691,-0.535552,45.3884,0.362719,0.922394,-0.132754,20.178,0.543732,-0.0937824,0.834003,30.7501,0,0,0,1</mat>
				</frame>
				<frame num='6'>
					<mat>0.876112,-0.220961,-0.42849,50.666,0.323934,0.928063,0.183753,44.5074,0.357063,-0.299791,0.884664,19.5247,0,0,0,1</mat>
				</frame>
				<frame num='7'>
					<mat>0.923097,-0.366476,-0.116563,52.7221,0.331548,0.604819,0.724065,80.5858,-0.194853,-0.707028,0.679811,-11.0056,0,0,0,1</mat>
				</frame>
				<frame num='8'>
					<mat>0.915756,-0.157221,-0.369692,29.2298,0.28054,-0.408426,0.868611,75.4819,-0.287556,-0.89915,-0.329912,-24.6461,0,0,0,1</mat>
				</frame>
				<frame num='9'>
					<mat>0.994377,0.0980434,0.0400321,19.2394,0.0720686,-0.903468,0.422554,59.5912,0.0775964,-0.417293,-0.905453,-22.185,0,0,0,1</mat>
				</frame>
				<frame num='10'>
					<mat>0.76537,0.445199,-0.464766,14.6359,0.570715,-0.803276,0.170388,34.4993,-0.297479,-0.395659,-0.868885,-30.4388,0,0,0,1</mat>
				</frame>
				<frame num='11'>
					<mat>0.396676,0.44721,-0.801656,6.24956,0.74811,-0.663575,8.7791e-008,26.5139,-0.531959,-0.599726,-0.597786,-31.1695,0,0,0,1</mat>
				</frame>
				<frame num='12'>
					<mat>0.0828463,0.126473,-0.988504,1.06146,0.836358,-0.548184,-4.19343e-005,39.9816,-0.541888,-0.82674,-0.151192,-28.2327,0,0,0,1</mat>
				</frame>
				<frame num='13'>
					<mat>-1.50246e-016,-3.90245e-018,-1,4.14629e-015,0.934295,-0.356502,-1.38983e-016,46.7081,-0.356502,-0.934295,5.7209e-017,-21.1629,0,0,0,1</mat>
				</frame>
				<frame num='14'>
					<mat>6.11545e-017,1.57727e-016,-1,9.73222e-015,0.99873,-0.0503921,5.31287e-017,41.6457,-0.0503921,-0.99873,-1.60608e-016,-11.7136,0,0,0,1</mat>
				</frame>
				<frame num='15'>
					<mat>6.03315e-017,1.71277e-016,-1,9.378e-015,0.985289,0.170897,8.87147e-017,35.4645,0.170897,-0.985289,-1.58447e-016,-4.06135,0,0,0,1</mat>
				</frame>
				<frame num='16'>
					<mat>5.98334e-017,-4.82185e-017,-1,1.01157e-014,0.977154,0.212532,4.82185e-017,30.9633,0.212532,-0.977154,5.98334e-017,0.966435,0,0,0,1</mat>
				</frame>
				<frame num='17'>
					<mat>6.04101e-017,-5.12313e-017,-1,9.77445e-015,0.986572,0.163329,5.12313e-017,30.0692,0.163329,-0.986572,6.04101e-017,3.16232,0,0,0,1</mat>
				</frame>
				<frame num='18'>
					<mat>6.12108e-017,-5.96089e-017,-1,1.05424e-014,0.999648,0.026513,5.96089e-017,33.01,0.026513,-0.999648,6.12108e-017,3.09308,0,0,0,1</mat>
				</frame>
				<frame num='19'>
					<mat>6.03378e-017,1.50384e-016,-1,1.2006e-014,0.985391,-0.170304,3.38453e-017,37.0698,-0.170304,-0.985391,-1.58463e-016,2.5228,0,0,0,1</mat>
				</frame>
				<frame num='20'>
					<mat>-1.55441e-016,-2.0017e-017,-1,8.49652e-015,0.966599,-0.256295,-1.45119e-016,40.1449,-0.256295,-0.966599,5.91871e-017,2.22118,0,0,0,1</mat>
				</frame>
				<frame num='21'>
					<mat>6.09805e-017,-6.67802e-017,-1,1.01011e-014,0.995887,-0.0906036,6.67802e-017,42.0489,-0.0906036,-0.995887,6.09805e-017,1.31036,0,0,0,1</mat>
				</frame>
				<frame num='22'>
					<mat>2.83121e-016,-7.06331e-017,-1,1.17637e-014,0.999449,-0.0331856,2.85309e-016,43.5132,-0.0331856,-0.999449,6.11986e-017,0.0112203,0,0,0,1</mat>
				</frame>
				<frame num='23'>
					<mat>6.12258e-017,-6.21261e-017,-1,7.55829e-015,0.999893,-0.0145956,6.21261e-017,44.5854,-0.0145956,-0.999893,6.12258e-017,-0.462341,0,0,0,1</mat>
				</frame>
				<frame num='24'>
					<mat>6.12312e-017,-6.08579e-017,-1,7.72552e-015,0.999981,0.00611496,6.08579e-017,45.2408,0.00611496,-0.999981,6.12312e-017,-0.0620418,0,0,0,1</mat>
				</frame>
				<frame num='25'>
					<mat>6.12072e-017,-5.9478e-017,-1,8.69176e-015,0.99959,0.0286509,5.9478e-017,45.5023,0.0286509,-0.99959,6.12072e-017,0.373729,0,0,0,1</mat>
				</frame>
				<frame num='26'>
					<mat>6.11796e-017,-5.86918e-017,-1,8.73165e-015,0.999139,0.0414902,5.86918e-017,45.5468,0.0414902,-0.999139,6.11796e-017,0.622087,0,0,0,1</mat>
				</frame>
				<frame num='27'>
					<mat>6.11784e-017,-5.86618e-017,-1,8.7339e-015,0.999118,0.0419798,5.86618e-017,45.5469,0.0419798,-0.999118,6.11784e-017,0.631559,0,0,0,1</mat>
				</frame>
				<frame num='28'>
					<mat>6.11784e-017,-5.86618e-017,-1,8.7339e-015,0.999118,0.0419798,5.86618e-017,45.5469,0.0419798,-0.999118,6.11784e-017,0.631559,0,0,0,1</mat>
				</frame>
				<frame num='29'>
					<mat>6.11784e-017,-5.86618e-017,-1,8.7339e-015,0.999118,0.0419798,5.86618e-017,45.5469,0.0419798,-0.999118,6.11784e-017,0.631559,0,0,0,1</mat>
				</frame>
				<frame num='30'>
					<mat>6.11784e-017,-5.86618e-017,-1,8.7339e-015,0.999118,0.0419798,5.86618e-017,45.5469,0.0419798,-0.999118,6.11784e-017,0.631559,0,0,0,1</mat>
				</frame>
				<frame num='31'>
					<mat>6.11784e-017,-5.86618e-017,-1,8.7339e-015,0.999118,0.0419798,5.86618e-017,45.5469,0.0419798,-0.999118,6.11784e-017,0.631559,0,0,0,1</mat>
				</frame>
			</track>
			<track id = '4' name='JNT_Spine03'>
				<frame num='0'>
					<mat>0.00431608,-0.0140875,-0.999891,0.672897,0.978573,0.205895,0.0013232,69.8549,0.205854,-0.978473,0.0146743,1.76797,0,0,0,1</mat>
				</frame>
				<frame num='1'>
					<mat>0.118935,-0.290681,-0.949399,16.2221,0.966306,0.253715,0.0433725,55.4293,0.228269,-0.922569,0.311063,4.47325,0,0,0,1</mat>
				</frame>
				<frame num='2'>
					<mat>0.265286,-0.521705,-0.810831,36.0993,0.923107,0.380241,0.0573656,40.4726,0.278383,-0.763702,0.582462,10.3432,0,0,0,1</mat>
				</frame>
				<frame num='3'>
					<mat>0.508702,-0.389606,-0.767743,45.0054,0.503142,0.85815,-0.102106,38.6097,0.69862,-0.334343,0.63257,28.3065,0,0,0,1</mat>
				</frame>
				<frame num='4'>
					<mat>0.743163,-0.0319214,-0.668348,54.9671,-0.20326,0.940888,-0.270952,32.1337,0.63749,0.33721,0.692745,45.0423,0,0,0,1</mat>
				</frame>
				<frame num='5'>
					<mat>0.929053,-0.0734299,-0.362585,64.3274,-0.0823213,0.914495,-0.396133,29.2547,0.360671,0.397877,0.84357,44.3565,0,0,0,1</mat>
				</frame>
				<frame num='6'>
					<mat>0.953885,0.133293,-0.268955,72.5899,-0.154551,0.986199,-0.0593796,52.6135,0.257328,0.0982084,0.961321,28.4599,0,0,0,1</mat>
				</frame>
				<frame num='7'>
					<mat>0.985997,0.144943,0.0824708,75.8218,-0.163007,0.733305,0.66007,88.8825,0.0351965,-0.664271,0.746663,-15.8816,0,0,0,1</mat>
				</frame>
				<frame num='8'>
					<mat>0.943751,0.102105,-0.314498,52.1457,0.330658,-0.293009,0.897113,82.5022,-0.000550732,-0.950642,-0.310289,-31.842,0,0,0,1</mat>
				</frame>
				<frame num='9'>
					<mat>0.939466,0.340295,0.0400321,44.1228,0.292698,-0.857774,0.422554,61.3947,0.178131,-0.385258,-0.905453,-20.2432,0,0,0,1</mat>
				</frame>
				<frame num='10'>
					<mat>0.386364,0.79669,-0.464766,33.7885,0.921983,-0.347728,0.170388,48.7809,-0.0258659,-0.494338,-0.868885,-37.8829,0,0,0,1</mat>
				</frame>
				<frame num='11'>
					<mat>0.227449,0.552825,-0.801656,16.176,0.924787,-0.380486,8.7791e-008,45.2347,-0.305018,-0.74136,-0.597786,-44.4813,0,0,0,1</mat>
				</frame>
				<frame num='12'>
					<mat>0.137805,0.335449,-0.931925,3.13461,0.722245,-0.677891,-0.13721,60.9107,-0.67777,-0.654169,-0.335693,-41.793,0,0,0,1</mat>
				</frame>
				<frame num='13'>
					<mat>0.0513798,0.338927,-0.939408,1.85487e-015,0.851984,-0.505641,-0.135831,70.088,-0.521041,-0.793382,-0.314741,-30.084,0,0,0,1</mat>
				</frame>
				<frame num='14'>
					<mat>0.0407473,0.205455,-0.977818,1.28259e-014,0.95894,-0.282939,-0.0194893,66.638,-0.280667,-0.936874,-0.208548,-12.9746,0,0,0,1</mat>
				</frame>
				<frame num='15'>
					<mat>6.09443e-017,1.5488e-016,-1,1.01632e-014,0.995297,-0.0968734,4.56539e-017,60.1204,-0.0968734,-0.995297,-1.60056e-016,0.215189,0,0,0,1</mat>
				</frame>
				<frame num='16'>
					<mat>0.163831,-0.303241,-0.938725,1.36606e-014,0.834903,0.549479,-0.031789,55.4156,0.525449,-0.778536,0.343198,6.28486,0,0,0,1</mat>
				</frame>
				<frame num='17'>
					<mat>0.352654,-0.341932,-0.871044,9.10461e-015,0.648884,0.760052,-0.0356526,54.7573,0.674229,-0.552633,0.489909,7.24947,0,0,0,1</mat>
				</frame>
				<frame num='18'>
					<mat>0.284434,-0.402894,-0.869928,1.17336e-014,0.826075,0.563486,0.00912614,58.0252,0.486515,-0.721222,0.493095,3.75654,0,0,0,1</mat>
				</frame>
				<frame num='19'>
					<mat>0.152437,-0.427829,-0.890913,1.59005e-014,0.983927,0.150526,0.0960674,61.7283,0.0930049,-0.891237,0.443898,-1.73891,0,0,0,1</mat>
				</frame>
				<frame num='20'>
					<mat>0.0257798,-0.323139,-0.946,1.55938e-015,0.974276,-0.203807,0.0961678,64.3332,-0.223877,-0.924145,0.309573,-4.19236,0,0,0,1</mat>
				</frame>
				<frame num='21'>
					<mat>-0.00150793,-0.0959527,-0.995385,1.03517e-014,0.986201,-0.164922,0.0144041,66.9701,-0.165543,-0.981628,0.0948774,-0.956909,0,0,0,1</mat>
				</frame>
				<frame num='22'>
					<mat>-0.000489777,-0.0180213,-0.999837,1.70975e-014,0.995333,-0.0964872,0.00125154,68.5234,-0.0964941,-0.995171,0.0179845,-0.819219,0,0,0,1</mat>
				</frame>
				<frame num='23'>
					<mat>0.000366731,-0.00456074,-0.99999,7.27966e-015,0.99972,0.0236479,0.000258779,69.6068,0.0236465,-0.99971,0.00456814,-0.827583,0,0,0,1</mat>
				</frame>
				<frame num='24'>
					<mat>5.43926e-005,-0.000237933,-1,8.21686e-015,0.989351,0.145548,1.91828e-005,70.2644,0.145548,-0.989351,0.000243316,0.0909793,0,0,0,1</mat>
				</frame>
				<frame num='25'>
					<mat>6.00956e-017,-4.94885e-017,-1,1.14509e-014,0.981436,0.191791,4.94885e-017,70.5161,0.191791,-0.981436,6.00956e-017,1.09069,0,0,0,1</mat>
				</frame>
				<frame num='26'>
					<mat>5.99398e-017,-4.87175e-017,-1,1.01676e-014,0.978891,0.204383,4.87175e-017,70.5494,0.204383,-0.978891,5.99398e-017,1.66034,0,0,0,1</mat>
				</frame>
				<frame num='27'>
					<mat>5.99336e-017,-4.86881e-017,-1,1.01734e-014,0.978791,0.204863,4.86881e-017,70.5489,0.204863,-0.978791,5.99336e-017,1.68206,0,0,0,1</mat>
				</frame>
				<frame num='28'>
					<mat>5.99336e-017,-4.86881e-017,-1,1.01734e-014,0.978791,0.204863,4.86881e-017,70.5489,0.204863,-0.978791,5.99336e-017,1.68206,0,0,0,1</mat>
				</frame>
				<frame num='29'>
					<mat>5.99336e-017,-4.86881e-017,-1,1.01734e-014,0.978791,0.204863,4.86881e-017,70.5489,0.204863,-0.978791,5.99336e-017,1.68206,0,0,0,1</mat>
				</frame>
				<frame num='30'>
					<mat>5.99336e-017,-4.86881e-017,-1,1.01734e-014,0.978791,0.204863,4.86881e-017,70.5489,0.204863,-0.978791,5.99336e-017,1.68206,0,0,0,1</mat>
				</frame>
				<frame num='31'>
					<mat>5.99336e-017,-4.86881e-017,-1,1.01734e-014,0.978791,0.204863,4.86881e-017,70.5489,0.204863,-0.978791,5.99336e-017,1.68206,0,0,0,1</mat>
				</frame>
			</track>
			<track id = '5' name='JNT_Spine04'>
				<frame num='0'>
					<mat>0.0145885,-0.0157753,-0.999769,0.752572,0.798231,0.602347,0.00214327,87.9195,0.602174,-0.798078,0.0213796,5.56807,0,0,0,1</mat>
				</frame>
				<frame num='1'>
					<mat>0.326651,-0.312156,-0.892109,18.4177,0.761258,0.646313,0.0525893,73.2675,0.560166,-0.696303,0.44875,8.68715,0,0,0,1</mat>
				</frame>
				<frame num='2'>
					<mat>0.607701,-0.516596,-0.603181,40.9966,0.662277,0.748811,0.0259193,57.5133,0.438279,-0.415224,0.797183,15.4822,0,0,0,1</mat>
				</frame>
				<frame num='3'>
					<mat>0.826445,-0.0817874,-0.557045,54.3961,-0.1163,0.943255,-0.311037,47.8978,0.550874,0.32184,0.770037,41.2031,0,0,0,1</mat>
				</frame>
				<frame num='4'>
					<mat>0.642544,0.535273,-0.548288,68.6861,-0.755774,0.324814,-0.568596,28.3814,-0.126263,0.77973,0.613253,56.8105,0,0,0,1</mat>
				</frame>
				<frame num='5'>
					<mat>0.681873,0.695117,-0.227733,81.4779,-0.628979,0.398257,-0.667665,27.735,-0.373409,0.598502,0.708775,51.0146,0,0,0,1</mat>
				</frame>
				<frame num='6'>
					<mat>0.50639,0.832508,-0.224722,90.1988,-0.836948,0.411781,-0.360492,49.7605,-0.207577,0.37063,0.905288,33.2103,0,0,0,1</mat>
				</frame>
				<frame num='7'>
					<mat>0.440445,0.897232,0.0313444,94.0235,-0.797261,0.37484,0.473148,85.8733,0.412775,-0.233385,0.880425,-15.2319,0,0,0,1</mat>
				</frame>
				<frame num='8'>
					<mat>0.506046,0.769422,-0.389753,69.5676,0.33993,0.23739,0.909996,88.6062,0.792695,-0.592989,-0.141419,-31.8521,0,0,0,1</mat>
				</frame>
				<frame num='9'>
					<mat>0.499658,0.863622,-0.0670757,61.4655,0.754157,-0.395616,0.524152,66.7979,0.426133,-0.312482,-0.848979,-16.9548,0,0,0,1</mat>
				</frame>
				<frame num='10'>
					<mat>0.151404,0.801386,-0.578668,40.9209,0.983195,-0.061685,0.171819,65.8009,0.101999,-0.594958,-0.797259,-38.3604,0,0,0,1</mat>
				</frame>
				<frame num='11'>
					<mat>0.259274,0.462618,-0.847798,20.3748,0.881265,-0.472478,0.0116917,62.3064,-0.395158,-0.750166,-0.53019,-50.112,0,0,0,1</mat>
				</frame>
				<frame num='12'>
					<mat>0.229957,0.361715,-0.903483,5.67851,0.556404,-0.810536,-0.182886,74.2435,-0.798458,-0.460645,-0.387648,-54.3048,0,0,0,1</mat>
				</frame>
				<frame num='13'>
					<mat>0.240634,0.762272,-0.600864,0.948482,0.745647,-0.541489,-0.388331,85.8158,-0.621374,-0.354587,-0.698686,-39.7025,0,0,0,1</mat>
				</frame>
				<frame num='14'>
					<mat>-0.12847,0.625465,-0.769603,0.752204,0.981637,-0.0301443,-0.188364,84.3402,-0.141014,-0.77967,-0.610107,-18.1558,0,0,0,1</mat>
				</frame>
				<frame num='15'>
					<mat>-0.0311508,0.153577,-0.987646,1.17987e-014,0.993943,-0.0994294,-0.0468106,78.4938,-0.10539,-0.983121,-0.14955,-1.57311,0,0,0,1</mat>
				</frame>
				<frame num='16'>
					<mat>0.0871382,-0.31218,-0.946018,3.02436,0.937761,0.346163,-0.0278539,70.8281,0.336172,-0.884712,0.322914,15.9848,0,0,0,1</mat>
				</frame>
				<frame num='17'>
					<mat>0.286338,0.038199,-0.957367,6.51006,0.328873,0.934581,0.135652,66.7358,0.899918,-0.353695,0.255043,19.6959,0,0,0,1</mat>
				</frame>
				<frame num='18'>
					<mat>0.363253,-0.0682323,-0.929189,5.25071,0.36142,0.929539,0.0730337,73.2748,0.858734,-0.362357,0.362318,12.7377,0,0,0,1</mat>
				</frame>
				<frame num='19'>
					<mat>0.523294,-0.409756,-0.747171,2.81402,0.702963,0.703177,0.106703,79.8918,0.481671,-0.58107,0.656011,-0.022017,0,0,0,1</mat>
				</frame>
				<frame num='20'>
					<mat>0.207491,-0.420299,-0.883344,0.4759,0.976285,0.145991,0.159859,82.3185,0.0617715,-0.895565,0.440623,-8.32518,0,0,0,1</mat>
				</frame>
				<frame num='21'>
					<mat>0.0239533,-0.16377,-0.986208,-0.0278367,0.995398,-0.0876474,0.0387313,85.1756,-0.0927816,-0.982597,0.160917,-4.01287,0,0,0,1</mat>
				</frame>
				<frame num='22'>
					<mat>0.00881747,-0.0684057,-0.997619,-0.00904138,0.993405,-0.11346,0.01656,86.8975,-0.114322,-0.991185,0.0669541,-2.60052,0,0,0,1</mat>
				</frame>
				<frame num='23'>
					<mat>0.00570972,-0.0471098,-0.998873,0.00676994,0.99873,-0.0497391,0.00805475,88.0618,-0.0500625,-0.997651,0.046766,-0.391064,0,0,0,1</mat>
				</frame>
				<frame num='24'>
					<mat>0.00438786,-0.0345226,-0.999394,0.0010041,0.998081,0.0618777,0.00224462,88.528,0.0617628,-0.997487,0.0347279,2.77783,0,0,0,1</mat>
				</frame>
				<frame num='25'>
					<mat>0.00461275,-0.0228861,-0.999727,1.20557e-014,0.982358,0.187012,0.000251448,88.6336,0.186956,-0.982091,0.023345,4.63119,0,0,0,1</mat>
				</frame>
				<frame num='26'>
					<mat>0.00456704,-0.0125735,-0.999911,1.03439e-014,0.939553,0.342402,-1.42091e-005,88.6199,0.342372,-0.939469,0.0133772,5.4333,0,0,0,1</mat>
				</frame>
				<frame num='27'>
					<mat>0.0026942,-0.00482819,-0.999985,1.06724e-014,0.873244,0.487283,-2.18628e-011,88.6176,0.487275,-0.873231,0.00552903,5.46388,0,0,0,1</mat>
				</frame>
				<frame num='28'>
					<mat>0.000519188,-0.000682198,-1,1.06724e-014,0.812663,0.582734,2.43851e-005,88.6176,0.582734,-0.812663,0.000856946,5.46388,0,0,0,1</mat>
				</frame>
				<frame num='29'>
					<mat>4.89167e-017,1.97644e-016,-1,1.06724e-014,0.798871,0.601503,1.57961e-016,88.6176,0.601503,-0.798871,-1.28468e-016,5.46388,0,0,0,1</mat>
				</frame>
				<frame num='30'>
					<mat>4.89167e-017,1.97644e-016,-1,1.06724e-014,0.798871,0.601503,1.57961e-016,88.6176,0.601503,-0.798871,-1.28468e-016,5.46388,0,0,0,1</mat>
				</frame>
				<frame num='31'>
					<mat>4.89167e-017,1.97644e-016,-1,1.06724e-014,0.798871,0.601503,1.57961e-016,88.6176,0.601503,-0.798871,-1.28468e-016,5.46388,0,0,0,1</mat>
				</frame>
			</track>
			<track id = '6' name='JNT_SpineTop'>
