<?xml version='1.0' encoding='UTF-8' ?>
<itpanim>
	<skeleton count='30'>
		<joint id='0' name='JNT_Root' parent='-1'>
			<mat>6.12323e-017,1,-6.12323e-017,0,-1,6.12323e-017,6.12323e-017,0,6.12323e-017,6.12323e-017,1,0,0,0,0,1</mat>
		</joint>
		<joint id='1' name='JNT_COG' parent='0'>
			<mat>6.12323e-017,1,-6.12323e-017,-21.2473,-1,6.12323e-017,6.12323e-017,-1.30102e-015,6.12323e-017,6.12323e-017,1,7.96648e-032,0,0,0,1</mat>
		</joint>
		<joint id='2' name='JNT_Spine01' parent='1'>
			<mat>6.12323e-017,1,-6.12323e-017,-23.2595,-1,6.12323e-017,6.12323e-017,-1.42424e-015,6.12323e-017,6.12323e-017,1,8.72093e-032,0,0,0,1</mat>
		</joint>
		<joint id='3' name='JNT_Spine02' parent='2'>
			<mat>6.12323e-017,1,-6.12323e-017,-26.8784,-1,6.12323e-017,6.12323e-017,-1.64583e-015,6.12323e-017,6.12323e-017,1,1.00778e-031,0,0,0,1</mat>
		</joint>
		<joint id='4' name='JNT_Spine03' parent='3'>
			<mat>0.995753,0.0641037,0.0660864,-2.7303,-0.063963,0.997943,-0.00424511,-42.5043,-0.0662226,-3.98832e-015,0.997805,1.72474e-013,0,0,0,1</mat>
		</joint>
		<joint id='5' name='JNT_L_Shoulder' parent='4'>
			<mat>1,-5.76407e-016,-2.77556e-017,-24.4723,5.76407e-016,1,3.9968e-015,-44.1674,2.77556e-017,-3.9968e-015,1,-1.62419,0,0,0,1</mat>
		</joint>
		<joint id='6' name='JNT_L_Wrist' parent='5'>
			<mat>0.999472,-0.0314388,-0.00821328,-32.3452,0.0314378,0.999506,-0.000258344,-45.2066,0.00821734,1.19845e-014,0.999966,-1.90159,0,0,0,1</mat>
		</joint>
		<joint id='7' name='JNT_L_Hand' parent='6'>
			<mat>-0.0427715,0.464702,-0.884433,-16.5715,0.0224469,0.885467,0.46416,-40.4232,0.998833,-2.41879e-016,-0.0483039,-55.0289,0,0,0,1</mat>
		</joint>
		<joint id='8' name='JNT_L_Flap1' parent='7'>
			<mat>-0.0187014,0.43529,-0.900096,-25.3649,0.00904213,0.90029,0.435196,-40.5768,0.999784,-5.85113e-015,-0.0207726,-54.9072,0,0,0,1</mat>
		</joint>
		<joint id='9' name='JNT_L_Flap1_tip' parent='8'>
			<mat>1,3.45624e-016,-9.26342e-016,-54.6706,-3.45624e-016,1,-1.33227e-015,-50.3025,9.26342e-016,1.33227e-015,1,11.9586,0,0,0,1</mat>
		</joint>
		<joint id='10' name='JNT_L_Flap2' parent='7'>
			<mat>-0.000958298,0.560066,0.828447,-34.1649,0.000647851,0.828448,-0.560066,-35.3463,-0.999999,1.60441e-015,-0.00115674,54.6868,0,0,0,1</mat>
		</joint>
		<joint id='11' name='JNT_L_Flap2_Tip' parent='10'>
			<mat>1,-3.77816e-015,3.44776e-016,-54.6708,3.77816e-015,1,-1.05915e-013,-51.9784,-3.44776e-016,1.05915e-013,1,-13.8386,0,0,0,1</mat>
		</joint>
		<joint id='12' name='JNT_L_Flap3' parent='7'>
			<mat>-0.00501418,-0.996533,0.0830444,35.208,-0.0600607,0.0831957,0.994722,-1.60694,-0.998182,7.30039e-016,-0.0602697,54.7112,0,0,0,1</mat>
		</joint>
		<joint id='13' name='JNT_L_Flap3_Tip' parent='12'>
			<mat>1,-2.81936e-015,-2.6347e-014,-54.6602,2.81936e-015,1,-3.95239e-014,-28.9351,2.6347e-014,3.95239e-014,1,-2.49576,0,0,0,1</mat>
		</joint>
		<joint id='14' name='JNT_R_Shoulder' parent='4'>
			<mat>-1,1.45473e-015,-1.22465e-016,-24.4723,1.45473e-015,1,-1.22465e-016,-44.1674,1.22465e-016,-1.22465e-016,-1,1.62419,0,0,0,1</mat>
		</joint>
		<joint id='15' name='JNT_R_Wrist' parent='14'>
			<mat>-0.999472,-0.0314393,-0.00821364,-32.3452,-0.0314382,0.999506,-0.000258359,-45.2067,0.0082177,-4.55743e-013,-0.999966,1.90161,0,0,0,1</mat>
		</joint>
		<joint id='16' name='JNT_R_Hand' parent='15'>
			<mat>0.0427695,0.464698,-0.884436,-16.5714,-0.0224456,0.885469,0.464155,-40.4233,0.998833,1.45224e-016,0.0483015,55.0289,0,0,0,1</mat>
		</joint>
		<joint id='17' name='JNT_R_Flap1' parent='16'>
			<mat>0.0186999,0.435296,-0.900093,-25.3652,-0.00904155,0.900288,0.435202,-40.5766,0.999784,-3.65277e-015,0.0207711,54.9072,0,0,0,1</mat>
		</joint>
		<joint id='18' name='JNT_R_Flap1_tip' parent='17'>
			<mat>1,-9.05072e-015,-1.92207e-015,54.6706,-9.05072e-015,-1,2.68796e-013,50.3025,-1.92207e-015,-2.68796e-013,-1,-11.9586,0,0,0,1</mat>
		</joint>
		<joint id='19' name='JNT_R_Flap2' parent='16'>
			<mat>0.000959322,0.560071,0.828444,-34.165,-0.000648551,0.828444,-0.560071,-35.3461,-0.999999,-9.70491e-016,0.00115798,-54.6868,0,0,0,1</mat>
		</joint>
		<joint id='20' name='JNT_R_Flap2_Tip' parent='19'>
			<mat>1,1.28336e-015,-8.90347e-016,54.6708,1.28336e-015,-1,4.40659e-013,51.9784,-8.90347e-016,-4.40659e-013,-1,13.8386,0,0,0,1</mat>
		</joint>
		<joint id='21' name='JNT_R_Flap3' parent='16'>
			<mat>0.00501081,-0.996533,0.0830447,35.2078,0.0600204,0.0831957,0.994724,-1.60914,-0.998185,1.26897e-016,0.0602292,-54.7113,0,0,0,1</mat>
		</joint>
		<joint id='22' name='JNT_R_Flap3_Tip' parent='21'>
			<mat>1,-2.48358e-015,2.15106e-014,54.6602,-2.48358e-015,-1,4.78851e-013,28.9351,2.15106e-014,-4.78851e-013,-1,2.49576,0,0,0,1</mat>
		</joint>
		<joint id='23' name='JNT_Lid' parent='4'>
			<mat>1,-6.87429e-016,-1.38778e-016,2.61284e-014,6.87429e-016,1,3.9968e-015,-58.4099,1.38778e-016,-3.9968e-015,1,-1.24447,0,0,0,1</mat>
		</joint>
		<joint id='24' name='JNT_L_Hip' parent='1'>
			<mat>0.690854,-0.722995,4.42707e-017,6.23246,0.722995,0.690854,1.89298e-017,-15.8943,-4.42707e-017,1.89298e-017,1,9.73248e-016,0,0,0,1</mat>
		</joint>
		<joint id='25' name='JNT_L_Knee' parent='24'>
			<mat>0.196117,-0.980581,6.00432e-017,7.26493,0.980581,0.196117,4.92236e-017,-14.214,-6.00432e-017,4.92236e-017,1,8.70357e-016,0,0,0,1</mat>
		</joint>
		<joint id='26' name='JNT_L_Foot' parent='25'>
			<mat>1,2.498e-016,-2.76218e-032,-14.4955,2.498e-016,-1,1.22465e-016,-7.17369e-015,2.9699e-033,-1.22465e-016,-1,-3.59199e-031,0,0,0,1</mat>
		</joint>
		<joint id='27' name='JNT_R_Hip' parent='1'>
			<mat>-0.690854,-0.722995,3.16543e-017,6.23246,-0.722995,0.690854,-1.44139e-016,-15.8943,8.2343e-017,-1.22465e-016,-1,3.62249e-015,0,0,0,1</mat>
		</joint>
		<joint id='28' name='JNT_R_Knee' parent='27'>
			<mat>-0.196117,-0.980581,1.80103e-016,7.26493,-0.980581,0.196117,2.76066e-016,-14.214,-3.06026e-016,-1.22465e-016,-1,3.36444e-016,0,0,0,1</mat>
		</joint>
		<joint id='29' name='JNT_R_Foot' parent='28'>
			<mat>1,3.05311e-016,-8.0669e-017,14.4955,3.05311e-016,-1,1.22465e-016,4.42564e-015,-8.0669e-017,-1.22465e-016,-1,3.9491e-015,0,0,0,1</mat>
		</joint>
	</skeleton>
	<animations>
		<animation name='Take 001' length='115'>
			<track id = '0' name='JNT_Root'>
				<frame num='-1'>
					<mat>6.12323e-017,-1,6.12323e-017,0,1,6.12323e-017,6.12323e-017,0,-6.12323e-017,6.12323e-017,1,0,0,0,0,1</mat>
				</frame>
				<frame num='0'>
					<mat>6.12323e-017,-1,6.12323e-017,0,1,6.12323e-017,6.12323e-017,0,-6.12323e-017,6.12323e-017,1,0,0,0,0,1</mat>
				</frame>
				<frame num='1'>
					<mat>6.12323e-017,-1,6.12323e-017,0,1,6.12323e-017,6.12323e-017,0,-6.12323e-017,6.12323e-017,1,0,0,0,0,1</mat>
				</frame>
				<frame num='2'>
					<mat>6.12323e-017,-1,6.12323e-017,0,1,6.12323e-017,6.12323e-017,0,-6.12323e-017,6.12323e-017,1,0,0,0,0,1</mat>
				</frame>
				<frame num='3'>
					<mat>6.12323e-017,-1,6.12323e-017,0,1,6.12323e-017,6.12323e-017,0,-6.12323e-017,6.12323e-017,1,0,0,0,0,1</mat>
				</frame>
				<frame num='4'>
					<mat>6.12323e-017,-1,6.12323e-017,0,1,6.12323e-017,6.12323e-017,0,-6.12323e-017,6.12323e-017,1,0,0,0,0,1</mat>
				</frame>
				<frame num='5'>
					<mat>6.12323e-017,-1,6.12323e-017,0,1,6.12323e-017,6.12323e-017,0,-6.12323e-017,6.12323e-017,1,0,0,0,0,1</mat>
				</frame>
				<frame num='6'>
					<mat>6.12323e-017,-1,6.12323e-017,0,1,6.12323e-017,6.12323e-017,0,-6.12323e-017,6.12323e-017,1,0,0,0,0,1</mat>
				</frame>
				<frame num='7'>
					<mat>6.12323e-017,-1,6.12323e-017,0,1,6.12323e-017,6.12323e-017,0,-6.12323e-017,6.12323e-017,1,0,0,0,0,1</mat>
				</frame>
				<frame num='8'>
					<mat>6.12323e-017,-1,6.12323e-017,0,1,6.12323e-017,6.12323e-017,0,-6.12323e-017,6.12323e-017,1,0,0,0,0,1</mat>
				</frame>
				<frame num='9'>
					<mat>6.12323e-017,-1,6.12323e-017,0,1,6.12323e-017,6.12323e-017,0,-6.12323e-017,6.12323e-017,1,0,0,0,0,1</mat>
				</frame>
				<frame num='10'>
					<mat>6.12323e-017,-1,6.12323e-017,0,1,6.12323e-017,6.12323e-017,0,-6.12323e-017,6.12323e-017,1,0,0,0,0,1</mat>
				</frame>
				<frame num='11'>
					<mat>6.12323e-017,-1,6.12323e-017,0,1,6.12323e-017,6.12323e-017,0,-6.12323e-017,6.12323e-017,1,0,0,0,0,1</mat>
				</frame>
				<frame num='12'>
					<mat>6.12323e-017,-1,6.12323e-017,0,1,6.12323e-017,6.12323e-017,0,-6.12323e-017,6.12323e-017,1,0,0,0,0,1</mat>
				</frame>
				<frame num='13'>
					<mat>6.12323e-017,-1,6.12323e-017,0,1,6.12323e-017,6.12323e-017,0,-6.12323e-017,6.12323e-017,1,0,0,0,0,1</mat>
				</frame>
				<frame num='14'>
					<mat>6.12323e-017,-1,6.12323e-017,0,1,6.12323e-017,6.12323e-017,0,-6.12323e-017,6.12323e-017,1,0,0,0,0,1</mat>
				</frame>
				<frame num='15'>
					<mat>6.12323e-017,-1,6.12323e-017,0,1,6.12323e-017,6.12323e-017,0,-6.12323e-017,6.12323e-017,1,0,0,0,0,1</mat>
				</frame>
				<frame num='16'>
					<mat>6.12323e-017,-1,6.12323e-017,0,1,6.12323e-017,6.12323e-017,0,-6.12323e-017,6.12323e-017,1,0,0,0,0,1</mat>
				</frame>
				<frame num='17'>
					<mat>6.12323e-017,-1,6.12323e-017,0,1,6.12323e-017,6.12323e-017,0,-6.12323e-017,6.12323e-017,1,0,0,0,0,1</mat>
				</frame>
				<frame num='18'>
					<mat>6.12323e-017,-1,6.12323e-017,0,1,6.12323e-017,6.12323e-017,0,-6.12323e-017,6.12323e-017,1,0,0,0,0,1</mat>
				</frame>
				<frame num='19'>
					<mat>6.12323e-017,-1,6.12323e-017,0,1,6.12323e-017,6.12323e-017,0,-6.12323e-017,6.12323e-017,1,0,0,0,0,1</mat>
				</frame>
				<frame num='20'>
					<mat>6.12323e-017,-1,6.12323e-017,0,1,6.12323e-017,6.12323e-017,0,-6.12323e-017,6.12323e-017,1,0,0,0,0,1</mat>
				</frame>
				<frame num='21'>
					<mat>6.12323e-017,-1,6.12323e-017,0,1,6.12323e-017,6.12323e-017,0,-6.12323e-017,6.12323e-017,1,0,0,0,0,1</mat>
				</frame>
				<frame num='22'>
					<mat>6.12323e-017,-1,6.12323e-017,0,1,6.12323e-017,6.12323e-017,0,-6.12323e-017,6.12323e-017,1,0,0,0,0,1</mat>
				</frame>
				<frame num='23'>
					<mat>6.12323e-017,-1,6.12323e-017,0,1,6.12323e-017,6.12323e-017,0,-6.12323e-017,6.12323e-017,1,0,0,0,0,1</mat>
				</frame>
				<frame num='24'>
					<mat>6.12323e-017,-1,6.12323e-017,0,1,6.12323e-017,6.12323e-017,0,-6.12323e-017,6.12323e-017,1,0,0,0,0,1</mat>
				</frame>
				<frame num='25'>
					<mat>6.12323e-017,-1,6.12323e-017,0,1,6.12323e-017,6.12323e-017,0,-6.12323e-017,6.12323e-017,1,0,0,0,0,1</mat>
				</frame>
				<frame num='26'>
					<mat>6.12323e-017,-1,6.12323e-017,0,1,6.12323e-017,6.12323e-017,0,-6.12323e-017,6.12323e-017,1,0,0,0,0,1</mat>
				</frame>
				<frame num='27'>
					<mat>6.12323e-017,-1,6.12323e-017,0,1,6.12323e-017,6.12323e-017,0,-6.12323e-017,6.12323e-017,1,0,0,0,0,1</mat>
				</frame>
				<frame num='28'>
					<mat>6.12323e-017,-1,6.12323e-017,0,1,6.12323e-017,6.12323e-017,0,-6.12323e-017,6.12323e-017,1,0,0,0,0,1</mat>
				</frame>
				<frame num='29'>
					<mat>6.12323e-017,-1,6.12323e-017,0,1,6.12323e-017,6.12323e-017,0,-6.12323e-017,6.12323e-017,1,0,0,0,0,1</mat>
				</frame>
				<frame num='30'>
					<mat>6.12323e-017,-1,6.12323e-017,0,1,6.12323e-017,6.12323e-017,0,-6.12323e-017,6.12323e-017,1,0,0,0,0,1</mat>
				</frame>
				<frame num='31'>
					<mat>6.12323e-017,-1,6.12323e-017,0,1,6.12323e-017,6.12323e-017,0,-6.12323e-017,6.12323e-017,1,0,0,0,0,1</mat>
				</frame>
				<frame num='32'>
					<mat>6.12323e-017,-1,6.12323e-017,0,1,6.12323e-017,6.12323e-017,0,-6.12323e-017,6.12323e-017,1,0,0,0,0,1</mat>
				</frame>
				<frame num='33'>
					<mat>6.12323e-017,-1,6.12323e-017,0,1,6.12323e-017,6.12323e-017,0,-6.12323e-017,6.12323e-017,1,0,0,0,0,1</mat>
				</frame>
				<frame num='34'>
					<mat>6.12323e-017,-1,6.12323e-017,0,1,6.12323e-017,6.12323e-017,0,-6.12323e-017,6.12323e-017,1,0,0,0,0,1</mat>
				</frame>
				<frame num='35'>
					<mat>6.12323e-017,-1,6.12323e-017,0,1,6.12323e-017,6.12323e-017,0,-6.12323e-017,6.12323e-017,1,0,0,0,0,1</mat>
				</frame>
				<frame num='36'>
					<mat>6.12323e-017,-1,6.12323e-017,0,1,6.12323e-017,6.12323e-017,0,-6.12323e-017,6.12323e-017,1,0,0,0,0,1</mat>
				</frame>
				<frame num='37'>
					<mat>6.12323e-017,-1,6.12323e-017,0,1,6.12323e-017,6.12323e-017,0,-6.12323e-017,6.12323e-017,1,0,0,0,0,1</mat>
				</frame>
				<frame num='38'>
					<mat>6.12323e-017,-1,6.12323e-017,0,1,6.12323e-017,6.12323e-017,0,-6.12323e-017,6.12323e-017,1,0,0,0,0,1</mat>
				</frame>
				<frame num='39'>
					<mat>6.12323e-017,-1,6.12323e-017,0,1,6.12323e-017,6.12323e-017,0,-6.12323e-017,6.12323e-017,1,0,0,0,0,1</mat>
				</frame>
				<frame num='40'>
					<mat>6.12323e-017,-1,6.12323e-017,0,1,6.12323e-017,6.12323e-017,0,-6.12323e-017,6.12323e-017,1,0,0,0,0,1</mat>
				</frame>
				<frame num='41'>
					<mat>6.12323e-017,-1,6.12323e-017,0,1,6.12323e-017,6.12323e-017,0,-6.12323e-017,6.12323e-017,1,0,0,0,0,1</mat>
				</frame>
				<frame num='42'>
					<mat>6.12323e-017,-1,6.12323e-017,0,1,6.12323e-017,6.12323e-017,0,-6.12323e-017,6.12323e-017,1,0,0,0,0,1</mat>
				</frame>
				<frame num='43'>
					<mat>6.12323e-017,-1,6.12323e-017,0,1,6.12323e-017,6.12323e-017,0,-6.12323e-017,6.12323e-017,1,0,0,0,0,1</mat>
				</frame>
				<frame num='44'>
					<mat>6.12323e-017,-1,6.12323e-017,0,1,6.12323e-017,6.12323e-017,0,-6.12323e-017,6.12323e-017,1,0,0,0,0,1</mat>
				</frame>
				<frame num='45'>
					<mat>6.12323e-017,-1,6.12323e-017,0,1,6.12323e-017,6.12323e-017,0,-6.12323e-017,6.12323e-017,1,0,0,0,0,1</mat>
				</frame>
				<frame num='46'>
					<mat>6.12323e-017,-1,6.12323e-017,0,1,6.12323e-017,6.12323e-017,0,-6.12323e-017,6.12323e-017,1,0,0,0,0,1</mat>
				</frame>
				<frame num='47'>
					<mat>6.12323e-017,-1,6.12323e-017,0,1,6.12323e-017,6.12323e-017,0,-6.12323e-017,6.12323e-017,1,0,0,0,0,1</mat>
				</frame>
				<frame num='48'>
					<mat>6.12323e-017,-1,6.12323e-017,0,1,6.12323e-017,6.12323e-017,0,-6.12323e-017,6.12323e-017,1,0,0,0,0,1</mat>
				</frame>
				<frame num='49'>
					<mat>6.12323e-017,-1,6.12323e-017,0,1,6.12323e-017,6.12323e-017,0,-6.12323e-017,6.12323e-017,1,0,0,0,0,1</mat>
				</frame>
				<frame num='50'>
					<mat>6.12323e-017,-1,6.12323e-017,0,1,6.12323e-017,6.12323e-017,0,-6.12323e-017,6.12323e-017,1,0,0,0,0,1</mat>
				</frame>
				<frame num='51'>
					<mat>6.12323e-017,-1,6.12323e-017,0,1,6.12323e-017,6.12323e-017,0,-6.12323e-017,6.12323e-017,1,0,0,0,0,1</mat>
				</frame>
				<frame num='52'>
					<mat>6.12323e-017,-1,6.12323e-017,0,1,6.12323e-017,6.12323e-017,0,-6.12323e-017,6.12323e-017,1,0,0,0,0,1</mat>
				</frame>
				<frame num='53'>
					<mat>6.12323e-017,-1,6.12323e-017,0,1,6.12323e-017,6.12323e-017,0,-6.12323e-017,6.12323e-017,1,0,0,0,0,1</mat>
				</frame>
				<frame num='54'>
					<mat>6.12323e-017,-1,6.12323e-017,0,1,6.12323e-017,6.12323e-017,0,-6.12323e-017,6.12323e-017,1,0,0,0,0,1</mat>
				</frame>
				<frame num='55'>
					<mat>6.12323e-017,-1,6.12323e-017,0,1,6.12323e-017,6.12323e-017,0,-6.12323e-017,6.12323e-017,1,0,0,0,0,1</mat>
				</frame>
				<frame num='56'>
					<mat>6.12323e-017,-1,6.12323e-017,0,1,6.12323e-017,6.12323e-017,0,-6.12323e-017,6.12323e-017,1,0,0,0,0,1</mat>
				</frame>
				<frame num='57'>
					<mat>6.12323e-017,-1,6.12323e-017,0,1,6.12323e-017,6.12323e-017,0,-6.12323e-017,6.12323e-017,1,0,0,0,0,1</mat>
				</frame>
				<frame num='58'>
					<mat>6.12323e-017,-1,6.12323e-017,0,1,6.12323e-017,6.12323e-017,0,-6.12323e-017,6.12323e-017,1,0,0,0,0,1</mat>
				</frame>
				<frame num='59'>
					<mat>6.12323e-017,-1,6.12323e-017,0,1,6.12323e-017,6.12323e-017,0,-6.12323e-017,6.12323e-017,1,0,0,0,0,1</mat>
				</frame>
				<frame num='60'>
					<mat>6.12323e-017,-1,6.12323e-017,0,1,6.12323e-017,6.12323e-017,0,-6.12323e-017,6.12323e-017,1,0,0,0,0,1</mat>
				</frame>
				<frame num='61'>
					<mat>6.12323e-017,-1,6.12323e-017,0,1,6.12323e-017,6.12323e-017,0,-6.12323e-017,6.12323e-017,1,0,0,0,0,1</mat>
				</frame>
				<frame num='62'>
					<mat>6.12323e-017,-1,6.12323e-017,0,1,6.12323e-017,6.12323e-017,0,-6.12323e-017,6.12323e-017,1,0,0,0,0,1</mat>
				</frame>
				<frame num='63'>
					<mat>6.12323e-017,-1,6.12323e-017,0,1,6.12323e-017,6.12323e-017,0,-6.12323e-017,6.12323e-017,1,0,0,0,0,1</mat>
				</frame>
				<frame num='64'>
					<mat>6.12323e-017,-1,6.12323e-017,0,1,6.12323e-017,6.12323e-017,0,-6.12323e-017,6.12323e-017,1,0,0,0,0,1</mat>
				</frame>
				<frame num='65'>
					<mat>6.12323e-017,-1,6.12323e-017,0,1,6.12323e-017,6.12323e-017,0,-6.12323e-017,6.12323e-017,1,0,0,0,0,1</mat>
				</frame>
				<frame num='66'>
					<mat>6.12323e-017,-1,6.12323e-017,0,1,6.12323e-017,6.12323e-017,0,-6.12323e-017,6.12323e-017,1,0,0,0,0,1</mat>
				</frame>
				<frame num='67'>
					<mat>6.12323e-017,-1,6.12323e-017,0,1,6.12323e-017,6.12323e-017,0,-6.12323e-017,6.12323e-017,1,0,0,0,0,1</mat>
				</frame>
				<frame num='68'>
					<mat>6.12323e-017,-1,6.12323e-017,0,1,6.12323e-017,6.12323e-017,0,-6.12323e-017,6.12323e-017,1,0,0,0,0,1</mat>
				</frame>
				<frame num='69'>
					<mat>6.12323e-017,-1,6.12323e-017,0,1,6.12323e-017,6.12323e-017,0,-6.12323e-017,6.12323e-017,1,0,0,0,0,1</mat>
				</frame>
				<frame num='70'>
					<mat>6.12323e-017,-1,6.12323e-017,0,1,6.12323e-017,6.12323e-017,0,-6.12323e-017,6.12323e-017,1,0,0,0,0,1</mat>
				</frame>
				<frame num='71'>
					<mat>6.12323e-017,-1,6.12323e-017,0,1,6.12323e-017,6.12323e-017,0,-6.12323e-017,6.12323e-017,1,0,0,0,0,1</mat>
				</frame>
				<frame num='72'>
					<mat>6.12323e-017,-1,6.12323e-017,0,1,6.12323e-017,6.12323e-017,0,-6.12323e-017,6.12323e-017,1,0,0,0,0,1</mat>
				</frame>
				<frame num='73'>
					<mat>6.12323e-017,-1,6.12323e-017,0,1,6.12323e-017,6.12323e-017,0,-6.12323e-017,6.12323e-017,1,0,0,0,0,1</mat>
				</frame>
				<frame num='74'>
					<mat>6.12323e-017,-1,6.12323e-017,0,1,6.12323e-017,6.12323e-017,0,-6.12323e-017,6.12323e-017,1,0,0,0,0,1</mat>
				</frame>
				<frame num='75'>
					<mat>6.12323e-017,-1,6.12323e-017,0,1,6.12323e-017,6.12323e-017,0,-6.12323e-017,6.12323e-017,1,0,0,0,0,1</mat>
				</frame>
				<frame num='76'>
					<mat>6.12323e-017,-1,6.12323e-017,0,1,6.12323e-017,6.12323e-017,0,-6.12323e-017,6.12323e-017,1,0,0,0,0,1</mat>
				</frame>
				<frame num='77'>
					<mat>6.12323e-017,-1,6.12323e-017,0,1,6.12323e-017,6.12323e-017,0,-6.12323e-017,6.12323e-017,1,0,0,0,0,1</mat>
				</frame>
				<frame num='78'>
					<mat>6.12323e-017,-1,6.12323e-017,0,1,6.12323e-017,6.12323e-017,0,-6.12323e-017,6.12323e-017,1,0,0,0,0,1</mat>
				</frame>
				<frame num='79'>
					<mat>6.12323e-017,-1,6.12323e-017,0,1,6.12323e-017,6.12323e-017,0,-6.12323e-017,6.12323e-017,1,0,0,0,0,1</mat>
				</frame>
				<frame num='80'>
					<mat>6.12323e-017,-1,6.12323e-017,0,1,6.12323e-017,6.12323e-017,0,-6.12323e-017,6.12323e-017,1,0,0,0,0,1</mat>
				</frame>
				<frame num='81'>
					<mat>6.12323e-017,-1,6.12323e-017,0,1,6.12323e-017,6.12323e-017,0,-6.12323e-017,6.12323e-017,1,0,0,0,0,1</mat>
				</frame>
				<frame num='82'>
					<mat>6.12323e-017,-1,6.12323e-017,0,1,6.12323e-017,6.12323e-017,0,-6.12323e-017,6.12323e-017,1,0,0,0,0,1</mat>
				</frame>
				<frame num='83'>
					<mat>6.12323e-017,-1,6.12323e-017,0,1,6.12323e-017,6.12323e-017,0,-6.12323e-017,6.12323e-017,1,0,0,0,0,1</mat>
				</frame>
				<frame num='84'>
					<mat>6.12323e-017,-1,6.12323e-017,0,1,6.12323e-017,6.12323e-017,0,-6.12323e-017,6.12323e-017,1,0,0,0,0,1</mat>
				</frame>
				<frame num='85'>
					<mat>6.12323e-017,-1,6.12323e-017,0,1,6.12323e-017,6.12323e-017,0,-6.12323e-017,6.12323e-017,1,0,0,0,0,1</mat>
				</frame>
				<frame num='86'>
					<mat>6.12323e-017,-1,6.12323e-017,0,1,6.12323e-017,6.12323e-017,0,-6.12323e-017,6.12323e-017,1,0,0,0,0,1</mat>
				</frame>
				<frame num='87'>
					<mat>6.12323e-017,-1,6.12323e-017,0,1,6.12323e-017,6.12323e-017,0,-6.12323e-017,6.12323e-017,1,0,0,0,0,1</mat>
				</frame>
				<frame num='88'>
					<mat>6.12323e-017,-1,6.12323e-017,0,1,6.12323e-017,6.12323e-017,0,-6.12323e-017,6.12323e-017,1,0,0,0,0,1</mat>
				</frame>
				<frame num='89'>
					<mat>6.12323e-017,-1,6.12323e-017,0,1,6.12323e-017,6.12323e-017,0,-6.12323e-017,6.12323e-017,1,0,0,0,0,1</mat>
				</frame>
				<frame num='90'>
					<mat>6.12323e-017,-1,6.12323e-017,0,1,6.12323e-017,6.12323e-017,0,-6.12323e-017,6.12323e-017,1,0,0,0,0,1</mat>
				</frame>
				<frame num='91'>
					<mat>6.12323e-017,-1,6.12323e-017,0,1,6.12323e-017,6.12323e-017,0,-6.12323e-017,6.12323e-017,1,0,0,0,0,1</mat>
				</frame>
				<frame num='92'>
					<mat>6.12323e-017,-1,6.12323e-017,0,1,6.12323e-017,6.12323e-017,0,-6.12323e-017,6.12323e-017,1,0,0,0,0,1</mat>
				</frame>
				<frame num='93'>
					<mat>6.12323e-017,-1,6.12323e-017,0,1,6.12323e-017,6.12323e-017,0,-6.12323e-017,6.12323e-017,1,0,0,0,0,1</mat>
				</frame>
				<frame num='94'>
					<mat>6.12323e-017,-1,6.12323e-017,0,1,6.12323e-017,6.12323e-017,0,-6.12323e-017,6.12323e-017,1,0,0,0,0,1</mat>
				</frame>
				<frame num='95'>
					<mat>6.12323e-017,-1,6.12323e-017,0,1,6.12323e-017,6.12323e-017,0,-6.12323e-017,6.12323e-017,1,0,0,0,0,1</mat>
				</frame>
				<frame num='96'>
					<mat>6.12323e-017,-1,6.12323e-017,0,1,6.12323e-017,6.12323e-017,0,-6.12323e-017,6.12323e-017,1,0,0,0,0,1</mat>
				</frame>
				<frame num='97'>
					<mat>6.12323e-017,-1,6.12323e-017,0,1,6.12323e-017,6.12323e-017,0,-6.12323e-017,6.12323e-017,1,0,0,0,0,1</mat>
				</frame>
				<frame num='98'>
					<mat>6.12323e-017,-1,6.12323e-017,0,1,6.12323e-017,6.12323e-017,0,-6.12323e-017,6.12323e-017,1,0,0,0,0,1</mat>
				</frame>
				<frame num='99'>
					<mat>6.12323e-017,-1,6.12323e-017,0,1,6.12323e-017,6.12323e-017,0,-6.12323e-017,6.12323e-017,1,0,0,0,0,1</mat>
				</frame>
				<frame num='100'>
					<mat>6.12323e-017,-1,6.12323e-017,0,1,6.12323e-017,6.12323e-017,0,-6.12323e-017,6.12323e-017,1,0,0,0,0,1</mat>
				</frame>
				<frame num='101'>
					<mat>6.12323e-017,-1,6.12323e-017,0,1,6.12323e-017,6.12323e-017,0,-6.12323e-017,6.12323e-017,1,0,0,0,0,1</mat>
				</frame>
				<frame num='102'>
					<mat>6.12323e-017,-1,6.12323e-017,0,1,6.12323e-017,6.12323e-017,0,-6.12323e-017,6.12323e-017,1,0,0,0,0,1</mat>
				</frame>
				<frame num='103'>
					<mat>6.12323e-017,-1,6.12323e-017,0,1,6.12323e-017,6.12323e-017,0,-6.12323e-017,6.12323e-017,1,0,0,0,0,1</mat>
				</frame>
				<frame num='104'>
					<mat>6.12323e-017,-1,6.12323e-017,0,1,6.12323e-017,6.12323e-017,0,-6.12323e-017,6.12323e-017,1,0,0,0,0,1</mat>
				</frame>
				<frame num='105'>
					<mat>6.12323e-017,-1,6.12323e-017,0,1,6.12323e-017,6.12323e-017,0,-6.12323e-017,6.12323e-017,1,0,0,0,0,1</mat>
				</frame>
				<frame num='106'>
					<mat>6.12323e-017,-1,6.12323e-017,0,1,6.12323e-017,6.12323e-017,0,-6.12323e-017,6.12323e-017,1,0,0,0,0,1</mat>
				</frame>
				<frame num='107'>
					<mat>6.12323e-017,-1,6.12323e-017,0,1,6.12323e-017,6.12323e-017,0,-6.12323e-017,6.12323e-017,1,0,0,0,0,1</mat>
				</frame>
				<frame num='108'>
					<mat>6.12323e-017,-1,6.12323e-017,0,1,6.12323e-017,6.12323e-017,0,-6.12323e-017,6.12323e-017,1,0,0,0,0,1</mat>
				</frame>
				<frame num='109'>
					<mat>6.12323e-017,-1,6.12323e-017,0,1,6.12323e-017,6.12323e-017,0,-6.12323e-017,6.12323e-017,1,0,0,0,0,1</mat>
				</frame>
				<frame num='110'>
					<mat>6.12323e-017,-1,6.12323e-017,0,1,6.12323e-017,6.12323e-017,0,-6.12323e-017,6.12323e-017,1,0,0,0,0,1</mat>
				</frame>
				<frame num='111'>
					<mat>6.12323e-017,-1,6.12323e-017,0,1,6.12323e-017,6.12323e-017,0,-6.12323e-017,6.12323e-017,1,0,0,0,0,1</mat>
				</frame>
				<frame num='112'>
					<mat>6.12323e-017,-1,6.12323e-017,0,1,6.12323e-017,6.12323e-017,0,-6.12323e-017,6.12323e-017,1,0,0,0,0,1</mat>
				</frame>
				<frame num='113'>
					<mat>6.12323e-017,-1,6.12323e-017,0,1,6.12323e-017,6.12323e-017,0,-6.12323e-017,6.12323e-017,1,0,0,0,0,1</mat>
				</frame>
			</track>
			<track id = '1' name='JNT_COG'>
				<frame num='-1'>
					<mat>6.08969e-017,-1,7.60718e-017,-4.54273e-015,0.994522,5.26116e-017,-0.104528,28.2476,0.104528,8.20205e-017,0.994522,-0.0027387,0,0,0,1</mat>
				</frame>
				<frame num='0'>
					<mat>6.08969e-017,-1,7.60718e-017,-4.54092e-015,0.994522,5.26116e-017,-0.104528,28.2364,0.104528,8.20205e-017,0.994522,-0.0027387,0,0,0,1</mat>
				</frame>
				<frame num='1'>
					<mat>6.08969e-017,-1,7.60718e-017,-4.51694e-015,0.994522,5.26116e-017,-0.104528,28.0872,0.104528,8.20205e-017,0.994522,-0.0027387,0,0,0,1</mat>
				</frame>
				<frame num='2'>
					<mat>6.08969e-017,-1,7.60718e-017,-4.49326e-015,0.994522,5.26116e-017,-0.104528,27.94,0.104528,8.20205e-017,0.994522,-0.0027387,0,0,0,1</mat>
				</frame>
				<frame num='3'>
					<mat>6.08969e-017,-1,7.60718e-017,-4.46811e-015,0.994522,5.26116e-017,-0.104528,27.7836,0.104528,8.20205e-017,0.994522,-0.0027387,0,0,0,1</mat>
				</frame>
				<frame num='4'>
					<mat>6.08969e-017,-1,7.60718e-017,-4.44196e-015,0.994522,5.26116e-017,-0.104528,27.621,0.104528,8.20205e-017,0.994522,-0.0027387,0,0,0,1</mat>
				</frame>
				<frame num='5'>
					<mat>6.08969e-017,-1,7.60718e-017,-4.41527e-015,0.994522,5.26116e-017,-0.104528,27.455,0.104528,8.20205e-017,0.994522,-0.0027387,0,0,0,1</mat>
				</frame>
				<frame num='6'>
					<mat>6.08969e-017,-1,7.60718e-017,-4.38852e-015,0.994522,5.26116e-017,-0.104528,27.2887,0.104528,8.20205e-017,0.994522,-0.0027387,0,0,0,1</mat>
				</frame>
				<frame num='7'>
					<mat>6.08969e-017,-1,7.60718e-017,-4.36218e-015,0.994522,5.26116e-017,-0.104528,27.1249,0.104528,8.20205e-017,0.994522,-0.0027387,0,0,0,1</mat>
				</frame>
				<frame num='8'>
					<mat>6.08969e-017,-1,7.60718e-017,-4.33672e-015,0.994522,5.26116e-017,-0.104528,26.9666,0.104528,8.20205e-017,0.994522,-0.0027387,0,0,0,1</mat>
				</frame>
				<frame num='9'>
					<mat>6.08969e-017,-1,7.60718e-017,-4.3126e-015,0.994522,5.26116e-017,-0.104528,26.8166,0.104528,8.20205e-017,0.994522,-0.0027387,0,0,0,1</mat>
				</frame>
				<frame num='10'>
					<mat>6.08969e-017,-1,7.60718e-017,-4.29031e-015,0.994522,5.26116e-017,-0.104528,26.6779,0.104528,8.20205e-017,0.994522,-0.0027387,0,0,0,1</mat>
				</frame>
				<frame num='11'>
					<mat>6.08969e-017,-1,7.60718e-017,-4.27031e-015,0.994522,5.26116e-017,-0.104528,26.5536,0.104528,8.20205e-017,0.994522,-0.0027387,0,0,0,1</mat>
				</frame>
				<frame num='12'>
					<mat>6.08969e-017,-1,7.60718e-017,-4.25308e-015,0.994522,5.26116e-017,-0.104528,26.4465,0.104528,8.20205e-017,0.994522,-0.0027387,0,0,0,1</mat>
				</frame>
				<frame num='13'>
					<mat>6.08969e-017,-1,7.60718e-017,-4.23908e-015,0.994522,5.26116e-017,-0.104528,26.3594,0.104528,8.20205e-017,0.994522,-0.0027387,0,0,0,1</mat>
				</frame>
				<frame num='14'>
					<mat>6.08969e-017,-1,7.60718e-017,-4.22879e-015,0.994522,5.26116e-017,-0.104528,26.2954,0.104528,8.20205e-017,0.994522,-0.0027387,0,0,0,1</mat>
				</frame>
				<frame num='15'>
					<mat>6.08969e-017,-1,7.60718e-017,-4.22267e-015,0.994522,5.26116e-017,-0.104528,26.2574,0.104528,8.20205e-017,0.994522,-0.0027387,0,0,0,1</mat>
				</frame>
				<frame num='16'>
					<mat>6.08969e-017,-1,7.60718e-017,-4.22123e-015,0.994522,5.26116e-017,-0.104528,26.2484,0.104528,8.20205e-017,0.994522,-0.0027387,0,0,0,1</mat>
				</frame>
				<frame num='17'>
					<mat>6.08969e-017,-1,7.60718e-017,-4.22528e-015,0.994522,5.26116e-017,-0.104528,26.2736,0.104528,8.20205e-017,0.994522,-0.0027387,0,0,0,1</mat>
				</frame>
				<frame num='18'>
					<mat>6.08969e-017,-1,7.60718e-017,-4.23483e-015,0.994522,5.26116e-017,-0.104528,26.3329,0.104528,8.20205e-017,0.994522,-0.0027387,0,0,0,1</mat>
				</frame>
				<frame num='19'>
					<mat>6.08969e-017,-1,7.60718e-017,-4.24947e-015,0.994522,5.26116e-017,-0.104528,26.424,0.104528,8.20205e-017,0.994522,-0.0027387,0,0,0,1</mat>
				</frame>
				<frame num='20'>
					<mat>6.08969e-017,-1,7.60718e-017,-4.26885e-015,0.994522,5.26116e-017,-0.104528,26.5445,0.104528,8.20205e-017,0.994522,-0.0027387,0,0,0,1</mat>
				</frame>
				<frame num='21'>
					<mat>6.08969e-017,-1,7.60718e-017,-4.29258e-015,0.994522,5.26116e-017,-0.104528,26.6921,0.104528,8.20205e-017,0.994522,-0.0027387,0,0,0,1</mat>
				</frame>
				<frame num='22'>
					<mat>6.08969e-017,-1,7.60718e-017,-4.32027e-015,0.994522,5.26116e-017,-0.104528,26.8643,0.104528,8.20205e-017,0.994522,-0.0027387,0,0,0,1</mat>
				</frame>
				<frame num='23'>
					<mat>6.08969e-017,-1,7.60718e-017,-4.35154e-015,0.994522,5.26116e-017,-0.104528,27.0587,0.104528,8.20205e-017,0.994522,-0.0027387,0,0,0,1</mat>
				</frame>
				<frame num='24'>
					<mat>6.08969e-017,-1,7.60718e-017,-4.38602e-015,0.994522,5.26116e-017,-0.104528,27.2731,0.104528,8.20205e-017,0.994522,-0.0027387,0,0,0,1</mat>
				</frame>
				<frame num='25'>
					<mat>6.08969e-017,-1,7.60718e-017,-4.42332e-015,0.994522,5.26116e-017,-0.104528,27.505,0.104528,8.20205e-017,0.994522,-0.0027387,0,0,0,1</mat>
				</frame>
				<frame num='26'>
					<mat>6.08969e-017,-1,7.60718e-017,-4.46306e-015,0.994522,5.26116e-017,-0.104528,27.7522,0.104528,8.20205e-017,0.994522,-0.0027387,0,0,0,1</mat>
				</frame>
				<frame num='27'>
					<mat>6.08969e-017,-1,7.60718e-017,-4.50485e-015,0.994522,5.26116e-017,-0.104528,28.012,0.104528,8.20205e-017,0.994522,-0.0027387,0,0,0,1</mat>
				</frame>
				<frame num='28'>
					<mat>6.08969e-017,-1,7.60718e-017,-4.54832e-015,0.994522,5.26116e-017,-0.104528,28.2824,0.104528,8.20205e-017,0.994522,-0.0027387,0,0,0,1</mat>
				</frame>
				<frame num='29'>
					<mat>6.08969e-017,-1,7.60718e-017,-4.59309e-015,0.994522,5.26116e-017,-0.104528,28.5608,0.104528,8.20205e-017,0.994522,-0.0027387,0,0,0,1</mat>
				</frame>
				<frame num='30'>
					<mat>6.08969e-017,-1,7.60718e-017,-4.63878e-015,0.994522,5.26116e-017,-0.104528,28.8449,0.104528,8.20205e-017,0.994522,-0.0027387,0,0,0,1</mat>
				</frame>
				<frame num='31'>
					<mat>6.08969e-017,-1,7.60718e-017,-4.68499e-015,0.994522,5.26116e-017,-0.104528,29.1323,0.104528,8.20205e-017,0.994522,-0.0027387,0,0,0,1</mat>
				</frame>
				<frame num='32'>
					<mat>6.08969e-017,-1,7.60718e-017,-4.73136e-015,0.994522,5.26116e-017,-0.104528,29.4206,0.104528,8.20205e-017,0.994522,-0.0027387,0,0,0,1</mat>
				</frame>
				<frame num='33'>
					<mat>6.08969e-017,-1,7.60718e-017,-4.7775e-015,0.994522,5.26116e-017,-0.104528,29.7075,0.104528,8.20205e-017,0.994522,-0.0027387,0,0,0,1</mat>
				</frame>
				<frame num='34'>
					<mat>6.08969e-017,-1,7.60718e-017,-4.82304e-015,0.994522,5.26116e-017,-0.104528,29.9907,0.104528,8.20205e-017,0.994522,-0.0027387,0,0,0,1</mat>
				</frame>
				<frame num='35'>
					<mat>6.08969e-017,-1,7.60718e-017,-4.86758e-015,0.994522,5.26116e-017,-0.104528,30.2676,0.104528,8.20205e-017,0.994522,-0.0027387,0,0,0,1</mat>
				</frame>
				<frame num='36'>
					<mat>6.08969e-017,-1,7.60718e-017,-4.91074e-015,0.994522,5.26116e-017,-0.104528,30.5361,0.104528,8.20205e-017,0.994522,-0.0027387,0,0,0,1</mat>
				</frame>
				<frame num='37'>
					<mat>6.08969e-017,-1,7.60718e-017,-4.95216e-015,0.994522,5.26116e-017,-0.104528,30.7936,0.104528,8.20205e-017,0.994522,-0.0027387,0,0,0,1</mat>
				</frame>
				<frame num='38'>
					<mat>6.08969e-017,-1,7.60718e-017,-4.99144e-015,0.994522,5.26116e-017,-0.104528,31.0379,0.104528,8.20205e-017,0.994522,-0.0027387,0,0,0,1</mat>
				</frame>
				<frame num='39'>
					<mat>6.08969e-017,-1,7.60718e-017,-5.0282e-015,0.994522,5.26116e-017,-0.104528,31.2665,0.104528,8.20205e-017,0.994522,-0.0027387,0,0,0,1</mat>
				</frame>
				<frame num='40'>
					<mat>6.08969e-017,-1,7.60718e-017,-5.06206e-015,0.994522,5.26116e-017,-0.104528,31.4771,0.104528,8.20205e-017,0.994522,-0.0027387,0,0,0,1</mat>
				</frame>
				<frame num='41'>
					<mat>6.08969e-017,-1,7.60718e-017,-5.09266e-015,0.994522,5.26116e-017,-0.104528,31.6673,0.104528,8.20205e-017,0.994522,-0.0027387,0,0,0,1</mat>
				</frame>
				<frame num='42'>
					<mat>6.08969e-017,-1,7.60718e-017,-5.11959e-015,0.994522,5.26116e-017,-0.104528,31.8347,0.104528,8.20205e-017,0.994522,-0.0027387,0,0,0,1</mat>
				</frame>
				<frame num='43'>
					<mat>6.08969e-017,-1,7.60718e-017,-5.14247e-015,0.994522,5.26116e-017,-0.104528,31.977,0.104528,8.20205e-017,0.994522,-0.0027387,0,0,0,1</mat>
				</frame>
				<frame num='44'>
					<mat>6.08969e-017,-1,7.60718e-017,-5.16093e-015,0.994522,5.26116e-017,-0.104528,32.0918,0.104528,8.20205e-017,0.994522,-0.0027387,0,0,0,1</mat>
				</frame>
				<frame num='45'>
					<mat>6.08969e-017,-1,7.60718e-017,-5.1746e-015,0.994522,5.26116e-017,-0.104528,32.1768,0.104528,8.20205e-017,0.994522,-0.0027387,0,0,0,1</mat>
				</frame>
				<frame num='46'>
					<mat>6.08969e-017,-1,7.60718e-017,-5.18307e-015,0.994522,5.26116e-017,-0.104528,32.2295,0.104528,8.20205e-017,0.994522,-0.0027387,0,0,0,1</mat>
				</frame>
				<frame num='47'>
					<mat>6.08969e-017,-1,7.60718e-017,-5.18598e-015,0.994522,5.26116e-017,-0.104528,32.2476,0.104528,8.20205e-017,0.994522,-0.0027387,0,0,0,1</mat>
				</frame>
				<frame num='48'>
					<mat>6.08969e-017,-1,7.60718e-017,-5.17998e-015,0.994522,5.26116e-017,-0.104528,32.2103,0.104528,8.20205e-017,0.994522,-0.0027387,0,0,0,1</mat>
				</frame>
				<frame num='49'>
					<mat>6.08969e-017,-1,7.60718e-017,-5.1627e-015,0.994522,5.26116e-017,-0.104528,32.1028,0.104528,8.20205e-017,0.994522,-0.0027387,0,0,0,1</mat>
				</frame>
				<frame num='50'>
					<mat>6.08969e-017,-1,7.60718e-017,-5.1353e-015,0.994522,5.26116e-017,-0.104528,31.9325,0.104528,8.20205e-017,0.994522,-0.0027387,0,0,0,1</mat>
				</frame>
				<frame num='51'>
					<mat>6.08969e-017,-1,7.60718e-017,-5.09897e-015,0.994522,5.26116e-017,-0.104528,31.7065,0.104528,8.20205e-017,0.994522,-0.0027387,0,0,0,1</mat>
				</frame>
				<frame num='52'>
					<mat>6.08969e-017,-1,7.60718e-017,-5.05482e-015,0.994522,5.26116e-017,-0.104528,31.432,0.104528,8.20205e-017,0.994522,-0.0027387,0,0,0,1</mat>
				</frame>
				<frame num='53'>
					<mat>6.08969e-017,-1,7.60718e-017,-5.00399e-015,0.994522,5.26116e-017,-0.104528,31.1159,0.104528,8.20205e-017,0.994522,-0.0027387,0,0,0,1</mat>
				</frame>
				<frame num='54'>
					<mat>6.08969e-017,-1,7.60718e-017,-4.94765e-015,0.994522,5.26116e-017,-0.104528,30.7656,0.104528,8.20205e-017,0.994522,-0.0027387,0,0,0,1</mat>
				</frame>
				<frame num='55'>
					<mat>6.08969e-017,-1,7.60718e-017,-4.88695e-015,0.994522,5.26116e-017,-0.104528,30.3881,0.104528,8.20205e-017,0.994522,-0.0027387,0,0,0,1</mat>
				</frame>
				<frame num='56'>
					<mat>6.08969e-017,-1,7.60718e-017,-4.82305e-015,0.994522,5.26116e-017,-0.104528,29.9907,0.104528,8.20205e-017,0.994522,-0.0027387,0,0,0,1</mat>
				</frame>
				<frame num='57'>
					<mat>6.08969e-017,-1,7.60718e-017,-4.75705e-015,0.994522,5.26116e-017,-0.104528,29.5803,0.104528,8.20205e-017,0.994522,-0.0027387,0,0,0,1</mat>
				</frame>
				<frame num='58'>
					<mat>6.08969e-017,-1,7.60718e-017,-4.69013e-015,0.994522,5.26116e-017,-0.104528,29.1642,0.104528,8.20205e-017,0.994522,-0.0027387,0,0,0,1</mat>
				</frame>
				<frame num='59'>
					<mat>6.08969e-017,-1,7.60718e-017,-4.62347e-015,0.994522,5.26116e-017,-0.104528,28.7497,0.104528,8.20205e-017,0.994522,-0.0027387,0,0,0,1</mat>
				</frame>
				<frame num='60'>
					<mat>6.08969e-017,-1,7.60718e-017,-4.55818e-015,0.994522,5.26116e-017,-0.104528,28.3437,0.104528,8.20205e-017,0.994522,-0.0027387,0,0,0,1</mat>
				</frame>
				<frame num='61'>
					<mat>6.08969e-017,-1,7.60718e-017,-4.4954e-015,0.994522,5.26116e-017,-0.104528,27.9533,0.104528,8.20205e-017,0.994522,-0.0027387,0,0,0,1</mat>
				</frame>
				<frame num='62'>
					<mat>6.08969e-017,-1,7.60718e-017,-4.4363e-015,0.994522,5.26116e-017,-0.104528,27.5858,0.104528,8.20205e-017,0.994522,-0.0027387,0,0,0,1</mat>
				</frame>
				<frame num='63'>
					<mat>6.08969e-017,-1,7.60718e-017,-4.38204e-015,0.994522,5.26116e-017,-0.104528,27.2484,0.104528,8.20205e-017,0.994522,-0.0027387,0,0,0,1</mat>
				</frame>
				<frame num='64'>
					<mat>6.08969e-017,-1,7.60718e-017,-4.33376e-015,0.994522,5.26116e-017,-0.104528,26.9481,0.104528,8.20205e-017,0.994522,-0.0027387,0,0,0,1</mat>
				</frame>
				<frame num='65'>
					<mat>6.08969e-017,-1,7.60718e-017,-4.29258e-015,0.994522,5.26116e-017,-0.104528,26.6921,0.104528,8.20205e-017,0.994522,-0.0027387,0,0,0,1</mat>
				</frame>
				<frame num='66'>
					<mat>6.08969e-017,-1,7.60718e-017,-4.25967e-015,0.994522,5.26116e-017,-0.104528,26.4874,0.104528,8.20205e-017,0.994522,-0.0027387,0,0,0,1</mat>
				</frame>
				<frame num='67'>
					<mat>6.08969e-017,-1,7.60718e-017,-4.2362e-015,0.994522,5.26116e-017,-0.104528,26.3415,0.104528,8.20205e-017,0.994522,-0.0027387,0,0,0,1</mat>
				</frame>
				<frame num='68'>
					<mat>6.08969e-017,-1,7.60718e-017,-4.22331e-015,0.994522,5.26116e-017,-0.104528,26.2613,0.104528,8.20205e-017,0.994522,-0.0027387,0,0,0,1</mat>
				</frame>
				<frame num='69'>
					<mat>6.08969e-017,-1,7.60718e-017,-4.22156e-015,0.994522,5.26116e-017,-0.104528,26.2504,0.104528,8.20205e-017,0.994522,-0.0027387,0,0,0,1</mat>
				</frame>
				<frame num='70'>
					<mat>6.08969e-017,-1,7.60718e-017,-4.22649e-015,0.994522,5.26116e-017,-0.104528,26.2811,0.104528,8.20205e-017,0.994522,-0.0027387,0,0,0,1</mat>
				</frame>
				<frame num='71'>
					<mat>6.08969e-017,-1,7.60718e-017,-4.23657e-015,0.994522,5.26116e-017,-0.104528,26.3438,0.104528,8.20205e-017,0.994522,-0.0027387,0,0,0,1</mat>
				</frame>
				<frame num='72'>
					<mat>6.08969e-017,-1,7.60718e-017,-4.25147e-015,0.994522,5.26116e-017,-0.104528,26.4364,0.104528,8.20205e-017,0.994522,-0.0027387,0,0,0,1</mat>
				</frame>
				<frame num='73'>
					<mat>6.08969e-017,-1,7.60718e-017,-4.27082e-015,0.994522,5.26116e-017,-0.104528,26.5567,0.104528,8.20205e-017,0.994522,-0.0027387,0,0,0,1</mat>
				</frame>
				<frame num='74'>
					<mat>6.08969e-017,-1,7.60718e-017,-4.29427e-015,0.994522,5.26116e-017,-0.104528,26.7025,0.104528,8.20205e-017,0.994522,-0.0027387,0,0,0,1</mat>
				</frame>
				<frame num='75'>
					<mat>6.08969e-017,-1,7.60718e-017,-4.32145e-015,0.994522,5.26116e-017,-0.104528,26.8716,0.104528,8.20205e-017,0.994522,-0.0027387,0,0,0,1</mat>
				</frame>
				<frame num='76'>
					<mat>6.08969e-017,-1,7.60718e-017,-4.35203e-015,0.994522,5.26116e-017,-0.104528,27.0618,0.104528,8.20205e-017,0.994522,-0.0027387,0,0,0,1</mat>
				</frame>
				<frame num='77'>
					<mat>6.08969e-017,-1,7.60718e-017,-4.38566e-015,0.994522,5.26116e-017,-0.104528,27.2709,0.104528,8.20205e-017,0.994522,-0.0027387,0,0,0,1</mat>
				</frame>
				<frame num='78'>
					<mat>6.08969e-017,-1,7.60718e-017,-4.42197e-015,0.994522,5.26116e-017,-0.104528,27.4967,0.104528,8.20205e-017,0.994522,-0.0027387,0,0,0,1</mat>
				</frame>
				<frame num='79'>
					<mat>6.08969e-017,-1,7.60718e-017,-4.46061e-015,0.994522,5.26116e-017,-0.104528,27.7369,0.104528,8.20205e-017,0.994522,-0.0027387,0,0,0,1</mat>
				</frame>
				<frame num='80'>
					<mat>6.08969e-017,-1,7.60718e-017,-4.50122e-015,0.994522,5.26116e-017,-0.104528,27.9895,0.104528,8.20205e-017,0.994522,-0.0027387,0,0,0,1</mat>
				</frame>
				<frame num='81'>
					<mat>6.08969e-017,-1,7.60718e-017,-4.54347e-015,0.994522,5.26116e-017,-0.104528,28.2522,0.104528,8.20205e-017,0.994522,-0.0027387,0,0,0,1</mat>
				</frame>
				<frame num='82'>
					<mat>6.08969e-017,-1,7.60718e-017,-4.58699e-015,0.994522,5.26116e-017,-0.104528,28.5228,0.104528,8.20205e-017,0.994522,-0.0027387,0,0,0,1</mat>
				</frame>
				<frame num='83'>
					<mat>6.08969e-017,-1,7.60718e-017,-4.63142e-015,0.994522,5.26116e-017,-0.104528,28.7991,0.104528,8.20205e-017,0.994522,-0.0027387,0,0,0,1</mat>
				</frame>
				<frame num='84'>
					<mat>6.08969e-017,-1,7.60718e-017,-4.67642e-015,0.994522,5.26116e-017,-0.104528,29.0789,0.104528,8.20205e-017,0.994522,-0.0027387,0,0,0,1</mat>
				</frame>
				<frame num='85'>
