<?xml version='1.0' encoding='UTF-8' ?>
<itpanim>
	<skeleton count='51'>
		<joint id='0' name='Armature' parent='-1'>
			<mat>1,0,0,0,0,1,0,0,0,0,1,0,0,0,0,1</mat>
		</joint>
		<joint id='1' name='global1' parent='0'>
			<mat>6.12323e-017,8.16472e-017,1,9.4,-1,-9.97585e-024,6.12323e-017,5.75584e-016,9.97585e-024,-1,8.16472e-017,0.4,0,0,0,1</mat>
		</joint>
		<joint id='2' name='knee_pole_l' parent='1'>
			<mat>6.12323e-017,-1,-1.62918e-007,-4.9526,1,2.46612e-014,-1.50996e-007,-0.856559,1.50996e-007,-1.62918e-007,1,4.8,0,0,0,1</mat>
		</joint>
		<joint id='3' name='knee_pole_r' parent='1'>
			<mat>6.12323e-017,-1,-1.62918e-007,-4.9526,1,2.46612e-014,-1.50996e-007,0.856557,1.50996e-007,-1.62918e-007,1,4.8,0,0,0,1</mat>
		</joint>
		<joint id='4' name='foot_ctrl_l' parent='1'>
			<mat>6.12323e-017,1,1.62918e-007,-1.35196,-1,6.12374e-017,-3.0803e-014,1,-3.0803e-014,-1.62918e-007,1,9.23446,0,0,0,1</mat>
		</joint>
		<joint id='5' name='ball_ctrl_l' parent='4'>
			<mat>2.4149e-007,0.812328,0.5832,5.05965,-1,2.27321e-007,9.74457e-008,1,-5.34159e-008,-0.5832,0.812328,7.60464,0,0,0,1</mat>
		</joint>
		<joint id='6' name='ankle_l' parent='5'>
			<mat>0.0112922,0.273598,-0.961778,-8.51472,-0.861664,0.490686,0.129469,1.37332,0.507353,0.827267,0.24129,0.550881,0,0,0,1</mat>
		</joint>
		<joint id='7' name='toe_ctrl_l' parent='4'>
			<mat>9.67586e-009,-0.993884,-0.11043,-0.685089,-1,-1.40857e-007,1.18011e-006,1.00001,-1.18845e-006,0.11043,-0.993884,-9.1083,0,0,0,1</mat>
		</joint>
		<joint id='8' name='foot_ctrl_r' parent='1'>
			<mat>6.12323e-017,1,1.62918e-007,-1.35196,-1,6.12374e-017,-3.0803e-014,-1,-3.0803e-014,-1.62918e-007,1,9.23446,0,0,0,1</mat>
		</joint>
		<joint id='9' name='ball_ctrl_r' parent='8'>
			<mat>-9.04933e-008,0.812328,0.5832,5.05965,-1,-1.04663e-007,-9.38436e-009,-1,5.3416e-008,-0.5832,0.812328,7.60464,0,0,0,1</mat>
		</joint>
		<joint id='10' name='ankle_r' parent='9'>
			<mat>-0.0112921,0.273598,-0.961778,-8.51473,-0.861664,-0.490686,-0.129469,-1.37332,-0.507353,0.827268,0.24129,0.550881,0,0,0,1</mat>
		</joint>
		<joint id='11' name='toe_ctrl_r' parent='8'>
			<mat>1.4132e-007,-0.993884,-0.11043,-0.685089,-1,-9.21496e-009,-1.19678e-006,-1.00001,1.18845e-006,0.11043,-0.993884,-9.1083,0,0,0,1</mat>
		</joint>
		<joint id='12' name='body_ctrl' parent='1'>
			<mat>6.12323e-017,1,1.62918e-007,0,-1,6.12344e-017,-1.23733e-014,0,-1.23733e-014,-1.62918e-007,1,0,0,0,0,1</mat>
		</joint>
		<joint id='13' name='spine_1' parent='12'>
			<mat>7.54987e-008,-0.182612,0.983185,0,-1,-1.36363e-007,5.14626e-008,0,1.24672e-007,-0.983185,-0.182612,0,0,0,0,1</mat>
		</joint>
		<joint id='14' name='spine_2' parent='13'>
			<mat>7.54981e-008,0.149253,0.988799,-1.05947,-1,1.12683e-008,7.46524e-008,-7.99869e-008,-3.70786e-015,-0.988799,0.149253,-0.366989,0,0,0,1</mat>
		</joint>
		<joint id='15' name='spine_3' parent='14'>
			<mat>1.07638e-007,0.411116,0.911583,-1.9773,-1,6.31781e-008,8.95849e-008,-1.93383e-007,-2.07623e-008,-0.911583,0.411116,-0.936666,0,0,0,1</mat>
		</joint>
		<joint id='16' name='neck' parent='15'>
			<mat>1.01042e-007,-0.226499,0.974011,-3.05039,-1,2.65221e-007,1.65413e-007,-6.118e-007,-2.95794e-007,-0.974011,-0.226499,1.1508,0,0,0,1</mat>
		</joint>
		<joint id='17' name='skull' parent='16'>
			<mat>1.00926e-007,-0.132139,0.991231,-4.04637,-1,-1.32256e-007,8.41881e-008,-2.56501e-007,1.19972e-007,-0.991231,-0.132139,0.766653,0,0,0,1</mat>
		</joint>
		<joint id='18' name='pelvis' parent='12'>
			<mat>-3.70202e-014,-8.16389e-017,-1,0,-1,2.25559e-007,3.70202e-014,0,2.25559e-007,1,-8.16472e-017,0,0,0,0,1</mat>
		</joint>
		<joint id='19' name='thigh_r' parent='18'>
			<mat>-0.0372492,-0.00500852,-0.999293,-0.624807,-0.998605,-0.0372491,0.0374103,-0.670302,-0.0374102,0.999293,-0.00361404,-0.19672,0,0,0,1</mat>
		</joint>
		<joint id='20' name='shin_r' parent='19'>
			<mat>-0.0372627,0.273458,-0.961162,-4.68581,-0.999269,-0.0183984,0.0335055,-0.692393,-0.00852152,0.961708,0.273944,1.16585,0,0,0,1</mat>
		</joint>
		<joint id='21' name='foot_r' parent='20'>
			<mat>2.34754e-007,-0.812324,-0.583207,-3.98236,-1,8.58016e-008,-5.22032e-007,-1,4.74099e-007,0.583207,-0.812324,-7.60463,0,0,0,1</mat>
		</joint>
		<joint id='22' name='toes_r' parent='21'>
			<mat>3.67143e-008,-0.993882,-0.110448,-0.685153,-1,1.14787e-007,-1.36534e-006,-1.00001,1.36967e-006,0.110448,-0.993882,-9.10827,0,0,0,1</mat>
		</joint>
		<joint id='23' name='thigh_l' parent='18'>
			<mat>0.0372493,-0.00500861,-0.999293,-0.624807,-0.998605,0.0372491,-0.0374104,0.670302,0.0374102,0.999293,-0.00361412,-0.196721,0,0,0,1</mat>
		</joint>
		<joint id='24' name='shin_l' parent='23'>
			<mat>0.0372628,0.273458,-0.961162,-4.68581,-0.999269,0.0183985,-0.0335056,0.692392,0.00852158,0.961708,0.273944,1.16585,0,0,0,1</mat>
		</joint>
		<joint id='25' name='foot_l' parent='24'>
			<mat>-8.74839e-008,-0.812323,-0.583207,-3.98237,-1,-2.2644e-007,4.65403e-007,1,-5.10119e-007,0.583207,-0.812323,-7.60463,0,0,0,1</mat>
		</joint>
		<joint id='26' name='toes_l' parent='25'>
			<mat>1.80051e-007,-0.993882,-0.110448,-0.685154,-1,-3.30197e-007,1.34114e-006,1.00001,-1.36941e-006,0.110448,-0.993882,-9.10827,0,0,0,1</mat>
		</joint>
		<joint id='27' name='sword_casing' parent='18'>
			<mat>0.277286,0.631596,-0.724015,0.882516,-0.952876,0.277284,-0.123046,1.94441,0.123042,0.724016,0.67872,0.557258,0,0,0,1</mat>
		</joint>
		<joint id='28' name='torso_ctrl' parent='12'>
			<mat>6.12323e-017,1,1.62918e-007,-0.42998,-1,6.12344e-017,-1.23733e-014,3.68163e-008,-1.23733e-014,-1.62918e-007,1,-3.23177,0,0,0,1</mat>
		</joint>
		<joint id='29' name='arm_pole_l' parent='28'>
			<mat>6.12323e-017,1,1.62918e-007,-3.82997,-1,6.12344e-017,-1.23733e-014,4.29998,-1.23733e-014,-1.62918e-007,1,-3.13177,0,0,0,1</mat>
		</joint>
		<joint id='30' name='arm_pole_r' parent='28'>
			<mat>6.12323e-017,1,1.62918e-007,-3.82997,-1,6.12344e-017,-1.23733e-014,-4.29998,-1.23733e-014,-1.62918e-007,1,-3.13177,0,0,0,1</mat>
		</joint>
		<joint id='31' name='hand_ctrl_l' parent='28'>
			<mat>1,-3.57628e-007,-2.38419e-007,-6.79794,3.57628e-007,1,-2.38419e-007,-0.266903,2.38419e-007,2.38419e-007,1,-3.38178,0,0,0,1</mat>
		</joint>
		<joint id='32' name='thumb_l' parent='31'>
			<mat>0.661732,-0.741133,-0.11328,-4.27204,0.691561,0.661732,-0.289575,-3.77892,0.289575,0.113281,0.950428,-5.21869,0,0,0,1</mat>
		</joint>
		<joint id='33' name='hand_ik_l' parent='31'>
			<mat>9.06554e-014,8.15967e-017,1,-3.38177,-1,5.56313e-007,9.06554e-014,6.79794,-5.56313e-007,-1,8.16472e-017,0.266905,0,0,0,1</mat>
		</joint>
		<joint id='34' name='finger_ctrl_l' parent='31'>
			<mat>0.986602,6.92824e-006,-0.163146,-6.15513,-0.0266235,0.986602,-0.16096,0.461987,0.160959,0.163147,0.973383,-4.4295,0,0,0,1</mat>
		</joint>
		<joint id='35' name='finger_ik_l' parent='34'>
			<mat>0.316229,2.44544e-006,0.948683,-5.55068,-0.899999,0.316229,0.3,6.16775,-0.3,-0.948683,0.100003,2.33725,0,0,0,1</mat>
		</joint>
		<joint id='36' name='shield' parent='31'>
			<mat>6.12323e-017,-1,-1.62918e-007,2.17,-0.880394,7.72626e-008,-0.474242,7.93765,0.474242,1.43432e-007,-0.880394,-0.868212,0,0,0,1</mat>
		</joint>
		<joint id='37' name='hand_ctrl_r' parent='28'>
			<mat>-1,-2.06632e-007,-2.38419e-007,-6.79794,2.06632e-007,-1,2.38419e-007,0.266902,-2.38419e-007,2.38419e-007,1,-3.38178,0,0,0,1</mat>
		</joint>
		<joint id='38' name='thumb_r' parent='37'>
			<mat>-0.661732,-0.741133,-0.11328,-4.27204,0.691561,-0.661732,0.289575,3.77892,-0.289575,0.113281,0.950428,-5.21869,0,0,0,1</mat>
		</joint>
		<joint id='39' name='hand_ik_r' parent='37'>
			<mat>-9.0533e-014,8.15967e-017,1,-3.38177,-1,-5.56313e-007,-9.0533e-014,-6.79794,5.56313e-007,-1,8.16471e-017,0.266905,0,0,0,1</mat>
		</joint>
		<joint id='40' name='finger_ctrl_r' parent='37'>
			<mat>-0.986602,7.50517e-006,-0.163146,-6.15514,-0.0266239,-0.986602,0.160959,-0.461988,-0.160959,0.163146,0.973384,-4.42949,0,0,0,1</mat>
		</joint>
		<joint id='41' name='finger_ik_r' parent='40'>
			<mat>-0.316229,2.54544e-006,0.948683,-5.55067,-0.9,-0.316229,-0.3,-6.16775,0.3,-0.948683,0.100003,2.33725,0,0,0,1</mat>
		</joint>
		<joint id='42' name='sword' parent='37'>
			<mat>6.12323e-017,-1,-1.62918e-007,1.14,-0.0473749,1.62735e-007,-0.998877,2.65079,0.998877,7.71822e-009,-0.0473749,7.43393,0,0,0,1</mat>
		</joint>
		<joint id='43' name='upper_arm_l' parent='28'>
			<mat>0.990784,0.109836,-0.079263,-1.58003,-0.115497,0.990785,-0.0707584,-0.104092,0.0707607,0.0792609,0.994339,-3.4841,0,0,0,1</mat>
		</joint>
		<joint id='44' name='lower_arm_l' parent='43'>
			<mat>0.970906,-0.21886,0.0971707,-4.29754,0.206772,0.970906,0.120778,-2.07319,-0.120777,-0.097172,0.987912,-2.49393,0,0,0,1</mat>
		</joint>
		<joint id='45' name='palm_l' parent='44'>
			<mat>1,2.35084e-005,-9.90927e-006,-6.79787,-2.35085e-005,1,-9.76771e-006,-0.266704,9.90904e-006,9.76794e-006,1,-3.38184,0,0,0,1</mat>
		</joint>
		<joint id='46' name='fingers_l' parent='45'>
			<mat>0.970143,7.53364e-006,-0.242535,-6.17201,-0.0588309,0.970142,-0.235294,0.960789,0.235292,0.242537,0.941177,-4.94342,0,0,0,1</mat>
		</joint>
		<joint id='47' name='upper_arm_r' parent='28'>
			<mat>-0.990784,0.109836,-0.079263,-1.58003,-0.115497,-0.990784,0.0707584,0.104092,-0.0707607,0.079261,0.994339,-3.4841,0,0,0,1</mat>
		</joint>
		<joint id='48' name='lower_arm_r' parent='47'>
			<mat>-0.970906,-0.21886,0.0971707,-4.29754,0.206772,-0.970906,-0.120778,2.07319,0.120777,-0.097172,0.987912,-2.49393,0,0,0,1</mat>
		</joint>
		<joint id='49' name='palm_r' parent='48'>
			<mat>-1,2.36594e-005,-9.90927e-006,-6.79787,-2.36595e-005,-1,9.76771e-006,0.266703,-9.90904e-006,9.76795e-006,1,-3.38184,0,0,0,1</mat>
		</joint>
		<joint id='50' name='fingers_r' parent='49'>
			<mat>-0.970143,7.62775e-006,-0.242535,-6.17201,-0.058831,-0.970142,0.235294,-0.96079,-0.235292,0.242537,0.941177,-4.94342,0,0,0,1</mat>
		</joint>
	</skeleton>
	<animations>
		<animation name='Take 001' length='16'>
			<track id = '0' name='Armature'>
			</track>
			<track id = '1' name='global1'>
				<frame num='0'>
					<mat>1.33158e-007,-1,-6.12323e-017,0,1,1.33158e-007,-6.12323e-017,-9.4,6.12323e-017,-6.12323e-017,1,-0.4,0,0,0,1</mat>
				</frame>
				<frame num='1'>
					<mat>1.33158e-007,-1,-6.12323e-017,0,1,1.33158e-007,-6.12323e-017,-9.4,6.12323e-017,-6.12323e-017,1,-0.4,0,0,0,1</mat>
				</frame>
				<frame num='2'>
					<mat>1.33158e-007,-1,-6.12323e-017,0,1,1.33158e-007,-6.12323e-017,-9.4,6.12323e-017,-6.12323e-017,1,-0.4,0,0,0,1</mat>
				</frame>
				<frame num='3'>
					<mat>1.33158e-007,-1,-6.12323e-017,0,1,1.33158e-007,-6.12323e-017,-9.4,6.12323e-017,-6.12323e-017,1,-0.4,0,0,0,1</mat>
				</frame>
				<frame num='4'>
					<mat>1.33158e-007,-1,-6.12323e-017,0,1,1.33158e-007,-6.12323e-017,-9.4,6.12323e-017,-6.12323e-017,1,-0.4,0,0,0,1</mat>
				</frame>
				<frame num='5'>
					<mat>1.33158e-007,-1,-6.12323e-017,0,1,1.33158e-007,-6.12323e-017,-9.4,6.12323e-017,-6.12323e-017,1,-0.4,0,0,0,1</mat>
				</frame>
				<frame num='6'>
					<mat>1.33158e-007,-1,-6.12323e-017,0,1,1.33158e-007,-6.12323e-017,-9.4,6.12323e-017,-6.12323e-017,1,-0.4,0,0,0,1</mat>
				</frame>
				<frame num='7'>
					<mat>1.33158e-007,-1,-6.12323e-017,0,1,1.33158e-007,-6.12323e-017,-9.4,6.12323e-017,-6.12323e-017,1,-0.4,0,0,0,1</mat>
				</frame>
				<frame num='8'>
					<mat>1.33158e-007,-1,-6.12323e-017,0,1,1.33158e-007,-6.12323e-017,-9.4,6.12323e-017,-6.12323e-017,1,-0.4,0,0,0,1</mat>
				</frame>
				<frame num='9'>
					<mat>1.33158e-007,-1,-6.12323e-017,0,1,1.33158e-007,-6.12323e-017,-9.4,6.12323e-017,-6.12323e-017,1,-0.4,0,0,0,1</mat>
				</frame>
				<frame num='10'>
					<mat>1.33158e-007,-1,-6.12323e-017,0,1,1.33158e-007,-6.12323e-017,-9.4,6.12323e-017,-6.12323e-017,1,-0.4,0,0,0,1</mat>
				</frame>
				<frame num='11'>
					<mat>1.33158e-007,-1,-6.12323e-017,0,1,1.33158e-007,-6.12323e-017,-9.4,6.12323e-017,-6.12323e-017,1,-0.4,0,0,0,1</mat>
				</frame>
				<frame num='12'>
					<mat>1.33158e-007,-1,-6.12323e-017,0,1,1.33158e-007,-6.12323e-017,-9.4,6.12323e-017,-6.12323e-017,1,-0.4,0,0,0,1</mat>
				</frame>
				<frame num='13'>
					<mat>1.33158e-007,-1,-6.12323e-017,0,1,1.33158e-007,-6.12323e-017,-9.4,6.12323e-017,-6.12323e-017,1,-0.4,0,0,0,1</mat>
				</frame>
				<frame num='14'>
					<mat>1.33158e-007,-1,-6.12323e-017,0,1,1.33158e-007,-6.12323e-017,-9.4,6.12323e-017,-6.12323e-017,1,-0.4,0,0,0,1</mat>
				</frame>
				<frame num='15'>
					<mat>1.33158e-007,-1,-6.12323e-017,0,1,1.33158e-007,-6.12323e-017,-9.4,6.12323e-017,-6.12323e-017,1,-0.4,0,0,0,1</mat>
				</frame>
			</track>
			<track id = '2' name='knee_pole_l'>
				<frame num='0'>
					<mat>1.76698e-014,1,3.99474e-007,3.1196,1.33158e-007,-3.99474e-007,1,-5.08666,1,3.55234e-014,-1.33158e-007,4.12574,0,0,0,1</mat>
				</frame>
				<frame num='1'>
					<mat>1.76698e-014,1,3.99474e-007,2.93088,1.33158e-007,-3.99474e-007,1,-5.10777,1,3.55234e-014,-1.33158e-007,4.14889,0,0,0,1</mat>
				</frame>
				<frame num='2'>
					<mat>1.76698e-014,1,3.99474e-007,2.60081,1.33158e-007,-3.99474e-007,1,-4.96559,1,3.55234e-014,-1.33158e-007,4.05071,0,0,0,1</mat>
				</frame>
				<frame num='3'>
					<mat>1.76698e-014,1,3.99474e-007,2.23131,1.33158e-007,-3.99474e-007,1,-4.8,1,3.55234e-014,-1.33158e-007,3.9526,0,0,0,1</mat>
				</frame>
				<frame num='4'>
					<mat>1.76698e-014,1,3.99474e-007,1.98624,1.33158e-007,-3.99474e-007,1,-4.77266,1,3.55234e-014,-1.33158e-007,3.98279,0,0,0,1</mat>
				</frame>
				<frame num='5'>
					<mat>1.76698e-014,1,3.99474e-007,1.71916,1.33158e-007,-3.99474e-007,1,-4.76877,1,3.55234e-014,-1.33158e-007,4.15654,0,0,0,1</mat>
				</frame>
				<frame num='6'>
					<mat>1.76698e-014,1,3.99474e-007,1.18458,1.33158e-007,-3.99474e-007,1,-4.78439,1,3.55234e-014,-1.33158e-007,4.62735,0,0,0,1</mat>
				</frame>
				<frame num='7'>
					<mat>1.76698e-014,1,3.99474e-007,0.856558,1.33158e-007,-3.99474e-007,1,-4.8,1,3.55234e-014,-1.33158e-007,4.9526,0,0,0,1</mat>
				</frame>
				<frame num='8'>
					<mat>1.76698e-014,1,3.99474e-007,0.971428,1.33158e-007,-3.99474e-007,1,-4.8,1,3.55234e-014,-1.33158e-007,4.9526,0,0,0,1</mat>
				</frame>
				<frame num='9'>
					<mat>1.76698e-014,1,3.99474e-007,1.23131,1.33158e-007,-3.99474e-007,1,-4.8,1,3.55234e-014,-1.33158e-007,4.9526,0,0,0,1</mat>
				</frame>
				<frame num='10'>
					<mat>1.76698e-014,1,3.99474e-007,1.52683,1.33158e-007,-3.99474e-007,1,-4.8,1,3.55234e-014,-1.33158e-007,4.9526,0,0,0,1</mat>
				</frame>
				<frame num='11'>
					<mat>1.76698e-014,1,3.99474e-007,1.85656,1.33158e-007,-3.99474e-007,1,-4.8,1,3.55234e-014,-1.33158e-007,4.9526,0,0,0,1</mat>
				</frame>
				<frame num='12'>
					<mat>1.76698e-014,1,3.99474e-007,2.15836,1.33158e-007,-3.99474e-007,1,-4.81847,1,3.55234e-014,-1.33158e-007,4.97189,0,0,0,1</mat>
				</frame>
				<frame num='13'>
					<mat>1.76698e-014,1,3.99474e-007,2.4708,1.33158e-007,-3.99474e-007,1,-4.87578,1,3.55234e-014,-1.33158e-007,4.99159,0,0,0,1</mat>
				</frame>
				<frame num='14'>
					<mat>1.76698e-014,1,3.99474e-007,2.91245,1.33158e-007,-3.99474e-007,1,-4.99,1,3.55234e-014,-1.33158e-007,4.56037,0,0,0,1</mat>
				</frame>
				<frame num='15'>
					<mat>1.76698e-014,1,3.99474e-007,3.17277,1.33158e-007,-3.99474e-007,1,-5.0656,1,3.55234e-014,-1.33158e-007,4.10261,0,0,0,1</mat>
				</frame>
			</track>
			<track id = '3' name='knee_pole_r'>
				<frame num='0'>
					<mat>1.76698e-014,1,3.99474e-007,-0.972075,1.33158e-007,-3.99474e-007,1,-4.8,1,3.55234e-014,-1.33158e-007,4.9526,0,0,0,1</mat>
				</frame>
				<frame num='1'>
					<mat>1.76698e-014,1,3.99474e-007,-1.23131,1.33158e-007,-3.99474e-007,1,-4.8,1,3.55234e-014,-1.33158e-007,4.9526,0,0,0,1</mat>
				</frame>
				<frame num='2'>
					<mat>1.76698e-014,1,3.99474e-007,-1.50084,1.33158e-007,-3.99474e-007,1,-4.8,1,3.55234e-014,-1.33158e-007,4.9526,0,0,0,1</mat>
				</frame>
				<frame num='3'>
					<mat>1.76698e-014,1,3.99474e-007,-1.85656,1.33158e-007,-3.99474e-007,1,-4.8,1,3.55234e-014,-1.33158e-007,4.9526,0,0,0,1</mat>
				</frame>
				<frame num='4'>
					<mat>1.76698e-014,1,3.99474e-007,-2.3309,1.33158e-007,-3.99474e-007,1,-4.8,1,3.55234e-014,-1.33158e-007,4.9526,0,0,0,1</mat>
				</frame>
				<frame num='5'>
					<mat>1.76698e-014,1,3.99474e-007,-2.85656,1.33158e-007,-3.99474e-007,1,-4.8,1,3.55234e-014,-1.33158e-007,4.9526,0,0,0,1</mat>
				</frame>
				<frame num='6'>
					<mat>1.76698e-014,1,3.99474e-007,-3.50181,1.33158e-007,-3.99474e-007,1,-4.8,1,3.55234e-014,-1.33158e-007,4.4526,0,0,0,1</mat>
				</frame>
				<frame num='7'>
					<mat>1.76698e-014,1,3.99474e-007,-3.85656,1.33158e-007,-3.99474e-007,1,-4.8,1,3.55234e-014,-1.33158e-007,3.9526,0,0,0,1</mat>
				</frame>
				<frame num='8'>
					<mat>1.76698e-014,1,3.99474e-007,-3.85656,1.33158e-007,-3.99474e-007,1,-4.8,1,3.55234e-014,-1.33158e-007,3.9526,0,0,0,1</mat>
				</frame>
				<frame num='9'>
					<mat>1.76698e-014,1,3.99474e-007,-3.85656,1.33158e-007,-3.99474e-007,1,-4.8,1,3.55234e-014,-1.33158e-007,3.9526,0,0,0,1</mat>
				</frame>
				<frame num='10'>
					<mat>1.76698e-014,1,3.99474e-007,-3.19641,1.33158e-007,-3.99474e-007,1,-4.8,1,3.55234e-014,-1.33158e-007,3.9526,0,0,0,1</mat>
				</frame>
				<frame num='11'>
					<mat>1.76698e-014,1,3.99474e-007,-2.23131,1.33158e-007,-3.99474e-007,1,-4.8,1,3.55234e-014,-1.33158e-007,3.9526,0,0,0,1</mat>
				</frame>
				<frame num='12'>
					<mat>1.76698e-014,1,3.99474e-007,-1.92951,1.33158e-007,-3.99474e-007,1,-4.78439,1,3.55234e-014,-1.33158e-007,3.98282,0,0,0,1</mat>
				</frame>
				<frame num='13'>
					<mat>1.76698e-014,1,3.99474e-007,-1.71916,1.33158e-007,-3.99474e-007,1,-4.76877,1,3.55234e-014,-1.33158e-007,4.15654,0,0,0,1</mat>
				</frame>
				<frame num='14'>
					<mat>1.76698e-014,1,3.99474e-007,-1.19734,1.33158e-007,-3.99474e-007,1,-4.78439,1,3.55234e-014,-1.33158e-007,4.61888,0,0,0,1</mat>
				</frame>
				<frame num='15'>
					<mat>1.76698e-014,1,3.99474e-007,-0.856557,1.33158e-007,-3.99474e-007,1,-4.8,1,3.55234e-014,-1.33158e-007,4.9526,0,0,0,1</mat>
				</frame>
			</track>
			<track id = '4' name='foot_ctrl_l'>
				<frame num='0'>
					<mat>-0.380318,-0.924856,7.31217e-008,0.736124,-2.53212e-007,1.83188e-007,1,-9.23446,-0.924856,0.380318,-3.03854e-007,-3.11515,0,0,0,1</mat>
				</frame>
				<frame num='1'>
					<mat>-0.567532,-0.823351,-7.05667e-008,0.548237,-2.26715e-007,7.05667e-008,1,-9.23446,-0.823351,0.567532,-2.26715e-007,-3.60621,0,0,0,1</mat>
				</frame>
				<frame num='2'>
					<mat>-0.433148,-0.901318,0.00295393,0.987997,0.0893936,-0.0396984,0.995205,-8.37299,-0.896879,0.431335,0.0977674,-2.97287,0,0,0,1</mat>
				</frame>
				<frame num='3'>
					<mat>-0.241679,-0.970012,-0.0258371,1.45438,0.182888,-0.0716837,0.980517,-7.548,-0.952965,0.232245,0.194728,-1.73237,0,0,0,1</mat>
				</frame>
				<frame num='4'>
					<mat>-0.185122,-0.980681,-0.0631992,1.48024,0.0738395,-0.0780099,0.994214,-7.75419,-0.979938,0.179384,0.0868543,-0.648557,0,0,0,1</mat>
				</frame>
				<frame num='5'>
					<mat>-0.173175,-0.981386,-0.0830171,1.48383,-0.0364972,-0.0778382,0.996298,-8.19863,-0.984215,0.175564,-0.0223383,0.473982,0,0,0,1</mat>
				</frame>
				<frame num='6'>
					<mat>-0.18326,-0.982184,-0.0415979,1.47995,-0.0184408,-0.0388725,0.999074,-8.83983,-0.982891,0.183857,-0.0109885,1.94418,0,0,0,1</mat>
				</frame>
				<frame num='7'>
					<mat>-0.192575,-0.981282,-2.74165e-008,1.45277,-2.82072e-007,2.74165e-008,1,-9.23446,-0.981282,0.192575,-2.82072e-007,2.72529,0,0,0,1</mat>
				</frame>
				<frame num='8'>
					<mat>-0.191947,-0.981405,-2.72365e-008,1.40158,-2.81153e-007,2.72365e-008,1,-9.23446,-0.981405,0.191947,-2.81153e-007,2.53969,0,0,0,1</mat>
				</frame>
				<frame num='9'>
					<mat>-0.190103,-0.981764,-2.67106e-008,1.32871,-2.78451e-007,2.67106e-008,1,-9.23446,-0.981764,0.190103,-2.78451e-007,2.01333,0,0,0,1</mat>
				</frame>
				<frame num='10'>
					<mat>-0.187205,-0.982321,-2.58954e-008,1.23909,-2.74207e-007,2.58954e-008,1,-9.23446,-0.982321,0.187205,-2.74207e-007,1.21379,0,0,0,1</mat>
				</frame>
				<frame num='11'>
					<mat>-0.183679,-0.982986,-2.49205e-008,1.14274,-2.69041e-007,2.49205e-008,1,-9.23446,-0.982986,0.183679,-2.69041e-007,0.240288,0,0,0,1</mat>
				</frame>
				<frame num='12'>
					<mat>-0.180151,-0.983639,1.07015e-007,1.05321,-2.63875e-007,1.57123e-007,1,-9.23446,-0.983639,0.180151,-2.87863e-007,-0.777784,0,0,0,1</mat>
				</frame>
				<frame num='13'>
					<mat>-0.177255,-0.984165,-2.53028e-008,0.983026,-2.83235e-007,2.53028e-008,1,-9.23446,-0.984165,0.177255,-2.83235e-007,-1.68966,0,0,0,1</mat>
				</frame>
				<frame num='14'>
					<mat>-0.175415,-0.984495,-2.47761e-008,0.939782,-2.80295e-007,2.47761e-008,1,-9.23446,-0.984495,0.175415,-2.80295e-007,-2.33895,0,0,0,1</mat>
				</frame>
				<frame num='15'>
					<mat>-0.174799,-0.984604,-2.46009e-008,0.925576,-2.7931e-007,2.46009e-008,1,-9.23446,-0.984604,0.174799,-2.7931e-007,-2.58265,0,0,0,1</mat>
				</frame>
			</track>
			<track id = '5' name='ball_ctrl_l'>
				<frame num='0'>
					<mat>-0.216079,-0.93066,0.295264,1.12672,0.921168,-0.0940686,0.377624,-9.12825,-0.323664,0.353585,0.877621,-2.1653,0,0,0,1</mat>
				</frame>
				<frame num='1'>
					<mat>-0.0673899,-0.823351,0.563517,1.13111,0.992925,2.26524e-007,0.118742,-9.12825,-0.0977667,0.567532,0.817526,-2.76061,0,0,0,1</mat>
				</frame>
				<frame num='2'>
					<mat>-0.0484997,-0.901318,0.430434,1.43317,0.998779,-0.0396983,0.0294115,-8.35911,-0.00942167,0.431335,0.902143,-2.04136,0,0,0,1</mat>
				</frame>
				<frame num='3'>
					<mat>-0.0543517,-0.970012,0.236902,1.69985,0.995296,-0.0716835,-0.0651655,-7.63169,0.0801933,0.232245,0.969346,-0.732967,0,0,0,1</mat>
				</frame>
				<frame num='4'>
					<mat>-0.14857,-0.980681,0.127244,1.66366,0.893567,-0.0780098,0.442099,-7.72443,-0.423632,0.179384,0.887895,0.36709,0,0,0,1</mat>
				</frame>
				<frame num='5'>
					<mat>-0.18909,-0.981386,0.0335587,1.65287,0.551394,-0.0778381,0.830606,-8.05533,-0.812533,0.175564,0.555848,1.48242,0,0,0,1</mat>
				</frame>
				<frame num='6'>
					<mat>-0.173127,-0.982184,0.0730861,1.66375,0.56768,-0.0388724,0.822331,-8.71479,-0.804839,0.183857,0.564296,2.95247,0,0,0,1</mat>
				</frame>
				<frame num='7'>
					<mat>-0.156434,-0.981282,0.11231,1.65055,0.5832,1.25035e-007,0.812328,-9.12825,-0.797123,0.192575,0.572284,3.7331,0,0,0,1</mat>
				</frame>
				<frame num='8'>
					<mat>-0.155924,-0.981405,0.111944,1.59871,0.5832,1.24812e-007,0.812328,-9.12825,-0.797223,0.191947,0.572356,3.54762,0,0,0,1</mat>
				</frame>
				<frame num='9'>
					<mat>-0.154426,-0.981764,0.110868,1.52395,0.5832,1.24243e-007,0.812328,-9.12825,-0.797515,0.190102,0.572565,3.02163,0,0,0,1</mat>
				</frame>
				<frame num='10'>
					<mat>-0.152072,-0.982321,0.109178,1.43135,0.5832,1.23384e-007,0.812328,-9.12825,-0.797967,0.187205,0.57289,2.22266,0,0,0,1</mat>
				</frame>
				<frame num='11'>
					<mat>-0.149207,-0.982986,0.107121,1.33138,0.5832,1.22366e-007,0.812328,-9.12825,-0.798508,0.183678,0.573278,1.24984,0,0,0,1</mat>
				</frame>
				<frame num='12'>
					<mat>-0.139145,-0.983708,0.113833,1.23823,0.682918,-0.0120786,0.730395,-9.12825,-0.71712,0.179369,0.673472,0.232439,0,0,0,1</mat>
				</frame>
				<frame num='13'>
					<mat>-0.14691,-0.984053,0.100284,1.16507,0.777023,-0.0520737,0.627315,-9.12825,-0.612089,0.170082,0.772282,-0.678892,0,0,0,1</mat>
				</frame>
				<frame num='14'>
					<mat>-0.202046,-0.978556,0.0400784,1.11994,0.779448,-0.135888,0.611551,-9.12825,-0.59299,0.1548,0.790189,-1.32785,0,0,0,1</mat>
				</frame>
				<frame num='15'>
					<mat>-0.239669,-0.970855,9.57406e-005,1.1051,0.774354,-0.191101,0.603204,-9.12825,-0.585606,0.144644,0.797586,-1.57143,0,0,0,1</mat>
				</frame>
			</track>
			<track id = '6' name='ankle_l'>
				<frame num='0'>
					<mat>-0.194111,-0.957803,0.211979,0.89395,-0.666183,0.287325,0.688218,-8.13592,-0.720084,-0.00762612,-0.693845,-2.51397,0,0,0,1</mat>
				</frame>
				<frame num='1'>
					<mat>-0.498061,-0.843397,0.201537,1.05851,-0.44798,0.449258,0.772969,-8.05862,-0.742462,0.294701,-0.601583,-2.86593,0,0,0,1</mat>
				</frame>
				<frame num='2'>
					<mat>-0.378367,-0.877535,0.294569,1.38092,-0.365468,0.433995,0.823457,-7.28318,-0.850453,0.203914,-0.48492,-2.05151,0,0,0,1</mat>
				</frame>
				<frame num='3'>
					<mat>-0.193526,-0.904472,0.380103,1.6413,-0.274945,0.421902,0.863947,-6.55951,-0.941781,0.062689,-0.330329,-0.646579,0,0,0,1</mat>
				</frame>
				<frame num='4'>
					<mat>-0.058328,-0.938486,0.340354,1.50361,-0.717678,0.276407,0.639169,-6.76184,-0.693928,-0.206983,-0.689654,-0.0892669,0,0,0,1</mat>
				</frame>
				<frame num='5'>
					<mat>0.0435458,-0.941348,0.334616,1.44917,-0.967324,0.0440105,0.249696,-7.46135,-0.249777,-0.334555,-0.908672,0.607125,0,0,0,1</mat>
				</frame>
				<frame num='6'>
					<mat>0.000959598,-0.941621,0.336672,1.47725,-0.965494,0.0868054,0.245534,-8.10325,-0.260425,-0.32529,-0.909046,2.08546,0,0,0,1</mat>
				</frame>
				<frame num='7'>
					<mat>-0.041607,-0.940029,0.338546,1.48204,-0.961778,0.129469,0.24129,-8.5,-0.270651,-0.315567,-0.909486,2.8744,0,0,0,1</mat>
				</frame>
				<frame num='8'>
					<mat>-0.041434,-0.939828,0.339127,1.43074,-0.961778,0.129469,0.24129,-8.5,-0.270678,-0.316167,-0.90927,2.68881,0,0,0,1</mat>
				</frame>
				<frame num='9'>
					<mat>-0.0409252,-0.939232,0.340836,1.3576,-0.961778,0.129469,0.24129,-8.5,-0.270755,-0.317933,-0.908631,2.16251,0,0,0,1</mat>
				</frame>
				<frame num='10'>
					<mat>-0.0401262,-0.93829,0.343515,1.26753,-0.961778,0.129469,0.24129,-8.5,-0.270875,-0.320703,-0.907621,1.36305,0,0,0,1</mat>
				</frame>
				<frame num='11'>
					<mat>-0.0391538,-0.937133,0.34677,1.17065,-0.961778,0.129469,0.24129,-8.5,-0.271017,-0.324068,-0.906383,0.38965,0,0,0,1</mat>
				</frame>
				<frame num='12'>
					<mat>-0.0488676,-0.934198,0.353391,1.08833,-0.918325,0.181167,0.351933,-8.39258,-0.392798,-0.30733,-0.866751,-0.540077,0,0,0,1</mat>
				</frame>
				<frame num='13'>
					<mat>-0.0334863,-0.935725,0.351136,1.00681,-0.852761,0.209978,0.478234,-8.29121,-0.521227,-0.283421,-0.804981,-1.33826,0,0,0,1</mat>
				</frame>
				<frame num='14'>
					<mat>0.0417673,-0.946231,0.320783,0.902285,-0.837805,0.141761,0.527245,-8.28859,-0.54437,-0.290775,-0.786836,-1.96665,0,0,0,1</mat>
				</frame>
				<frame num='15'>
					<mat>0.0920392,-0.950196,0.297751,0.846916,-0.827603,0.0932816,0.553508,-8.29408,-0.553716,-0.297364,-0.7778,-2.20228,0,0,0,1</mat>
				</frame>
			</track>
			<track id = '7' name='toe_ctrl_l'>
				<frame num='0'>
					<mat>0.377992,-0.924856,-0.042,1.12672,-0.110431,1.36331e-006,-0.993884,-9.12825,0.919199,0.380318,-0.102132,-2.1653,0,0,0,1</mat>
				</frame>
				<frame num='1'>
					<mat>0.564061,-0.823351,-0.062674,1.13111,-0.110431,1.25068e-006,-0.993884,-9.12825,0.818315,0.567533,-0.0909224,-2.76061,0,0,0,1</mat>
				</frame>
				<frame num='2'>
					<mat>0.430173,-0.901318,-0.0507698,1.43317,-0.198748,-0.0396973,-0.979246,-8.35911,0.880597,0.431335,-0.196212,-2.04136,0,0,0,1</mat>
				</frame>
				<frame num='3'>
					<mat>0.243055,-0.970012,-0.00101089,1.69985,-0.290049,-0.0716826,-0.954324,-7.63169,0.925633,0.232246,-0.298774,-0.732967,0,0,0,1</mat>
				</frame>
				<frame num='4'>
					<mat>0.190969,-0.980681,0.0423683,1.66366,-0.18318,-0.0780087,-0.97998,-7.72443,0.964353,0.179384,-0.194538,0.36709,0,0,0,1</mat>
				</frame>
				<frame num='5'>
					<mat>0.181284,-0.981386,0.0633843,1.65287,-0.0737479,-0.077837,-0.994235,-8.05533,0.980662,0.175564,-0.0864857,1.48242,0,0,0,1</mat>
				</frame>
				<frame num='6'>
					<mat>0.186733,-0.982184,0.0211048,1.66375,-0.0920005,-0.0388713,-0.995,-8.71479,0.978093,0.183858,-0.09762,2.95247,0,0,0,1</mat>
				</frame>
				<frame num='7'>
					<mat>0.191397,-0.981282,-0.0212673,1.65055,-0.110431,1.20753e-006,-0.993884,-9.12825,0.975281,0.192575,-0.108363,3.7331,0,0,0,1</mat>
				</frame>
				<frame num='8'>
					<mat>0.190773,-0.981405,-0.021198,1.59871,-0.110431,1.20735e-006,-0.993884,-9.12825,0.975403,0.191948,-0.108377,3.54762,0,0,0,1</mat>
				</frame>
				<frame num='9'>
					<mat>0.18894,-0.981764,-0.0209943,1.52395,-0.110431,1.20683e-006,-0.993884,-9.12825,0.97576,0.190103,-0.108416,3.02163,0,0,0,1</mat>
				</frame>
				<frame num='10'>
					<mat>0.186061,-0.982321,-0.0206744,1.43135,-0.110431,1.20601e-006,-0.993884,-9.12825,0.976313,0.187206,-0.108478,2.22266,0,0,0,1</mat>
				</frame>
				<frame num='11'>
					<mat>0.182555,-0.982986,-0.0202849,1.33138,-0.110431,1.20504e-006,-0.993884,-9.12825,0.976974,0.183679,-0.108551,1.24984,0,0,0,1</mat>
				</frame>
				<frame num='12'>
					<mat>0.17905,-0.983639,-0.0198955,1.23823,-0.110431,1.33724e-006,-0.993884,-9.12825,0.977623,0.180152,-0.108624,0.232439,0,0,0,1</mat>
				</frame>
				<frame num='13'>
					<mat>0.176171,-0.984165,-0.0195756,1.16507,-0.110431,1.20542e-006,-0.993884,-9.12825,0.978146,0.177255,-0.108682,-0.678892,0,0,0,1</mat>
				</frame>
				<frame num='14'>
					<mat>0.174342,-0.984495,-0.0193724,1.11994,-0.110431,1.20489e-006,-0.993884,-9.12825,0.978473,0.175415,-0.108718,-1.32785,0,0,0,1</mat>
				</frame>
				<frame num='15'>
					<mat>0.173729,-0.984604,-0.0193043,1.1051,-0.110431,1.20472e-006,-0.993884,-9.12825,0.978582,0.174799,-0.10873,-1.57143,0,0,0,1</mat>
				</frame>
			</track>
			<track id = '8' name='foot_ctrl_r'>
				<frame num='0'>
					<mat>0.191959,-0.981403,2.72399e-008,-1.43442,-2.8117e-007,-2.72399e-008,1,-9.23446,-0.981403,-0.191959,-2.8117e-007,2.55584,0,0,0,1</mat>
				</frame>
				<frame num='1'>
					<mat>0.190122,-0.981761,2.6716e-008,-1.3797,-2.78478e-007,-2.6716e-008,1,-9.23446,-0.981761,-0.190122,-2.78478e-007,2.10098,0,0,0,1</mat>
				</frame>
				<frame num='2'>
					<mat>0.187228,-0.982317,1.5906e-007,-1.29368,-2.9917e-007,1.04902e-007,1,-9.23446,-0.982317,-0.187228,-2.7424e-007,1.43705,0,0,0,1</mat>
				</frame>
				<frame num='3'>
					<mat>0.1837,-0.982982,1.58084e-007,-1.18901,-2.93533e-007,1.05966e-007,1,-9.23446,-0.982982,-0.1837,-2.69072e-007,0.636119,0,0,0,1</mat>
				</frame>
				<frame num='4'>
					<mat>0.180168,-0.983636,2.61481e-008,-1.0844,-2.87889e-007,-2.61481e-008,1,-9.23446,-0.983636,-0.180168,-2.87889e-007,-0.232791,0,0,0,1</mat>
				</frame>
				<frame num='5'>
					<mat>0.177264,-0.984163,2.53055e-008,-0.9985,-2.8325e-007,-2.53055e-008,1,-9.23446,-0.984163,-0.177264,-2.8325e-007,-1.10273,0,0,0,1</mat>
				</frame>
				<frame num='6'>
					<mat>0.175418,-0.984494,2.47769e-008,-0.94389,-2.803e-007,-2.47769e-008,1,-9.23446,-0.984494,-0.175418,-2.803e-007,-1.90787,0,0,0,1</mat>
				</frame>
				<frame num='7'>
					<mat>0.174799,-0.984604,1.57759e-007,-0.925576,-3.02586e-007,1.06507e-007,1,-9.23446,-0.984604,-0.174799,-2.7931e-007,-2.58265,0,0,0,1</mat>
				</frame>
				<frame num='8'>
					<mat>0.379942,-0.92501,5.99128e-008,-1.00315,-3.03554e-007,-5.99128e-008,1,-9.23446,-0.92501,-0.379942,-3.03554e-007,-3.26444,0,0,0,1</mat>
				</frame>
				<frame num='9'>
					<mat>0.567532,-0.823351,2.03725e-007,-1.22558,-3.02286e-007,3.90691e-008,1,-9.23446,-0.823351,-0.567532,-2.26715e-007,-3.60621,0,0,0,1</mat>
				</frame>
				<frame num='10'>
					<mat>0.43555,-0.900154,-0.00431435,-1.64873,0.0894624,0.0385173,0.995245,-8.37299,-0.895708,-0.433865,0.0973062,-2.97287,0,0,0,1</mat>
				</frame>
				<frame num='11'>
					<mat>0.24168,-0.970012,0.0258373,-1.92558,0.182888,0.0716838,0.980517,-7.548,-0.952965,-0.232246,0.194728,-1.73237,0,0,0,1</mat>
				</frame>
				<frame num='12'>
					<mat>0.181431,-0.981344,0.0636218,-1.92558,0.179869,0.0967191,0.978924,-7.75419,-0.966814,-0.166164,0.194061,-0.648557,0,0,0,1</mat>
				</frame>
				<frame num='13'>
					<mat>0.173175,-0.981386,0.0830171,-1.92558,0.161735,0.111483,0.980517,-8.19863,-0.971521,-0.156375,0.17803,0.473982,0,0,0,1</mat>
				</frame>
				<frame num='14'>
					<mat>0.180975,-0.9826,0.0417834,-1.69141,0.0735038,0.0558796,0.995728,-8.82359,-0.980737,-0.177131,0.0823376,1.81613,0,0,0,1</mat>
				</frame>
				<frame num='15'>
					<mat>0.192575,-0.981282,2.74166e-008,-1.45277,-2.82072e-007,-2.74166e-008,1,-9.23446,-0.981282,-0.192575,-2.82072e-007,2.72529,0,0,0,1</mat>
				</frame>
			</track>
			<track id = '9' name='ball_ctrl_r'>
				<frame num='0'>
					<mat>0.155934,-0.981403,-0.111951,-1.63156,0.5832,-3.66249e-008,0.812328,-9.12825,-0.797222,-0.191959,0.572354,3.56376,0,0,0,1</mat>
				</frame>
				<frame num='1'>
					<mat>0.154441,-0.981761,-0.110879,-1.57496,0.5832,-3.61011e-008,0.812328,-9.12825,-0.797512,-0.190121,0.572563,3.10928,0,0,0,1</mat>
				</frame>
				<frame num='2'>
					<mat>0.15209,-0.982317,-0.109191,-1.48596,0.5832,9.55167e-008,0.812328,-9.12825,-0.797964,-0.187227,0.572887,2.44591,0,0,0,1</mat>
				</frame>
				<frame num='3'>
					<mat>0.149225,-0.982982,-0.107134,-1.37768,0.5832,9.65806e-008,0.812328,-9.12825,-0.798505,-0.1837,0.573276,1.64567,0,0,0,1</mat>
				</frame>
				<frame num='4'>
					<mat>0.139157,-0.983705,-0.113844,-1.26944,0.682918,0.0120788,0.730395,-9.12825,-0.717118,-0.179386,0.67347,0.777429,0,0,0,1</mat>
				</frame>
				<frame num='5'>
					<mat>0.146916,-0.984052,-0.100291,-1.18056,0.777023,0.0520739,0.627315,-9.12825,-0.612088,-0.170091,0.772281,-0.0919653,0,0,0,1</mat>
				</frame>
				<frame num='6'>
					<mat>0.202393,-0.978513,-0.0393639,-1.12405,0.776013,0.13573,0.615939,-9.12825,-0.597361,-0.155209,0.78681,-0.896767,0,0,0,1</mat>
				</frame>
				<frame num='7'>
					<mat>0.23967,-0.970855,-9.56274e-005,-1.1051,0.774354,0.191101,0.603205,-9.12825,-0.585606,-0.144644,0.797587,-1.57143,0,0,0,1</mat>
				</frame>
				<frame num='8'>
					<mat>0.214371,-0.930903,-0.295744,-1.39336,0.923131,0.0941509,0.37278,-9.12825,-0.319178,-0.352924,0.879529,-2.31443,0,0,0,1</mat>
				</frame>
				<frame num='9'>
					<mat>0.06739,-0.823351,-0.563517,-1.80845,0.992925,3.30391e-008,0.118742,-9.12825,-0.0977665,-0.567532,0.817526,-2.76061,0,0,0,1</mat>
				</frame>
				<frame num='10'>
					<mat>0.0474342,-0.900154,-0.432981,-2.0965,0.998827,0.0385173,0.0293477,-8.35918,-0.00974023,-0.433865,0.900925,-2.04262,0,0,0,1</mat>
				</frame>
				<frame num='11'>
					<mat>0.0543519,-0.970012,-0.236902,-2.17104,0.995296,0.0716838,-0.0651658,-7.63169,0.0801936,-0.232245,0.969346,-0.732967,0,0,0,1</mat>
				</frame>
				<frame num='12'>
					<mat>0.147057,-0.981344,-0.123851,-2.10515,0.934331,0.0967191,0.343032,-7.83495,-0.324653,-0.166163,0.931123,0.364997,0,0,0,1</mat>
				</frame>
				<frame num='13'>
					<mat>0.189091,-0.981386,-0.0335587,-2.09461,0.70322,0.111483,0.702178,-8.2606,-0.685366,-0.156374,0.71121,1.49067,0,0,0,1</mat>
				</frame>
				<frame num='14'>
					<mat>0.171379,-0.9826,-0.071603,-1.87284,0.640418,0.0558796,0.765991,-8.79333,-0.748661,-0.177131,0.638852,2.83211,0,0,0,1</mat>
				</frame>
				<frame num='15'>
					<mat>0.156434,-0.981282,-0.11231,-1.65055,0.5832,-3.68016e-008,0.812328,-9.12825,-0.797123,-0.192575,0.572284,3.7331,0,0,0,1</mat>
				</frame>
			</track>
			<track id = '10' name='ankle_r'>
				<frame num='0'>
					<mat>0.0414373,-0.939831,-0.339117,-1.46358,-0.961778,-0.129469,0.24129,-8.5,-0.270677,0.316156,-0.909274,2.70496,0,0,0,1</mat>
				</frame>
				<frame num='1'>
					<mat>0.0409305,-0.939238,-0.340818,-1.40858,-0.961778,-0.129469,0.24129,-8.5,-0.270754,0.317915,-0.908637,2.25016,0,0,0,1</mat>
				</frame>
				<frame num='2'>
					<mat>0.0401323,-0.938297,-0.343494,-1.32213,-0.961778,-0.129469,0.24129,-8.5,-0.270874,0.320682,-0.907629,1.58631,0,0,0,1</mat>
				</frame>
				<frame num='3'>
					<mat>0.0391596,-0.93714,-0.34675,-1.21693,-0.961778,-0.129469,0.24129,-8.5,-0.271016,0.324048,-0.90639,0.785482,0,0,0,1</mat>
				</frame>
				<frame num='4'>
					<mat>0.0488741,-0.934204,-0.353377,-1.11953,-0.918325,-0.181167,0.351933,-8.39258,-0.392797,0.307314,-0.866757,0.00491679,0,0,0,1</mat>
				</frame>
				<frame num='5'>
					<mat>0.0334913,-0.935728,-0.351129,-1.02229,-0.852761,-0.209978,0.478234,-8.29121,-0.521226,0.283412,-0.804985,-0.751334,0,0,0,1</mat>
				</frame>
				<frame num='6'>
					<mat>-0.0425564,-0.94623,-0.320684,-0.906021,-0.840771,-0.139474,0.523116,-8.29229,-0.539715,0.291884,-0.789627,-1.54027,0,0,0,1</mat>
				</frame>
				<frame num='7'>
					<mat>-0.0920391,-0.950196,-0.297751,-0.846916,-0.827603,-0.0932816,0.553508,-8.29408,-0.553716,0.297364,-0.7778,-2.20227,0,0,0,1</mat>
				</frame>
				<frame num='8'>
					<mat>0.195138,-0.957289,-0.213352,-1.16243,-0.66229,-0.289062,0.691242,-8.13381,-0.72339,0.0064138,-0.69041,-2.65827,0,0,0,1</mat>
				</frame>
				<frame num='9'>
					<mat>0.498061,-0.843397,-0.201537,-1.73585,-0.44798,-0.449258,0.772969,-8.05863,-0.742462,-0.294701,-0.601582,-2.86593,0,0,0,1</mat>
				</frame>
				<frame num='10'>
					<mat>0.381138,-0.876487,-0.294115,-2.04541,-0.365437,-0.435047,0.822915,-7.28319,-0.849229,-0.206163,-0.486114,-2.05311,0,0,0,1</mat>
				</frame>
				<frame num='11'>
					<mat>0.193527,-0.904472,-0.380103,-2.11249,-0.274945,-0.421902,0.863947,-6.55951,-0.941782,-0.0626892,-0.330329,-0.646578,0,0,0,1</mat>
				</frame>
				<frame num='12'>
					<mat>0.0556412,-0.937725,-0.342892,-1.94674,-0.638065,-0.297543,0.710169,-6.82845,-0.767969,0.179273,-0.614886,0.015266,0,0,0,1</mat>
				</frame>
				<frame num='13'>
					<mat>-0.0435457,-0.941348,-0.334616,-1.89092,-0.89753,-0.110246,0.426949,-7.50306,-0.438797,0.31892,-0.840087,0.752359,0,0,0,1</mat>
				</frame>
				<frame num='14'>
					<mat>-0.00176766,-0.940883,-0.338728,-1.68822,-0.936928,-0.116834,0.329418,-8.10344,-0.349518,0.317946,-0.881332,2.02562,0,0,0,1</mat>
				</frame>
				<frame num='15'>
					<mat>0.0416072,-0.940029,-0.338546,-1.48204,-0.961778,-0.129469,0.24129,-8.5,-0.270651,0.315567,-0.909486,2.8744,0,0,0,1</mat>
				</frame>
			</track>
			<track id = '11' name='toe_ctrl_r'>
				<frame num='0'>
					<mat>-0.190785,-0.981403,0.0211993,-1.63156,-0.11043,-1.22403e-006,-0.993884,-9.12825,0.9754,-0.191959,-0.108377,3.56376,0,0,0,1</mat>
				</frame>
				<frame num='1'>
					<mat>-0.188958,-0.981761,0.0209964,-1.57496,-0.11043,-1.22351e-006,-0.993884,-9.12825,0.975756,-0.190121,-0.108416,3.10928,0,0,0,1</mat>
				</frame>
				<frame num='2'>
					<mat>-0.186082,-0.982317,0.0206767,-1.48596,-0.11043,-1.09189e-006,-0.993884,-9.12825,0.976308,-0.187228,-0.108477,2.44591,0,0,0,1</mat>
				</frame>
				<frame num='3'>
					<mat>-0.182576,-0.982982,0.0202871,-1.37768,-0.11043,-1.09083e-006,-0.993884,-9.12825,0.97697,-0.1837,-0.108551,1.64567,0,0,0,1</mat>
				</frame>
				<frame num='4'>
					<mat>-0.179066,-0.983636,0.0198972,-1.26944,-0.11043,-1.22294e-006,-0.993884,-9.12825,0.97762,-0.180168,-0.108623,0.777429,0,0,0,1</mat>
				</frame>
				<frame num='5'>
					<mat>-0.17618,-0.984163,0.0195766,-1.18056,-0.11043,-1.2221e-006,-0.993884,-9.12825,0.978144,-0.177264,-0.108681,-0.0919653,0,0,0,1</mat>
				</frame>
				<frame num='6'>
					<mat>-0.174345,-0.984494,0.0193727,-1.12405,-0.11043,-1.22157e-006,-0.993884,-9.12825,0.978473,-0.175418,-0.108718,-0.896767,0,0,0,1</mat>
				</frame>
				<frame num='7'>
					<mat>-0.173729,-0.984604,0.0193042,-1.1051,-0.11043,-1.09028e-006,-0.993884,-9.12825,0.978582,-0.174799,-0.10873,-1.57143,0,0,0,1</mat>
				</frame>
				<frame num='8'>
					<mat>-0.377618,-0.92501,0.0419583,-1.39336,-0.11043,-1.2567e-006,-0.993884,-9.12825,0.919353,-0.379942,-0.102149,-2.31443,0,0,0,1</mat>
				</frame>
				<frame num='9'>
					<mat>-0.564061,-0.823351,0.0626738,-1.80845,-0.11043,-1.15772e-006,-0.993884,-9.12825,0.818315,-0.567532,-0.0909224,-2.76061,0,0,0,1</mat>
				</frame>
