<?xml version='1.0' encoding='UTF-8' ?>
<itpanim>
	<skeleton count='36'>
		<joint id='0' name='JNT_WORLD' parent='-1'>
			<mat>5.61915e-017,0.397326,0.917677,0,1,1.12383e-016,-1.09891e-016,0,-1.46794e-016,0.917677,-0.397326,0,0,0,0,1</mat>
		</joint>
		<joint id='1' name='JNT_Root' parent='0'>
			<mat>0.190908,-0.921262,-0.338867,81.8452,0.951251,0.258819,-0.167731,6.17604,0.242229,-0.290326,0.925762,-88.7584,0,0,0,1</mat>
		</joint>
		<joint id='2' name='JNT_Hips' parent='1'>
			<mat>0.999034,0.0421893,-0.0123143,-2.70551,-0.0379755,0.969696,0.241346,-60.4762,0.0221233,-0.240645,0.970361,-94.7437,0,0,0,1</mat>
		</joint>
		<joint id='3' name='JNT_L_Hip' parent='2'>
			<mat>0.128288,-0.621944,-0.772482,101.899,0.991067,0.109032,0.0768049,-36.0873,0.0364568,-0.775434,0.630375,-39.2541,0,0,0,1</mat>
		</joint>
		<joint id='4' name='JNT_L_Knee' parent='3'>
			<mat>-0.148154,0.66842,-0.728879,47.2813,0.987991,0.0673491,-0.139059,-25.1466,-0.0438605,-0.740729,-0.670371,30.7601,0,0,0,1</mat>
		</joint>
		<joint id='5' name='JNT_L_Ankle' parent='4'>
			<mat>-0.409804,-0.878827,-0.244386,42.4845,0.906308,-0.422618,-8.20331e-007,-6.15772,-0.103281,-0.221489,0.969678,6.10051,0,0,0,1</mat>
		</joint>
		<joint id='6' name='JNT_L_Ball' parent='5'>
			<mat>-0.421225,-0.90332,-0.081127,29.0741,0.906308,-0.422618,-4.20104e-008,-6.15771,-0.0342857,-0.0735261,0.996704,1.32391,0,0,0,1</mat>
		</joint>
		<joint id='7' name='JNT_L_Toe' parent='6'>
			<mat>-0.421225,-0.90332,-0.081127,15.7571,0.906308,-0.422618,-4.20104e-008,-6.15771,-0.0342857,-0.0735261,0.996704,1.32391,0,0,0,1</mat>
		</joint>
		<joint id='8' name='JNT_R_Hip' parent='2'>
			<mat>-0.280988,-0.726958,-0.62656,85.4714,0.955342,-0.149642,-0.254813,50.1947,0.0914783,-0.670179,0.736541,-54.2779,0,0,0,1</mat>
		</joint>
		<joint id='9' name='JNT_R_Knee' parent='8'>
			<mat>-0.0583584,0.452327,-0.889941,61.1198,0.994384,-0.0525059,-0.0918942,43.3744,-0.0882933,-0.890305,-0.446722,8.10178,0,0,0,1</mat>
		</joint>
		<joint id='10' name='JNT_R_Ankle' parent='9'>
			<mat>0.484839,-0.839766,-0.244386,31.0653,0.866025,0.5,6.35965e-007,31.3683,0.122192,-0.211644,0.969678,3.22248,0,0,0,1</mat>
		</joint>
		<joint id='11' name='JNT_R_Ball' parent='10'>
			<mat>0.498352,-0.863171,-0.081127,17.3366,0.866025,0.5,1.21821e-007,31.3683,0.0405634,-0.0702581,0.996704,0.368527,0,0,0,1</mat>
		</joint>
		<joint id='12' name='JNT_R_Toe' parent='11'>
			<mat>0.498352,-0.863171,-0.081127,4.0195,0.866025,0.5,1.21821e-007,31.3683,0.0405634,-0.0702581,0.996704,0.368527,0,0,0,1</mat>
		</joint>
		<joint id='13' name='JNT_Spine1' parent='1'>
			<mat>0.281655,-0.0511642,0.95815,-120.837,-0.109733,0.990308,0.0851382,-53.3545,-0.95322,-0.12912,0.273311,-25.2281,0,0,0,1</mat>
		</joint>
		<joint id='14' name='JNT_Spine2' parent='13'>
			<mat>0.284515,-0.69674,0.658487,-69.436,0.284464,0.717296,0.636055,-126.097,-0.915495,0.00634866,0.402279,-50.1798,0,0,0,1</mat>
		</joint>
		<joint id='15' name='JNT_ArmBase' parent='14'>
			<mat>0.0377513,-0.994109,0.101601,-18.4556,0.400555,0.108202,0.909862,-178.982,-0.915495,0.00634841,0.40228,-50.1799,0,0,0,1</mat>
		</joint>
		<joint id='16' name='JNT_Head' parent='15'>
			<mat>0.356742,-0.876023,-0.324528,21.5083,-0.0270975,-0.356942,0.933734,-171.804,-0.93381,-0.324308,-0.151074,35.5757,0,0,0,1</mat>
		</joint>
		<joint id='17' name='JNT_L_Tendril1' parent='16'>
			<mat>0.134007,0.134775,-0.981773,164.618,-0.165161,0.97989,0.111973,38.917,0.97712,0.147145,0.153572,-46.7558,0,0,0,1</mat>
		</joint>
		<joint id='18' name='JNT_L_Tendril2' parent='17'>
			<mat>0.619216,-0.74554,-0.24646,-22.0955,0.0490819,-0.27651,0.959757,-155.994,-0.783685,-0.606393,-0.134627,14.2985,0,0,0,1</mat>
		</joint>
		<joint id='19' name='JNT_C_Tendril1' parent='16'>
			<mat>0.16321,0.140779,-0.976496,162.809,0.0864648,0.983918,0.156301,21.5077,0.982795,-0.109942,0.148413,-49.5772,0,0,0,1</mat>
		</joint>
		<joint id='20' name='JNT_C_Tendril2' parent='19'>
			<mat>-0.0337027,-0.896798,-0.441154,21.268,-0.181598,-0.428562,0.885075,-139.792,-0.982795,0.109942,-0.148413,49.5772,0,0,0,1</mat>
		</joint>
		<joint id='21' name='JNT_R_Tendril1' parent='16'>
			<mat>0.190662,0.128436,-0.973218,161.76,0.332973,0.924168,0.187195,13.7891,0.923459,-0.359746,0.133438,-49.1185,0,0,0,1</mat>
		</joint>
		<joint id='22' name='JNT_R_Tendril2' parent='21'>
			<mat>-0.66618,-0.601746,-0.440575,42.747,-0.385471,-0.227902,0.894132,-134.072,-0.638448,0.765482,-0.080132,57.441,0,0,0,1</mat>
		</joint>
		<joint id='23' name='JNT_L_Shoulder' parent='15'>
			<mat>-0.0285389,0.216209,-0.97593,158.169,0.99958,0.0110411,-0.0267844,-69.9856,0.00498431,-0.976285,-0.216433,43.8122,0,0,0,1</mat>
		</joint>
		<joint id='24' name='JNT_L_Elbow' parent='23'>
			<mat>-0.0288565,0.461523,-0.886659,104.819,0.866948,0.453092,0.207628,-97.3312,0.497563,-0.762696,-0.413191,28.6114,0,0,0,1</mat>
		</joint>
		<joint id='25' name='JNT_Hose5' parent='24'>
			<mat>0.899083,-0.40922,0.155527,-48.0787,-0.253095,-0.196008,0.947377,-77.5905,-0.357201,-0.891134,-0.279799,103.758,0,0,0,1</mat>
		</joint>
		<joint id='26' name='JNT_R_Shoulder' parent='15'>
			<mat>-0.250153,0.30914,-0.917527,175.513,-0.912471,0.241615,0.330181,-76.8091,0.32376,0.919812,0.221641,-45.8183,0,0,0,1</mat>
		</joint>
		<joint id='27' name='JNT_R_Elbow' parent='26'>
			<mat>-0.19848,-0.905636,-0.374738,69.8546,0.0796125,-0.395978,0.914802,-112.481,-0.976866,0.151737,0.150694,-51.637,0,0,0,1</mat>
		</joint>
		<joint id='28' name='JNT_R_Wrist' parent='27'>
			<mat>0.984416,-0.0682867,-0.162054,54.1404,0.0895643,-0.59836,0.796206,-107.252,-0.151337,-0.798312,-0.582919,48.0823,0,0,0,1</mat>
		</joint>
		<joint id='29' name='JNT_Hose1' parent='28'>
			<mat>0.298378,0.826644,0.477107,-40.694,0.116282,-0.527638,0.841473,-95.4561,0.947338,-0.195598,-0.25356,63.6672,0,0,0,1</mat>
		</joint>
		<joint id='30' name='joint27' parent='28'>
			<mat>0.984416,-0.0682867,-0.162054,54.9703,0.0895643,-0.59836,0.796206,-113.224,-0.151337,-0.798312,-0.582919,-7.49646,0,0,0,1</mat>
		</joint>
		<joint id='31' name='JNT_Back1' parent='14'>
			<mat>0.254449,-0.765376,0.591147,-72.822,0.311648,0.643552,0.699083,-177.807,-0.915495,0.00634881,0.402279,-50.1799,0,0,0,1</mat>
		</joint>
		<joint id='32' name='JNT_Back2' parent='31'>
			<mat>0.254449,-0.765376,0.591147,-123.426,0.311648,0.643552,0.699083,-177.807,-0.915495,0.00634881,0.402279,-50.1799,0,0,0,1</mat>
		</joint>
		<joint id='33' name='JNT_Hose2' parent='1'>
			<mat>0.524655,0.851298,0.00545997,10.8014,0.123605,-0.08252,0.988894,-122.362,0.842294,-0.518153,-0.148519,63.0468,0,0,0,1</mat>
		</joint>
		<joint id='34' name='JNT_Hose3' parent='1'>
			<mat>0.925832,0.131845,0.354192,-45.73,-0.346501,-0.0780846,0.934794,-115.839,0.150905,-0.98819,-0.0266087,73.7687,0,0,0,1</mat>
		</joint>
		<joint id='35' name='JNT_Hose4' parent='1'>
			<mat>0.77764,-0.530238,0.337823,-29.5414,-0.215047,0.28059,0.935427,-128.016,-0.590789,-0.800073,0.104172,70.2283,0,0,0,1</mat>
		</joint>
	</skeleton>
	<animations>
		<animation name='Take 001' length='25'>
			<track id = '0' name='JNT_WORLD'>
				<frame num='0'>
					<mat>-1.47574e-016,1,-5.30415e-016,0,0.397326,5.45384e-016,0.917677,0,0.917677,-7.53225e-017,-0.397326,0,0,0,0,1</mat>
				</frame>
				<frame num='1'>
					<mat>-1.47574e-016,1,-5.30415e-016,0,0.397326,5.45384e-016,0.917677,0,0.917677,-7.53225e-017,-0.397326,0,0,0,0,1</mat>
				</frame>
				<frame num='2'>
					<mat>-1.47574e-016,1,-5.30415e-016,0,0.397326,5.45384e-016,0.917677,0,0.917677,-7.53225e-017,-0.397326,0,0,0,0,1</mat>
				</frame>
				<frame num='3'>
					<mat>-1.47574e-016,1,-5.30415e-016,0,0.397326,5.45384e-016,0.917677,0,0.917677,-7.53225e-017,-0.397326,0,0,0,0,1</mat>
				</frame>
				<frame num='4'>
					<mat>-1.47574e-016,1,-5.30415e-016,0,0.397326,5.45384e-016,0.917677,0,0.917677,-7.53225e-017,-0.397326,0,0,0,0,1</mat>
				</frame>
				<frame num='5'>
					<mat>-1.47574e-016,1,-5.30415e-016,0,0.397326,5.45384e-016,0.917677,0,0.917677,-7.53225e-017,-0.397326,0,0,0,0,1</mat>
				</frame>
				<frame num='6'>
					<mat>-1.47574e-016,1,-5.30415e-016,0,0.397326,5.45384e-016,0.917677,0,0.917677,-7.53225e-017,-0.397326,0,0,0,0,1</mat>
				</frame>
				<frame num='7'>
					<mat>-1.47574e-016,1,-5.30415e-016,0,0.397326,5.45384e-016,0.917677,0,0.917677,-7.53225e-017,-0.397326,0,0,0,0,1</mat>
				</frame>
				<frame num='8'>
					<mat>-1.47574e-016,1,-5.30415e-016,0,0.397326,5.45384e-016,0.917677,0,0.917677,-7.53225e-017,-0.397326,0,0,0,0,1</mat>
				</frame>
				<frame num='9'>
					<mat>-1.47574e-016,1,-5.30415e-016,0,0.397326,5.45384e-016,0.917677,0,0.917677,-7.53225e-017,-0.397326,0,0,0,0,1</mat>
				</frame>
				<frame num='10'>
					<mat>-1.47574e-016,1,-5.30415e-016,0,0.397326,5.45384e-016,0.917677,0,0.917677,-7.53225e-017,-0.397326,0,0,0,0,1</mat>
				</frame>
				<frame num='11'>
					<mat>-1.47574e-016,1,-5.30415e-016,0,0.397326,5.45384e-016,0.917677,0,0.917677,-7.53225e-017,-0.397326,0,0,0,0,1</mat>
				</frame>
				<frame num='12'>
					<mat>-1.47574e-016,1,-5.30415e-016,0,0.397326,5.45384e-016,0.917677,0,0.917677,-7.53225e-017,-0.397326,0,0,0,0,1</mat>
				</frame>
				<frame num='13'>
					<mat>-1.47574e-016,1,-5.30415e-016,0,0.397326,5.45384e-016,0.917677,0,0.917677,-7.53225e-017,-0.397326,0,0,0,0,1</mat>
				</frame>
				<frame num='14'>
					<mat>-1.47574e-016,1,-5.30415e-016,0,0.397326,5.45384e-016,0.917677,0,0.917677,-7.53225e-017,-0.397326,0,0,0,0,1</mat>
				</frame>
				<frame num='15'>
					<mat>-1.47574e-016,1,-5.30415e-016,0,0.397326,5.45384e-016,0.917677,0,0.917677,-7.53225e-017,-0.397326,0,0,0,0,1</mat>
				</frame>
				<frame num='16'>
					<mat>-1.47574e-016,1,-5.30415e-016,0,0.397326,5.45384e-016,0.917677,0,0.917677,-7.53225e-017,-0.397326,0,0,0,0,1</mat>
				</frame>
				<frame num='17'>
					<mat>-1.47574e-016,1,-5.30415e-016,0,0.397326,5.45384e-016,0.917677,0,0.917677,-7.53225e-017,-0.397326,0,0,0,0,1</mat>
				</frame>
				<frame num='18'>
					<mat>-1.47574e-016,1,-5.30415e-016,0,0.397326,5.45384e-016,0.917677,0,0.917677,-7.53225e-017,-0.397326,0,0,0,0,1</mat>
				</frame>
				<frame num='19'>
					<mat>-1.47574e-016,1,-5.30415e-016,0,0.397326,5.45384e-016,0.917677,0,0.917677,-7.53225e-017,-0.397326,0,0,0,0,1</mat>
				</frame>
				<frame num='20'>
					<mat>-1.47574e-016,1,-5.30415e-016,0,0.397326,5.45384e-016,0.917677,0,0.917677,-7.53225e-017,-0.397326,0,0,0,0,1</mat>
				</frame>
				<frame num='21'>
					<mat>-1.47574e-016,1,-5.30415e-016,0,0.397326,5.45384e-016,0.917677,0,0.917677,-7.53225e-017,-0.397326,0,0,0,0,1</mat>
				</frame>
				<frame num='22'>
					<mat>-1.47574e-016,1,-5.30415e-016,0,0.397326,5.45384e-016,0.917677,0,0.917677,-7.53225e-017,-0.397326,0,0,0,0,1</mat>
				</frame>
				<frame num='23'>
					<mat>-1.47574e-016,1,-5.30415e-016,0,0.397326,5.45384e-016,0.917677,0,0.917677,-7.53225e-017,-0.397326,0,0,0,0,1</mat>
				</frame>
				<frame num='24'>
					<mat>-1.47574e-016,1,-5.30415e-016,0,0.397326,5.45384e-016,0.917677,0,0.917677,-7.53225e-017,-0.397326,0,0,0,0,1</mat>
				</frame>
			</track>
			<track id = '1' name='JNT_Root'>
				<frame num='0'>
					<mat>0.190925,0.951295,0.242043,1.76244e-015,-0.921179,0.258817,-0.290592,48.0165,-0.339083,-0.167483,0.925728,110.914,0,0,0,1</mat>
				</frame>
				<frame num='1'>
					<mat>0.191749,0.952591,0.236225,1.95376e-015,-0.918856,0.25882,-0.297854,47.5197,-0.344872,-0.159943,0.924922,110.206,0,0,0,1</mat>
				</frame>
				<frame num='2'>
					<mat>0.194231,0.955143,0.223552,2.39663e-015,-0.914353,0.25882,-0.311401,46.5101,-0.355292,-0.143922,0.923609,108.88,0,0,0,1</mat>
				</frame>
				<frame num='3'>
					<mat>0.198915,0.958131,0.205957,3.05003e-015,-0.909312,0.258819,-0.32583,45.2497,-0.365493,-0.122467,0.922722,107.46,0,0,0,1</mat>
				</frame>
				<frame num='4'>
					<mat>0.20585,0.960889,0.185254,3.88212e-015,-0.905806,0.258736,-0.335517,43.997,-0.370326,-0.0987377,0.923639,106.458,0,0,0,1</mat>
				</frame>
				<frame num='5'>
					<mat>0.215514,0.963209,0.160567,5.04575e-015,-0.904613,0.258853,-0.338629,42.8615,-0.367734,-0.0722713,0.927119,106.22,0,0,0,1</mat>
				</frame>
				<frame num='6'>
					<mat>0.229622,0.965295,0.124414,6.7493e-015,-0.904808,0.258815,-0.338137,41.6245,-0.358602,-0.0349272,0.932837,106.242,0,0,0,1</mat>
				</frame>
				<frame num='7'>
					<mat>0.242442,0.965926,0.0906052,8.17762e-015,-0.904805,0.258819,-0.338143,40.987,-0.350072,2.53644e-009,0.936723,106.242,0,0,0,1</mat>
				</frame>
				<frame num='8'>
					<mat>0.195384,0.979701,0.0448433,9.30737e-015,-0.918005,0.198786,-0.34315,40.987,-0.345098,0.0258795,0.93821,106.242,0,0,0,1</mat>
				</frame>
				<frame num='9'>
					<mat>0.0991827,0.994998,-0.011924,1.02914e-014,-0.932785,0.088795,-0.349325,40.987,-0.346518,0.0457695,0.936926,106.242,0,0,0,1</mat>
				</frame>
				<frame num='10'>
					<mat>0.0171495,0.999806,-0.00967613,9.11688e-015,-0.949501,0.0132527,-0.313485,42.1225,-0.313296,0.0145636,0.949544,106.242,0,0,0,1</mat>
				</frame>
				<frame num='11'>
					<mat>-0.05649,0.993342,0.100404,3.89699e-015,-0.986907,-0.0403394,-0.156164,46.8591,-0.151074,-0.107911,0.982615,106.242,0,0,0,1</mat>
				</frame>
				<frame num='12'>
					<mat>-0.0842419,0.969526,0.230051,-1.47759e-015,-0.996129,-0.0877531,0.00505583,51.5957,0.0250895,-0.228735,0.973165,106.242,0,0,0,1</mat>
				</frame>
				<frame num='13'>
					<mat>-0.113391,0.960644,0.253584,-2.86511e-015,-0.991887,-0.124216,0.0270404,52.2687,0.0574755,-0.24846,0.966935,106.242,0,0,0,1</mat>
				</frame>
				<frame num='14'>
					<mat>-0.153638,0.97505,0.160226,4.09693e-016,-0.985507,-0.139402,-0.0966598,48.4578,-0.0719123,-0.172755,0.982336,106.242,0,0,0,1</mat>
				</frame>
				<frame num='15'>
					<mat>-0.105398,0.992654,0.0594106,5.00292e-015,-0.961358,-0.0864312,-0.261384,43.2184,-0.254328,-0.0846641,0.963405,106.242,0,0,0,1</mat>
				</frame>
				<frame num='16'>
					<mat>0.000171911,0.998602,0.0528653,6.67296e-015,-0.931982,0.0193239,-0.361989,39.5699,-0.362504,-0.0492073,0.930682,106.242,0,0,0,1</mat>
				</frame>
				<frame num='17'>
					<mat>0.0883608,0.990629,0.10415,5.77945e-015,-0.916551,0.121801,-0.380919,38.6602,-0.390035,-0.0618008,0.918724,106.242,0,0,0,1</mat>
				</frame>
				<frame num='18'>
					<mat>0.17067,0.972792,0.156679,4.68958e-015,-0.905198,0.217607,-0.365053,38.7373,-0.389215,-0.079522,0.917708,106.242,0,0,0,1</mat>
				</frame>
				<frame num='19'>
					<mat>0.204521,0.960634,0.188023,3.84811e-015,-0.904805,0.258819,-0.338143,40.0475,-0.373496,-0.100967,0.922121,106.242,0,0,0,1</mat>
				</frame>
				<frame num='20'>
					<mat>0.196449,0.956216,0.216929,2.6006e-015,-0.91358,0.258843,-0.313642,43.8149,-0.35606,-0.136567,0.92443,107.976,0,0,0,1</mat>
				</frame>
				<frame num='21'>
					<mat>0.188898,0.950618,0.246257,1.48827e-015,-0.920386,0.258817,-0.293095,47.5246,-0.342356,-0.171286,0.923825,110.548,0,0,0,1</mat>
				</frame>
				<frame num='22'>
					<mat>0.188231,0.949901,0.249513,1.44662e-015,-0.921274,0.258811,-0.290295,48.0335,-0.340329,-0.175227,0.923835,110.94,0,0,0,1</mat>
				</frame>
				<frame num='23'>
					<mat>0.189428,0.95051,0.246267,1.57849e-015,-0.921262,0.258819,-0.290326,48.0335,-0.339696,-0.17188,0.924696,110.94,0,0,0,1</mat>
				</frame>
				<frame num='24'>
					<mat>0.190622,0.951109,0.243011,1.71044e-015,-0.921262,0.258819,-0.290326,48.0335,-0.339028,-0.168534,0.925557,110.94,0,0,0,1</mat>
				</frame>
			</track>
			<track id = '2' name='JNT_Hips'>
				<frame num='0'>
					<mat>0.998866,-0.0418554,0.0226832,2.50256,0.0460926,0.969474,-0.240824,35.9421,-0.011911,0.241596,0.970304,106.469,0,0,0,1</mat>
				</frame>
				<frame num='1'>
					<mat>0.989669,-0.138731,0.0361797,2.51335,0.143369,0.95872,-0.245564,35.4758,-0.000619058,0.248214,0.968705,105.685,0,0,0,1</mat>
				</frame>
				<frame num='2'>
					<mat>0.954175,-0.294362,0.0538557,2.54589,0.298261,0.920896,-0.250979,34.5252,0.0242832,0.255541,0.966493,104.223,0,0,0,1</mat>
				</frame>
				<frame num='3'>
					<mat>0.911909,-0.406395,0.0571361,2.60728,0.406807,0.876777,-0.256455,33.3309,0.0541266,0.257107,0.964866,102.669,0,0,0,1</mat>
				</frame>
				<frame num='4'>
					<mat>0.89692,-0.44025,0.0414031,2.69819,0.43484,0.861127,-0.263392,32.1241,0.0803049,0.254245,0.9638,101.604,0,0,0,1</mat>
				</frame>
				<frame num='5'>
					<mat>0.893709,-0.448362,0.0160247,2.82486,0.436023,0.859591,-0.266434,31.0042,0.105684,0.245102,0.96372,101.4,0,0,0,1</mat>
				</frame>
				<frame num='6'>
					<mat>0.888936,-0.45753,-0.0214393,3.00978,0.43608,0.859721,-0.265923,29.7647,0.1401,0.227039,0.963756,101.542,0,0,0,1</mat>
				</frame>
				<frame num='7'>
					<mat>0.883287,-0.465443,-0.056271,3.17781,0.436082,0.859717,-0.26593,29.1273,0.172153,0.210354,0.962349,101.653,0,0,0,1</mat>
				</frame>
				<frame num='8'>
					<mat>0.901305,-0.418936,-0.110187,2.561,0.379728,0.886502,-0.264426,28.9543,0.208459,0.196487,0.958091,101.719,0,0,0,1</mat>
				</frame>
				<frame num='9'>
					<mat>0.92932,-0.324648,-0.175977,1.30004,0.275382,0.92677,-0.255466,28.7605,0.246027,0.188948,0.950668,101.7,0,0,0,1</mat>
				</frame>
				<frame num='10'>
					<mat>0.957871,-0.244739,-0.150286,0.224787,0.211647,0.955249,-0.206651,29.6768,0.194136,0.166138,0.966804,102.136,0,0,0,1</mat>
				</frame>
				<frame num='11'>
					<mat>0.983975,-0.17288,0.043649,-0.740445,0.174705,0.983718,-0.0421641,33.9232,-0.0356489,0.0491141,0.998157,104.262,0,0,0,1</mat>
				</frame>
				<frame num='12'>
					<mat>0.9577,-0.139692,0.251589,-1.1042,0.113574,0.986785,0.11557,38.5389,-0.264409,-0.082107,0.960909,106.571,0,0,0,1</mat>
				</frame>
				<frame num='13'>
					<mat>0.956708,-0.0727656,0.281805,-1.48627,0.0358242,0.990321,0.134093,39.2675,-0.288835,-0.118192,0.950055,106.995,0,0,0,1</mat>
				</frame>
				<frame num='14'>
					<mat>0.969774,0.229114,0.0839288,-2.01382,-0.231585,0.972591,0.0208643,35.5403,-0.0768481,-0.0396704,0.996253,105.299,0,0,0,1</mat>
				</frame>
				<frame num='15'>
					<mat>0.862642,0.48254,-0.151672,-1.38151,-0.500904,0.856641,-0.123536,30.6174,0.0703171,0.18254,0.980681,102.908,0,0,0,1</mat>
				</frame>
				<frame num='16'>
					<mat>0.848207,0.483466,-0.216347,0.00225333,-0.526053,0.816564,-0.237678,27.354,0.061752,0.315411,0.946944,101.491,0,0,0,1</mat>
				</frame>
				<frame num='17'>
					<mat>0.91427,0.368319,-0.168678,1.15819,-0.403085,0.868643,-0.288066,26.6465,0.0404204,0.331361,0.942638,101.13,0,0,0,1</mat>
				</frame>
				<frame num='18'>
					<mat>0.970842,0.213782,-0.108456,2.23706,-0.237094,0.923092,-0.3028,26.8724,0.0353819,0.319686,0.946863,101.14,0,0,0,1</mat>
				</frame>
				<frame num='19'>
					<mat>0.994224,0.088275,-0.0610366,2.68077,-0.102257,0.951831,-0.289069,28.1877,0.032579,0.293641,0.955361,101.346,0,0,0,1</mat>
				</frame>
				<frame num='20'>
					<mat>0.999807,0.0127825,-0.0148906,2.57497,-0.0162695,0.964195,-0.264696,31.8401,0.010974,0.264887,0.964217,103.309,0,0,0,1</mat>
				</frame>
				<frame num='21'>
					<mat>0.999194,-0.0311537,0.0253132,2.47599,0.0363879,0.969217,-0.243505,35.4606,-0.0169479,0.24423,0.969569,106.061,0,0,0,1</mat>
				</frame>
				<frame num='22'>
					<mat>0.998906,-0.0360714,0.0297654,2.46725,0.0421867,0.969704,-0.240613,35.9579,-0.0201843,0.241605,0.970165,106.479,0,0,0,1</mat>
				</frame>
				<frame num='23'>
					<mat>0.998971,-0.036922,0.0263571,2.48293,0.0421893,0.969696,-0.240645,35.958,-0.0166732,0.24151,0.970255,106.487,0,0,0,1</mat>
				</frame>
				<frame num='24'>
					<mat>0.999023,-0.0377719,0.022942,2.49859,0.0421893,0.969696,-0.240645,35.958,-0.0131571,0.241378,0.970342,106.496,0,0,0,1</mat>
				</frame>
			</track>
			<track id = '3' name='JNT_L_Hip'>
				<frame num='0'>
					<mat>0.128387,0.991056,0.0363883,24.1202,-0.622696,0.109116,-0.774818,36.9397,-0.771859,0.0768174,0.631136,106.212,0,0,0,1</mat>
				</frame>
				<frame num='1'>
					<mat>0.130287,0.990878,0.0344356,23.932,-0.63881,0.110455,-0.761394,38.5786,-0.758252,0.0772017,0.647374,105.672,0,0,0,1</mat>
				</frame>
				<frame num='2'>
					<mat>0.137473,0.990082,0.0289728,23.1964,-0.662942,0.113704,-0.739986,40.9802,-0.735941,0.0825206,0.671998,104.748,0,0,0,1</mat>
				</frame>
				<frame num='3'>
					<mat>0.145959,0.989029,0.0227591,22.343,-0.67776,0.116728,-0.725959,42.1351,-0.720651,0.090535,0.687361,103.841,0,0,0,1</mat>
				</frame>
				<frame num='4'>
					<mat>0.148845,0.988656,0.0201081,22.1095,-0.67827,0.116871,-0.725459,41.535,-0.71958,0.0943424,0.687971,103.342,0,0,0,1</mat>
				</frame>
				<frame num='5'>
					<mat>0.148059,0.988737,0.0218407,22.1667,-0.666853,0.116118,-0.736086,40.4407,-0.730332,0.0944194,0.676535,103.687,0,0,0,1</mat>
				</frame>
				<frame num='6'>
					<mat>0.14657,0.988906,0.0241332,22.2483,-0.651525,0.114866,-0.749881,39.2024,-0.744333,0.0941868,0.661133,104.574,0,0,0,1</mat>
				</frame>
				<frame num='7'>
					<mat>0.145078,0.989084,0.0258096,22.2941,-0.640709,0.113792,-0.759304,38.565,-0.753952,0.0936217,0.650224,105.379,0,0,0,1</mat>
				</frame>
				<frame num='8'>
					<mat>0.145919,0.988942,0.0264927,22.0672,-0.623504,0.112724,-0.773651,37.1724,-0.768082,0.0963718,0.633058,106.23,0,0,0,1</mat>
				</frame>
				<frame num='9'>
					<mat>0.150107,0.988257,0.0285573,21.4126,-0.599878,0.114,-0.791929,34.7204,-0.785885,0.101743,0.609946,107.025,0,0,0,1</mat>
				</frame>
				<frame num='10'>
					<mat>0.156157,0.987483,0.0221729,20.9552,-0.598683,0.112481,-0.793049,34.2573,-0.785616,0.110565,0.608755,106.337,0,0,0,1</mat>
				</frame>
				<frame num='11'>
					<mat>0.163509,0.98644,0.0141416,20.555,-0.647859,0.118175,-0.752538,37.7042,-0.744005,0.113885,0.658397,103.49,0,0,0,1</mat>
				</frame>
				<frame num='12'>
					<mat>0.172416,0.985021,0.00264398,19.6225,-0.691196,0.122897,-0.712141,40.9969,-0.701799,0.120957,0.702031,100.849,0,0,0,1</mat>
				</frame>
				<frame num='13'>
					<mat>0.180242,0.983622,0.000965925,19.219,-0.680305,0.12537,-0.722127,40.0428,-0.710421,0.1295,0.69176,100.744,0,0,0,1</mat>
				</frame>
				<frame num='14'>
					<mat>0.182198,0.983169,0.0135353,18.9742,-0.586176,0.11966,-0.801298,30.5283,-0.789431,0.138061,0.598112,103.636,0,0,0,1</mat>
				</frame>
				<frame num='15'>
					<mat>0.200411,0.979533,0.0187062,17.288,-0.482645,0.115328,-0.86819,19.7767,-0.852578,0.164967,0.49588,104.43,0,0,0,1</mat>
				</frame>
				<frame num='16'>
					<mat>0.198578,0.979658,0.0289342,18.3593,-0.453451,0.118007,-0.883434,15.969,-0.868878,0.16231,0.46766,102.827,0,0,0,1</mat>
				</frame>
				<frame num='17'>
					<mat>0.17071,0.984866,0.0299521,20.945,-0.481667,0.10993,-0.869432,17.9229,-0.859567,0.133994,0.493143,102.004,0,0,0,1</mat>
				</frame>
				<frame num='18'>
					<mat>0.147156,0.988507,0.0346226,23.2482,-0.52285,0.107453,-0.845625,21.7411,-0.839627,0.106336,0.532653,101.906,0,0,0,1</mat>
				</frame>
				<frame num='19'>
					<mat>0.136636,0.989967,0.0359862,24.198,-0.561758,0.107353,-0.820307,25.9747,-0.81594,0.0918682,0.570791,102.052,0,0,0,1</mat>
				</frame>
				<frame num='20'>
					<mat>0.132997,0.990491,0.0352109,24.213,-0.599356,0.108671,-0.793072,31.488,-0.789357,0.0843724,0.608109,103.547,0,0,0,1</mat>
				</frame>
				<frame num='21'>
					<mat>0.129914,0.990876,0.0358666,24.1008,-0.621303,0.109544,-0.775875,36.2481,-0.772725,0.0785132,0.629866,105.694,0,0,0,1</mat>
				</frame>
				<frame num='22'>
					<mat>0.128795,0.991017,0.0360108,24.0858,-0.623472,0.10916,-0.774188,36.8709,-0.771165,0.0772599,0.63193,106.042,0,0,0,1</mat>
				</frame>
				<frame num='23'>
					<mat>0.128644,0.991029,0.0362221,24.1029,-0.622765,0.109158,-0.774757,36.8711,-0.771761,0.0771101,0.631221,106.126,0,0,0,1</mat>
				</frame>
				<frame num='24'>
					<mat>0.128357,0.991059,0.0364117,24.1196,-0.622103,0.109056,-0.775303,36.8711,-0.772342,0.0768635,0.630539,106.211,0,0,0,1</mat>
				</frame>
			</track>
			<track id = '4' name='JNT_L_Knee'>
				<frame num='0'>
					<mat>-0.148142,0.987994,-0.0438455,33.2023,0.668039,0.0672793,-0.741078,-7.10982,-0.729231,-0.139075,-0.669986,51.6102,0,0,0,1</mat>
				</frame>
				<frame num='1'>
					<mat>-0.147642,0.988061,-0.044022,33.1485,0.660825,0.065432,-0.747683,-6.61086,-0.735876,-0.13948,-0.662595,52.0331,0,0,0,1</mat>
				</frame>
				<frame num='2'>
					<mat>-0.144149,0.988727,-0.0404976,32.9212,0.650153,0.0637762,-0.757122,-5.9163,-0.746004,-0.135468,-0.652018,52.6878,0,0,0,1</mat>
				</frame>
				<frame num='3'>
					<mat>-0.139947,0.989519,-0.035608,32.6681,0.648069,0.0643483,-0.758858,-5.80964,-0.748613,-0.129276,-0.650282,52.8618,0,0,0,1</mat>
				</frame>
				<frame num='4'>
					<mat>-0.138722,0.989725,-0.034649,32.6388,0.655275,0.0654994,-0.752545,-6.44584,-0.742543,-0.1271,-0.657628,52.439,0,0,0,1</mat>
				</frame>
				<frame num='5'>
					<mat>-0.139733,0.989588,-0.0344934,32.6404,0.66315,0.0676564,-0.745422,-6.7325,-0.735327,-0.127035,-0.6657,52.0238,0,0,0,1</mat>
				</frame>
				<frame num='6'>
					<mat>-0.13917,0.989725,-0.0327985,32.6167,0.664688,0.0688114,-0.743945,-6.88644,-0.734045,-0.125336,-0.667435,51.9196,0,0,0,1</mat>
				</frame>
				<frame num='7'>
					<mat>-0.138226,0.989901,-0.0314452,32.5569,0.662751,0.068857,-0.745668,-6.75873,-0.735972,-0.123911,-0.665576,52.0447,0,0,0,1</mat>
				</frame>
				<frame num='8'>
					<mat>-0.13577,0.990351,-0.0277876,32.3895,0.665773,0.0704303,-0.742823,-6.93427,-0.733698,-0.119353,-0.668911,51.8961,0,0,0,1</mat>
				</frame>
				<frame num='9'>
					<mat>-0.134253,0.990728,-0.0208448,32.0312,0.674593,0.0759651,-0.73427,-7.71494,-0.725879,-0.11264,-0.678537,51.4311,0,0,0,1</mat>
				</frame>
				<frame num='10'>
					<mat>-0.129412,0.991432,-0.0177437,32.0018,0.685654,0.0765429,-0.723892,-8.09352,-0.716332,-0.105846,-0.689685,50.7625,0,0,0,1</mat>
				</frame>
				<frame num='11'>
					<mat>-0.131492,0.991107,-0.0204242,32.1216,0.683891,0.0757799,-0.725638,-8.12534,-0.717637,-0.109384,-0.687773,50.8594,0,0,0,1</mat>
				</frame>
				<frame num='12'>
					<mat>-0.128684,0.991474,-0.0204921,31.8192,0.679068,0.07304,-0.730433,-7.89825,-0.722708,-0.107911,-0.682677,51.2033,0,0,0,1</mat>
				</frame>
				<frame num='13'>
					<mat>-0.127047,0.991813,-0.0129111,31.9693,0.690109,0.0790352,-0.719377,-8.08194,-0.712467,-0.100305,-0.6945,50.4892,0,0,0,1</mat>
				</frame>
				<frame num='14'>
					<mat>-0.127639,0.991821,-0.000408929,31.8629,0.731025,0.0937983,-0.675873,-10.9379,-0.670306,-0.0865668,-0.737018,47.792,0,0,0,1</mat>
				</frame>
				<frame num='15'>
					<mat>-0.121337,0.992301,0.0248409,31.4651,0.78042,0.110833,-0.615354,-14.3656,-0.613369,-0.0552787,-0.787859,44.1189,0,0,0,1</mat>
				</frame>
				<frame num='16'>
					<mat>-0.136005,0.990474,0.0215522,32.4067,0.809792,0.123675,-0.573534,-16.1081,-0.570736,-0.0605508,-0.818898,41.3625,0,0,0,1</mat>
				</frame>
				<frame num='17'>
					<mat>-0.145681,0.989271,-0.0109377,33.021,0.809859,0.112896,-0.575658,-16.1502,-0.568247,-0.0927204,-0.817617,41.1987,0,0,0,1</mat>
				</frame>
				<frame num='18'>
					<mat>-0.155173,0.987187,-0.0371777,33.658,0.793536,0.102142,-0.59989,-15.2453,-0.588406,-0.122589,-0.799218,42.511,0,0,0,1</mat>
				</frame>
				<frame num='19'>
					<mat>-0.15844,0.986148,-0.0490747,33.8636,0.771116,0.0925435,-0.629933,-13.7641,-0.616666,-0.137649,-0.775097,44.3319,0,0,0,1</mat>
				</frame>
				<frame num='20'>
					<mat>-0.154635,0.986773,-0.0486525,33.6212,0.727019,0.0803087,-0.681904,-10.9104,-0.668977,-0.140818,-0.729822,47.7078,0,0,0,1</mat>
				</frame>
				<frame num='21'>
					<mat>-0.149185,0.987817,-0.0442845,33.2909,0.67768,0.0695279,-0.732063,-7.70288,-0.720065,-0.139224,-0.679796,51.0314,0,0,0,1</mat>
				</frame>
				<frame num='22'>
					<mat>-0.14826,0.987966,-0.044074,33.1967,0.669951,0.0675549,-0.739326,-7.2335,-0.727451,-0.13914,-0.671904,51.4898,0,0,0,1</mat>
				</frame>
				<frame num='23'>
					<mat>-0.148223,0.987979,-0.0439108,33.2031,0.669318,0.0675303,-0.739901,-7.18329,-0.728041,-0.13906,-0.671282,51.5319,0,0,0,1</mat>
				</frame>
				<frame num='24'>
					<mat>-0.148168,0.987989,-0.0438705,33.1996,0.668594,0.0673844,-0.740568,-7.13645,-0.728717,-0.13906,-0.670547,51.5756,0,0,0,1</mat>
				</frame>
			</track>
			<track id = '5' name='JNT_L_Ankle'>
				<frame num='0'>
					<mat>-0.40976,0.90632,-0.103344,23.6255,-0.878861,-0.422591,-0.221407,36.0762,-0.244338,0.000101671,0.96969,4.46847,0,0,0,1</mat>
				</frame>
				<frame num='1'>
					<mat>-0.409986,0.90625,-0.103065,23.604,-0.878713,-0.422742,-0.221705,36.1087,-0.24449,-0.000331625,0.969652,4.46179,0,0,0,1</mat>
				</frame>
				<frame num='2'>
					<mat>-0.410004,0.906225,-0.103214,23.6025,-0.878583,-0.422796,-0.222116,36.1134,-0.244925,-0.000386538,0.969542,4.46172,0,0,0,1</mat>
				</frame>
				<frame num='3'>
					<mat>-0.409804,0.906308,-0.103282,23.6212,-0.878827,-0.422618,-0.221489,36.0854,-0.244387,2.31488e-008,0.969678,4.46711,0,0,0,1</mat>
				</frame>
				<frame num='4'>
					<mat>-0.410172,0.906059,-0.103999,23.671,-0.879085,-0.423149,-0.219441,35.915,-0.242833,0.00141588,0.970067,4.43668,0,0,0,1</mat>
				</frame>
				<frame num='5'>
					<mat>-0.410094,0.906188,-0.103183,23.6072,-0.878505,-0.422875,-0.222273,36.1374,-0.245054,-0.000506065,0.969509,4.4879,0,0,0,1</mat>
				</frame>
				<frame num='6'>
					<mat>-0.409823,0.906315,-0.103142,23.6199,-0.878823,-0.422603,-0.221535,36.0829,-0.244368,-0.000146247,0.969682,4.46664,0,0,0,1</mat>
				</frame>
				<frame num='7'>
					<mat>-0.409804,0.906308,-0.103282,23.6212,-0.878827,-0.422618,-0.221489,36.0854,-0.244387,7.11963e-009,0.969678,4.46711,0,0,0,1</mat>
				</frame>
				<frame num='8'>
					<mat>-0.40994,0.90625,-0.103245,23.6126,-0.878726,-0.422742,-0.221652,36.1052,-0.244518,-0.000139881,0.969645,4.46549,0,0,0,1</mat>
				</frame>
				<frame num='9'>
					<mat>-0.409314,0.906871,-0.100229,23.3522,-0.879958,-0.421404,-0.2193,35.8947,-0.241114,-0.00156576,0.970495,4.5061,0,0,0,1</mat>
				</frame>
				<frame num='10'>
					<mat>-0.410214,0.906069,-0.103746,23.6358,-0.878196,-0.42313,-0.22301,36.2312,-0.245961,-0.000372364,0.96928,4.45466,0,0,0,1</mat>
				</frame>
				<frame num='11'>
					<mat>-0.409804,0.906308,-0.103282,23.6212,-0.878827,-0.422618,-0.221489,36.0854,-0.244387,-1.61933e-008,0.969678,4.46711,0,0,0,1</mat>
				</frame>
				<frame num='12'>
					<mat>-0.410866,0.90592,-0.102458,23.5003,-0.878731,-0.423448,-0.220279,36.0007,-0.242941,-0.000471884,0.970041,4.48321,0,0,0,1</mat>
				</frame>
				<frame num='13'>
					<mat>-0.407867,0.907018,-0.1047,23.7563,-0.878199,-0.421091,-0.226824,36.5307,-0.249821,-0.00056696,0.968292,4.43118,0,0,0,1</mat>
				</frame>
				<frame num='14'>
					<mat>-0.408095,0.907272,-0.10157,23.6116,-0.879324,-0.420541,-0.223458,36.3199,-0.245452,-0.00187921,0.969407,4.45944,0,0,0,1</mat>
				</frame>
				<frame num='15'>
					<mat>-0.409804,0.906308,-0.103282,23.6212,-0.878827,-0.422618,-0.221489,36.0854,-0.244387,-6.78034e-009,0.969678,4.4671,0,0,0,1</mat>
				</frame>
				<frame num='16'>
					<mat>-0.406114,0.907937,-0.103547,23.6145,-0.879668,-0.419107,-0.224799,36.2416,-0.2475,-0.00020694,0.968888,4.46685,0,0,0,1</mat>
				</frame>
				<frame num='17'>
					<mat>-0.409711,0.906387,-0.102957,23.6033,-0.878974,-0.422449,-0.221227,36.2038,-0.244011,-0.0001421,0.969772,4.46386,0,0,0,1</mat>
				</frame>
				<frame num='18'>
					<mat>-0.409889,0.906317,-0.102864,23.6267,-0.878851,-0.422599,-0.221428,36.0536,-0.244154,-0.000358618,0.969736,4.47294,0,0,0,1</mat>
				</frame>
				<frame num='19'>
					<mat>-0.409804,0.906308,-0.103282,23.6212,-0.878827,-0.422618,-0.221489,36.0854,-0.244387,1.47946e-008,0.969678,4.46701,0,0,0,1</mat>
				</frame>
				<frame num='20'>
					<mat>-0.409843,0.906284,-0.103337,23.6247,-0.878817,-0.42267,-0.22143,36.0884,-0.244356,6.21324e-005,0.969686,4.46119,0,0,0,1</mat>
				</frame>
				<frame num='21'>
					<mat>-0.409433,0.906457,-0.103439,23.6467,-0.878912,-0.422298,-0.221762,36.1063,-0.2447,0.000116567,0.969599,4.48217,0,0,0,1</mat>
				</frame>
				<frame num='22'>
					<mat>-0.409912,0.906265,-0.10323,23.6123,-0.878807,-0.422711,-0.221392,36.076,-0.244276,-3.15912e-005,0.969706,4.46312,0,0,0,1</mat>
				</frame>
				<frame num='23'>
					<mat>-0.409804,0.906308,-0.103282,23.6212,-0.878827,-0.422618,-0.221489,36.0854,-0.244387,-1.69582e-009,0.969678,4.46711,0,0,0,1</mat>
				</frame>
				<frame num='24'>
					<mat>-0.409803,0.906308,-0.103282,23.6212,-0.878827,-0.422618,-0.22149,36.0854,-0.244387,-6.90363e-009,0.969678,4.46711,0,0,0,1</mat>
				</frame>
			</track>
			<track id = '6' name='JNT_L_Ball'>
				<frame num='0'>
					<mat>-0.421192,0.90632,-0.0343543,17.8779,-0.90334,-0.422591,-0.073439,23.7486,-0.081077,0.000101671,0.996708,1.04119,0,0,0,1</mat>
				</frame>
				<frame num='1'>
					<mat>-0.42137,0.90625,-0.0340412,17.8532,-0.903243,-0.422742,-0.0737574,23.7832,-0.0812333,-0.000331625,0.996695,1.03238,0,0,0,1</mat>
				</frame>
				<frame num='2'>
					<mat>-0.421412,0.906225,-0.0341851,17.8515,-0.903183,-0.422796,-0.0741838,23.7897,-0.0816805,-0.000386538,0.996659,1.02621,0,0,0,1</mat>
				</frame>
				<frame num='3'>
					<mat>-0.421225,0.906308,-0.0342858,17.8729,-0.90332,-0.422618,-0.0735261,23.7582,-0.0811271,2.31488e-008,0.996704,1.03914,0,0,0,1</mat>
				</frame>
				<frame num='4'>
					<mat>-0.421707,0.906059,-0.0349323,17.9176,-0.903238,-0.423149,-0.0714627,23.5842,-0.079531,0.00141588,0.996831,1.0305,0,0,0,1</mat>
				</frame>
				<frame num='5'>
					<mat>-0.421495,0.906188,-0.0341399,17.8549,-0.903133,-0.422875,-0.0743518,23.8148,-0.0818136,-0.000506065,0.996648,1.05057,0,0,0,1</mat>
				</frame>
				<frame num='6'>
					<mat>-0.421221,0.906315,-0.0341445,17.8714,-0.903324,-0.422603,-0.0735713,23.7558,-0.0811083,-0.000146247,0.996705,1.03893,0,0,0,1</mat>
				</frame>
				<frame num='7'>
					<mat>-0.421225,0.906308,-0.0342858,17.8729,-0.90332,-0.422618,-0.0735261,23.7582,-0.0811271,7.11963e-009,0.996704,1.03915,0,0,0,1</mat>
				</frame>
				<frame num='8'>
					<mat>-0.421354,0.90625,-0.0342266,17.8624,-0.903248,-0.422742,-0.0737029,23.7795,-0.0812623,-0.000139881,0.996693,1.03569,0,0,0,1</mat>
				</frame>
				<frame num='9'>
					<mat>-0.420239,0.906871,-0.0313548,17.6109,-0.904075,-0.421404,-0.0711805,23.5517,-0.0777646,-0.00156576,0.996971,1.12404,0,0,0,1</mat>
				</frame>
				<frame num='10'>
					<mat>-0.421707,0.906069,-0.0346759,17.8818,-0.902949,-0.42313,-0.0751302,23.9129,-0.0827456,-0.000372364,0.996571,1.00462,0,0,0,1</mat>
				</frame>
				<frame num='11'>
					<mat>-0.421225,0.906308,-0.0342858,17.8729,-0.90332,-0.422618,-0.0735261,23.7582,-0.0811271,-1.61933e-008,0.996704,1.03915,0,0,0,1</mat>
				</frame>
				<frame num='12'>
					<mat>-0.422137,0.90592,-0.0332978,17.7372,-0.903027,-0.423448,-0.0723478,23.6749,-0.0796412,-0.000471884,0.996823,1.07553,0,0,0,1</mat>
				</frame>
				<frame num='13'>
					<mat>-0.419549,0.907018,-0.0360031,18.0352,-0.903581,-0.421091,-0.078891,24.2124,-0.0867161,-0.00056696,0.996233,0.926985,0,0,0,1</mat>
				</frame>
				<frame num='14'>
					<mat>-0.419258,0.907272,-0.0328787,17.8873,-0.904136,-0.420541,-0.0753857,23.9858,-0.0822221,-0.00187921,0.996612,1.01654,0,0,0,1</mat>
				</frame>
				<frame num='15'>
					<mat>-0.421225,0.906308,-0.0342858,17.8729,-0.90332,-0.422618,-0.0735261,23.7582,-0.081127,-6.78034e-009,0.996704,1.03914,0,0,0,1</mat>
				</frame>
				<frame num='16'>
					<mat>-0.41763,0.907937,-0.0351553,17.9181,-0.904696,-0.419107,-0.0766512,23.9027,-0.0843283,-0.00020694,0.996438,0.995213,0,0,0,1</mat>
				</frame>
				<frame num='17'>
					<mat>-0.42108,0.906387,-0.0339807,17.8564,-0.903423,-0.422449,-0.0732427,23.8746,-0.0807413,-0.0001421,0.996735,1.04117,0,0,0,1</mat>
				</frame>
				<frame num='18'>
					<mat>-0.421241,0.906317,-0.0338594,17.8773,-0.903334,-0.422599,-0.0734616,23.7261,-0.0808884,-0.000358618,0.996723,1.04823,0,0,0,1</mat>
				</frame>
				<frame num='19'>
					<mat>-0.421225,0.906308,-0.0342858,17.8729,-0.90332,-0.422618,-0.0735261,23.7582,-0.0811271,1.47946e-008,0.996704,1.03905,0,0,0,1</mat>
				</frame>
				<frame num='20'>
					<mat>-0.421273,0.906284,-0.0343328,17.8759,-0.903301,-0.42267,-0.0734694,23.7614,-0.0810955,6.21324e-005,0.996706,1.03365,0,0,0,1</mat>
				</frame>
				<frame num='21'>
					<mat>-0.420886,0.906457,-0.034501,17.9036,-0.90345,-0.422298,-0.0737809,23.778,-0.0814489,0.000116567,0.996678,1.04982,0,0,0,1</mat>
				</frame>
				<frame num='22'>
					<mat>-0.421324,0.906265,-0.0342167,17.8626,-0.903285,-0.422711,-0.0734328,23.7492,-0.0810134,-3.15912e-005,0.996713,1.03671,0,0,0,1</mat>
				</frame>
				<frame num='23'>
					<mat>-0.421225,0.906308,-0.0342858,17.8729,-0.90332,-0.422618,-0.0735261,23.7582,-0.081127,-1.69582e-009,0.996704,1.03914,0,0,0,1</mat>
				</frame>
				<frame num='24'>
					<mat>-0.421225,0.906308,-0.0342859,17.8729,-0.90332,-0.422618,-0.0735263,23.7583,-0.0811273,-6.90363e-009,0.996704,1.03914,0,0,0,1</mat>
				</frame>
			</track>
			<track id = '7' name='JNT_L_Toe'>
				<frame num='0'>
					<mat>-0.421192,0.90632,-0.0343543,12.2689,-0.90334,-0.422591,-0.073439,11.7187,-0.081077,0.000101671,0.996708,-0.0385167,0,0,0,1</mat>
				</frame>
				<frame num='1'>
					<mat>-0.42137,0.90625,-0.0340412,12.2418,-0.903243,-0.422742,-0.0737574,11.7547,-0.0812333,-0.000331625,0.996695,-0.049405,0,0,0,1</mat>
				</frame>
				<frame num='2'>
					<mat>-0.421412,0.906225,-0.0341851,12.2395,-0.903183,-0.422796,-0.0741838,11.762,-0.0816805,-0.000386538,0.996659,-0.0615327,0,0,0,1</mat>
				</frame>
				<frame num='3'>
					<mat>-0.421225,0.906308,-0.0342858,12.2635,-0.90332,-0.422618,-0.0735261,11.7287,-0.0811271,2.31488e-008,0.996704,-0.0412274,0,0,0,1</mat>
				</frame>
				<frame num='4'>
					<mat>-0.421707,0.906059,-0.0349323,12.3017,-0.903238,-0.423149,-0.0714627,11.5558,-0.079531,0.00141588,0.996831,-0.028619,0,0,0,1</mat>
				</frame>
				<frame num='5'>
					<mat>-0.421495,0.906188,-0.0341399,12.2418,-0.903133,-0.422875,-0.0743518,11.7878,-0.0818136,-0.000506065,0.996648,-0.0389426,0,0,0,1</mat>
				</frame>
				<frame num='6'>
					<mat>-0.421221,0.906315,-0.0341445,12.262,-0.903324,-0.422603,-0.0735713,11.7262,-0.0811083,-0.000146247,0.996705,-0.0411902,0,0,0,1</mat>
				</frame>
				<frame num='7'>
					<mat>-0.421225,0.906308,-0.0342858,12.2635,-0.90332,-0.422618,-0.0735261,11.7287,-0.0811271,7.11963e-009,0.996704,-0.0412258,0,0,0,1</mat>
				</frame>
				<frame num='8'>
					<mat>-0.421354,0.90625,-0.0342266,12.2512,-0.903248,-0.422742,-0.0737029,11.7509,-0.0812623,-0.000139881,0.996693,-0.0464878,0,0,0,1</mat>
				</frame>
				<frame num='9'>
					<mat>-0.420239,0.906871,-0.0313548,12.0145,-0.904075,-0.421404,-0.0711805,11.5121,-0.0777646,-0.00156576,0.996971,0.0884477,0,0,0,1</mat>
				</frame>
				<frame num='10'>
					<mat>-0.421707,0.906069,-0.0346759,12.266,-0.902949,-0.42313,-0.0751302,11.8883,-0.0827456,-0.000372364,0.996571,-0.0973102,0,0,0,1</mat>
				</frame>
				<frame num='11'>
					<mat>-0.421225,0.906308,-0.0342858,12.2635,-0.90332,-0.422618,-0.0735261,11.7287,-0.0811271,-1.61933e-008,0.996704,-0.0412252,0,0,0,1</mat>
				</frame>
				<frame num='12'>
					<mat>-0.422137,0.90592,-0.0332978,12.1156,-0.903027,-0.423448,-0.0723478,11.6492,-0.0796412,-0.000471884,0.996823,0.0149403,0,0,0,1</mat>
				</frame>
				<frame num='13'>
