<?xml version='1.0' encoding='UTF-8' ?>
<itpanim>
	<skeleton count='63'>
		<joint id='0' name='Roland_rifle_movement_all' parent='-1'>
			<mat>1,0,0,0,0,1,0,0,0,0,1,0,0,0,0,1</mat>
		</joint>
		<joint id='1' name='Bip01' parent='0'>
			<mat>0.825074,-0.562094,-0.0574757,28.0068,0.564496,0.815622,0.126909,-3.29461,-0.0244564,-0.137154,0.990248,-58.4608,0,0,0,1</mat>
		</joint>
		<joint id='2' name='Bip01_Pelvis' parent='1'>
			<mat>-0.0244626,-0.13716,0.990247,-58.4608,0.825078,-0.562087,-0.057473,28.0067,0.564488,0.815625,0.126918,-3.29538,0,0,0,1</mat>
		</joint>
		<joint id='3' name='Bip01_Spine' parent='2'>
			<mat>0.46718,-0.295941,0.833163,-46.7601,0.67096,-0.495018,-0.552059,58.0683,0.575808,0.816931,-0.032698,8.31958,0,0,0,1</mat>
		</joint>
		<joint id='4' name='Bip01_Spine1' parent='3'>
			<mat>0.716879,-0.512073,0.473146,-26.2377,0.362206,-0.30633,-0.880323,79.8353,0.595728,0.802461,-0.0341256,8.80111,0,0,0,1</mat>
		</joint>
		<joint id='5' name='Bip01_Spine2' parent='4'>
			<mat>0.742145,-0.521561,0.420944,-34.1085,0.319285,-0.277094,-0.906242,81.9667,0.589302,0.806965,-0.0391174,9.2163,0,0,0,1</mat>
		</joint>
		<joint id='6' name='Bip01_Neck' parent='5'>
			<mat>0.783028,-0.558558,0.273642,-46.6573,0.198968,-0.191891,-0.961035,90.8773,0.589304,0.806964,-0.0391209,9.21659,0,0,0,1</mat>
		</joint>
		<joint id='7' name='Bip01_Head' parent='6'>
			<mat>0.517545,-0.147944,0.842769,-98.4654,0.851896,-0.00314423,-0.523702,38.0458,0.0801283,0.988991,0.124405,5.3105,0,0,0,1</mat>
		</joint>
		<joint id='8' name='Bip01_L_Clavicle' parent='6'>
			<mat>0.443624,0.890343,-0.102408,12.8589,-0.327274,0.267315,0.90633,-82.1244,0.834319,-0.368554,0.409973,-53.5093,0,0,0,1</mat>
		</joint>
		<joint id='9' name='Bip01_L_Shoulder' parent='8'>
			<mat>0.350624,0.546909,-0.760232,63.7014,-0.549512,0.77748,0.305879,-22.6722,0.758353,0.310508,0.573136,-71.0235,0,0,0,1</mat>
		</joint>
		<joint id='10' name='Shoulder_armor' parent='9'>
			<mat>0.658679,0.559746,-0.502818,34.1131,-0.348724,0.819261,0.455196,-41.2606,0.666733,-0.124483,0.734827,-89.6906,0,0,0,1</mat>
		</joint>
		<joint id='11' name='Bip01_L_UpperArm' parent='8'>
			<mat>0.446532,-0.185814,-0.875261,76.4685,-0.689004,0.552685,-0.468841,55.4971,0.570861,0.812411,0.118765,-26.2494,0,0,0,1</mat>
		</joint>
		<joint id='12' name='Bip01_L_Forearm' parent='11'>
			<mat>0.815561,-0.577776,0.0321569,-27.0383,0.0947435,0.0785018,-0.992402,70.5072,0.570862,0.812411,0.118764,-26.2492,0,0,0,1</mat>
		</joint>
		<joint id='13' name='Bip01_L_Hand' parent='12'>
			<mat>0.71062,-0.55035,-0.43833,-11.1839,0.12805,-0.511433,0.849729,-77.3449,-0.691825,-0.659963,-0.292962,47.5957,0,0,0,1</mat>
		</joint>
		<joint id='14' name='Bip01_L_Finger4' parent='13'>
			<mat>0.400125,-0.648191,0.64788,-83.7238,-0.315334,0.566398,0.761418,-18.6856,-0.860503,-0.508961,0.0222334,35.226,0,0,0,1</mat>
		</joint>
		<joint id='15' name='Bip01_L_Finger41' parent='14'>
			<mat>0.0184294,0.0125161,0.999751,-70.1256,-0.509127,0.860689,-0.00138994,53.7669,-0.860493,-0.508975,0.0222343,35.225,0,0,0,1</mat>
		</joint>
		<joint id='16' name='Bip01_L_Finger42' parent='15'>
			<mat>-0.315407,0.566519,0.761298,-20.7872,-0.400063,0.648089,-0.648021,88.1677,-0.860505,-0.508957,0.0222315,35.2264,0,0,0,1</mat>
		</joint>
		<joint id='17' name='Bip01_L_Finger3' parent='13'>
			<mat>0.534457,-0.792979,0.292473,-69.7355,-0.250367,0.181973,0.950895,-44.8082,-0.807262,-0.581438,-0.101279,41.7446,0,0,0,1</mat>
		</joint>
		<joint id='18' name='Bip01_L_Finger31' parent='17'>
			<mat>0.014153,-0.190623,0.981561,-72.9248,-0.59003,0.790938,0.162111,45.9151,-0.807256,-0.581445,-0.101279,41.7442,0,0,0,1</mat>
		</joint>
		<joint id='19' name='Bip01_L_Finger32' parent='18'>
			<mat>-0.318501,0.284704,0.904157,-38.4403,-0.49688,0.762148,-0.41502,81.3667,-0.807259,-0.581441,-0.101281,41.7445,0,0,0,1</mat>
		</joint>
		<joint id='20' name='Bip01_L_Finger2' parent='13'>
			<mat>0.623507,-0.778978,0.066571,-59.4597,-0.174678,-0.055805,0.983042,-56.7474,-0.762054,-0.624563,-0.170865,46.1075,0,0,0,1</mat>
		</joint>
		<joint id='21' name='Bip01_L_Finger21' parent='20'>
			<mat>0.0741606,-0.346336,0.935174,-76.6279,-0.643247,0.699986,0.310246,37.502,-0.762059,-0.624556,-0.170868,46.1083,0,0,0,1</mat>
		</joint>
		<joint id='22' name='Bip01_L_Finger22' parent='21'>
			<mat>-0.226733,0.0102028,0.973903,-55.7241,-0.60652,0.780909,-0.149384,70.6008,-0.762053,-0.624562,-0.17087,46.1078,0,0,0,1</mat>
		</joint>
		<joint id='23' name='Bip01_L_Finger1' parent='13'>
			<mat>0.681045,-0.627685,-0.377078,-29.3431,0.0351851,-0.486318,0.873073,-71.8866,-0.731395,-0.60787,-0.30912,57.3781,0,0,0,1</mat>
		</joint>
		<joint id='24' name='Bip01_L_Finger11' parent='23'>
			<mat>0.441014,-0.767344,0.465498,-77.4625,-0.520171,0.204131,0.829308,-16.9763,-0.731388,-0.607876,-0.309126,57.378,0,0,0,1</mat>
		</joint>
		<joint id='25' name='Bip01_L_Finger12' parent='24'>
			<mat>-0.233944,-0.202146,0.951003,-55.0659,-0.640573,0.767876,0.0056411,62.4331,-0.731393,-0.607868,-0.30913,57.3789,0,0,0,1</mat>
		</joint>
		<joint id='26' name='Bip01_L_Finger0' parent='13'>
			<mat>0.988447,-0.0835782,0.126441,-66.7558,-0.073132,-0.993683,-0.0851238,-4.08744,0.132757,0.0748934,-0.988315,66.0323,0,0,0,1</mat>
		</joint>
		<joint id='27' name='Bip01_L_Finger01' parent='26'>
			<mat>0.934082,-0.342911,0.0995065,-70.0459,-0.33145,-0.936377,-0.115495,14.9322,0.13278,0.0749,-0.988311,66.031,0,0,0,1</mat>
		</joint>
		<joint id='28' name='Bip01_L_Finger02' parent='27'>
			<mat>0.988084,-0.0881989,0.126138,-76.812,-0.0777198,-0.993283,-0.0857222,-5.17481,0.132851,0.0748974,-0.988302,66.0257,0,0,0,1</mat>
		</joint>
		<joint id='29' name='Bip01_L_ForeTwist' parent='11'>
			<mat>0.815562,-0.577776,0.0321586,-27.0385,-0.170968,-0.293678,-0.940491,74.7965,0.552837,0.761531,-0.338294,8.10962,0,0,0,1</mat>
		</joint>
		<joint id='30' name='Bip01_L_ForeTwist1' parent='29'>
			<mat>0.815563,-0.577773,0.0321581,-39.5595,-0.400466,-0.603653,-0.689369,63.2426,0.417711,0.549346,-0.723696,40.7509,0,0,0,1</mat>
		</joint>
		<joint id='31' name='Bip01_R_Clavicle' parent='6'>
			<mat>-0.686231,-0.726179,-0.04184,-4.34596,-0.331678,0.261202,0.906511,-82.3493,-0.647361,0.635954,-0.420103,56.209,0,0,0,1</mat>
		</joint>
		<joint id='32' name='Bip01_R_Shoulder' parent='31'>
			<mat>-0.480352,-0.577277,-0.660314,45.4413,-0.799703,-0.0209089,0.600032,-62.818,-0.360191,0.816281,-0.451606,65.8231,0,0,0,1</mat>
		</joint>
		<joint id='33' name='Bip01_R_UpperArm' parent='31'>
			<mat>0.0192112,-0.255316,-0.966666,86.8925,-0.992462,-0.121911,0.0124753,-9.45907,-0.121033,0.959141,-0.255734,52.0332,0,0,0,1</mat>
		</joint>
		<joint id='34' name='Bip01_R_Forearm' parent='33'>
			<mat>0.964019,0.174998,0.200107,-3.91983,0.236684,-0.222311,-0.945811,60.488,-0.121029,0.959142,-0.255731,52.0329,0,0,0,1</mat>
		</joint>
		<joint id='35' name='Bip01_R_Hand' parent='34'>
			<mat>0.924622,0.297104,-0.238334,10.8421,-0.24268,0.941815,0.232573,16.6029,0.293565,-0.157203,0.942924,-81.8764,0,0,0,1</mat>
		</joint>
		<joint id='36' name='Weapon' parent='35'>
			<mat>0.078437,-0.9791,-0.187648,-11.9502,0.952716,0.129047,-0.275099,-11.6791,0.293565,-0.157197,0.942926,-87.7861,0,0,0,1</mat>
		</joint>
		<joint id='37' name='Bip01_R_Finger4' parent='35'>
			<mat>0.430152,0.889106,0.156394,-0.425141,-0.631864,0.172792,0.755573,-28.1893,0.644761,-0.423831,0.636121,-73.6649,0,0,0,1</mat>
		</joint>
		<joint id='38' name='Bip01_R_Finger41' parent='37'>
			<mat>-0.285154,0.638762,0.714612,-25.1197,-0.709208,-0.642145,0.290989,-13.1539,0.644757,-0.423831,0.636125,-73.6651,0,0,0,1</mat>
		</joint>
		<joint id='39' name='Bip01_R_Finger42' parent='38'>
			<mat>-0.745311,-0.16387,0.646264,-26.7043,-0.169665,-0.890794,-0.421543,15.4345,0.644767,-0.42383,0.636116,-73.6648,0,0,0,1</mat>
		</joint>
		<joint id='40' name='Bip01_R_Finger3' parent='35'>
			<mat>0.458368,0.884462,-0.0873288,16.7131,-0.680612,0.412507,0.605478,-10.1386,0.571546,-0.218095,0.791056,-79.9152,0,0,0,1</mat>
		</joint>
		<joint id='41' name='Bip01_R_Finger31' parent='40'>
			<mat>-0.555158,0.607145,0.568484,-6.93143,-0.604271,-0.764076,0.225932,-14.5859,0.571538,-0.21809,0.791063,-79.9152,0,0,0,1</mat>
		</joint>
		<joint id='42' name='Bip01_R_Finger32' parent='41'>
			<mat>-0.808632,-0.313593,0.497769,-18.4361,0.139512,-0.924172,-0.355587,1.68784,0.571534,-0.218094,0.791065,-79.9154,0,0,0,1</mat>
		</joint>
		<joint id='43' name='Bip01_R_Finger2' parent='35'>
			<mat>0.518926,0.852445,-0.0636688,12.371,-0.695081,0.464138,0.549034,-4.41876,0.497572,-0.240653,0.833371,-84.5182,0,0,0,1</mat>
		</joint>
		<joint id='44' name='Bip01_R_Finger21' parent='43'>
			<mat>-0.553054,0.652124,0.518522,-2.37669,-0.668245,-0.718902,0.191386,-8.94104,0.497574,-0.240653,0.833371,-84.5181,0,0,0,1</mat>
		</joint>
		<joint id='45' name='Bip01_R_Finger22' parent='44'>
			<mat>-0.796992,-0.506071,0.329692,-10.6901,0.342408,-0.828237,-0.443598,4.6765,0.497555,-0.240655,0.833381,-84.5184,0,0,0,1</mat>
		</joint>
		<joint id='46' name='Bip01_R_Finger1' parent='35'>
			<mat>0.894818,0.37224,-0.246453,0.238041,-0.311604,0.916103,0.252304,17.2388,0.319694,-0.14897,0.935737,-87.0918,0,0,0,1</mat>
		</joint>
		<joint id='47' name='Bip01_R_Finger11' parent='46'>
			<mat>0.646329,0.756427,-0.100392,4.58775,-0.692859,0.636887,0.338113,17.0678,0.319696,-0.148975,0.935735,-87.0919,0,0,0,1</mat>
		</joint>
		<joint id='48' name='Bip01_R_Finger12' parent='47'>
			<mat>-0.0578124,0.982656,0.176194,12.7621,-0.945754,-0.110426,0.305541,11.3468,0.319698,-0.148972,0.935735,-87.0919,0,0,0,1</mat>
		</joint>
		<joint id='49' name='Bip01_R_Finger0' parent='35'>
			<mat>0.518476,0.6192,0.589723,-39.2244,0.208635,0.577212,-0.789492,74.5301,-0.829249,0.53237,0.170084,23.2369,0,0,0,1</mat>
		</joint>
		<joint id='50' name='Bip01_R_Finger01' parent='49'>
			<mat>0.542761,0.839696,0.0179606,7.80521,-0.133259,0.10721,-0.985266,86.1812,-0.829248,0.53237,0.170086,23.2366,0,0,0,1</mat>
		</joint>
		<joint id='51' name='Bip01_R_Finger02' parent='50'>
			<mat>0.389843,0.769073,-0.506507,47.615,-0.400458,-0.353713,-0.845293,71.8712,-0.82925,0.532367,0.170089,23.2364,0,0,0,1</mat>
		</joint>
		<joint id='52' name='Bip01_R_ForeTwist' parent='33'>
			<mat>0.964019,0.175,0.200105,-3.91942,0.213465,-0.0609885,-0.975045,68.245,-0.158429,0.982677,-0.0961505,41.338,0,0,0,1</mat>
		</joint>
		<joint id='53' name='Bip01_R_ForeTwist1' parent='52'>
			<mat>0.964019,0.175001,0.200105,-15.4755,0.184393,0.102015,-0.977544,74.1312,-0.191485,0.979269,0.0660755,29.509,0,0,0,1</mat>
		</joint>
		<joint id='54' name='Bip01_L_Thigh' parent='3'>
			<mat>0.96258,-0.204482,-0.17784,30.7046,0.123664,-0.252493,0.959664,-51.91,-0.241137,-0.945745,-0.217758,27.7521,0,0,0,1</mat>
		</joint>
		<joint id='55' name='Bip01_L_Calf' parent='54'>
			<mat>-0.45006,0.307767,-0.838287,52.2197,0.859825,-0.104138,-0.499856,8.4603,-0.241137,-0.945746,-0.217758,27.7521,0,0,0,1</mat>
		</joint>
		<joint id='56' name='Bip01_L_Foot' parent='55'>
			<mat>-0.179416,0.216657,-0.95962,15.8995,0.941381,-0.24545,-0.231422,5.72833,-0.285678,-0.944888,-0.159919,26.7528,0,0,0,1</mat>
		</joint>
		<joint id='57' name='Bip01_L_Toe0' parent='56'>
			<mat>0.94722,-0.253084,-0.196783,-13.1725,0.145465,-0.207694,0.967318,-1.23247,-0.285683,-0.944887,-0.159917,26.7528,0,0,0,1</mat>
		</joint>
		<joint id='58' name='Bip01_R_Thigh' parent='3'>
			<mat>0.697711,-0.648944,-0.303429,38.8391,0.0363697,-0.390926,0.919703,-52.2176,-0.715455,-0.652723,-0.249152,-5.18787,0,0,0,1</mat>
		</joint>
		<joint id='59' name='Bip01_R_Calf' parent='58'>
			<mat>-0.218024,0.547394,-0.807976,50.9298,0.663769,-0.523749,-0.533945,11.7075,-0.715455,-0.652723,-0.249154,-5.18773,0,0,0,1</mat>
		</joint>
		<joint id='60' name='Bip01_R_Foot' parent='59'>
			<mat>-0.0207714,0.0198767,-0.999587,13.9987,0.608749,-0.792853,-0.0284156,3.14045,-0.79309,-0.609088,0.00436874,-9.31657,0,0,0,1</mat>
		</joint>
		<joint id='61' name='Bip01_R_Toe0' parent='60'>
			<mat>0.609097,-0.793088,0.00338312,-15.6936,0.0014061,0.00534559,0.999985,0.695065,-0.793094,-0.609083,0.00437114,-9.31662,0,0,0,1</mat>
		</joint>
		<joint id='62' name='Char_Roland' parent='0'>
			<mat>1,0,0,0,0,1,0,0,0,0,1,0,0,0,0,1</mat>
		</joint>
	</skeleton>
	<animations>
		<animation name='Take 001' length='22'>
			<track id = '0' name='Roland_rifle_movement_all'>
			</track>
			<track id = '1' name='Bip01'>
				<frame num='0'>
					<mat>-0.534292,0.831157,-0.153977,11.4697,-0.0791251,0.132181,0.988063,60.3187,0.841588,0.540097,-0.00485769,-20.6142,0,0,0,1</mat>
				</frame>
				<frame num='1'>
					<mat>-0.535521,0.82772,-0.16762,12.7218,-0.123761,0.11942,0.9851,62.322,0.835404,0.548286,0.0384876,-20.4209,0,0,0,1</mat>
				</frame>
				<frame num='2'>
					<mat>-0.538338,0.823733,-0.177922,13.942,-0.15856,0.10835,0.981386,64.1458,0.827678,0.556529,0.0722818,-20.1886,0,0,0,1</mat>
				</frame>
				<frame num='3'>
					<mat>-0.54754,0.817623,-0.178024,15.0667,-0.164593,0.103358,0.980931,65.431,0.820432,0.5664,0.0779818,-19.839,0,0,0,1</mat>
				</frame>
				<frame num='4'>
					<mat>-0.56172,0.808453,-0.175709,15.991,-0.163036,0.100048,0.981534,66.0873,0.811104,0.579994,0.075608,-19.0239,0,0,0,1</mat>
				</frame>
				<frame num='5'>
					<mat>-0.583988,0.793978,-0.168987,16.581,-0.148885,0.0998788,0.983797,65.6953,0.797992,0.599685,0.0598837,-17.4328,0,0,0,1</mat>
				</frame>
				<frame num='6'>
					<mat>-0.609755,0.775104,-0.165568,16.7564,-0.133476,0.105491,0.985422,64.9342,0.78127,0.622965,0.0391346,-16.3003,0,0,0,1</mat>
				</frame>
				<frame num='7'>
					<mat>-0.638783,0.751476,-0.165045,16.5171,-0.11711,0.117049,0.986197,63.8039,0.760422,0.649294,0.0132364,-15.6263,0,0,0,1</mat>
				</frame>
				<frame num='8'>
					<mat>-0.64704,0.745874,-0.158148,15.2666,-0.107684,0.115944,0.987401,62.7816,0.754813,0.655918,0.00529806,-17.0131,0,0,0,1</mat>
				</frame>
				<frame num='9'>
					<mat>-0.643104,0.75138,-0.147798,13.4095,-0.102305,0.106974,0.988985,61.8239,0.758914,0.651141,0.00807454,-19.6364,0,0,0,1</mat>
				</frame>
				<frame num='10'>
					<mat>-0.616462,0.773637,-0.146491,11.9494,-0.09399,0.112415,0.989206,61.1743,0.781754,0.623577,0.00341454,-21.4558,0,0,0,1</mat>
				</frame>
				<frame num='11'>
					<mat>-0.581192,0.800106,-0.148477,10.6216,-0.0842858,0.122288,0.988909,60.6273,0.809389,0.587261,-0.00363539,-23.0072,0,0,0,1</mat>
				</frame>
				<frame num='12'>
					<mat>-0.576701,0.8033,-0.148746,10.4557,-0.0830412,0.123491,0.988865,60.5589,0.812724,0.582631,-0.00451025,-23.2011,0,0,0,1</mat>
				</frame>
				<frame num='13'>
					<mat>-0.566253,0.824217,0.0048232,6.44017,0.249196,0.165618,0.954186,40.4829,0.785658,0.541512,-0.299174,-12.0251,0,0,0,1</mat>
				</frame>
				<frame num='14'>
					<mat>-0.568559,0.822616,0.00656473,6.5302,0.253806,0.167818,0.952586,40.4017,0.782511,0.543267,-0.3042,-12.1176,0,0,0,1</mat>
				</frame>
				<frame num='15'>
					<mat>-0.569523,0.821943,0.00731027,6.57523,0.257076,0.169666,0.951381,40.3621,0.78074,0.543713,-0.30793,-12.1992,0,0,0,1</mat>
				</frame>
				<frame num='16'>
					<mat>-0.565153,0.824976,0.00402153,6.4403,0.255041,0.170077,0.951855,40.489,0.784574,0.538969,-0.306522,-12.2368,0,0,0,1</mat>
				</frame>
				<frame num='17'>
					<mat>-0.562112,0.827061,0.000642817,6.32834,0.251708,0.170333,0.952696,40.6077,0.787828,0.535683,-0.303924,-12.2023,0,0,0,1</mat>
				</frame>
				<frame num='18'>
					<mat>-0.561081,0.827756,-0.00287735,6.25085,0.246422,0.17035,0.954074,40.7141,0.79023,0.534604,-0.299558,-12.0596,0,0,0,1</mat>
				</frame>
				<frame num='19'>
					<mat>-0.559512,0.828801,-0.00579422,6.20431,0.241604,0.169783,0.955406,40.7874,0.792826,0.533162,-0.295237,-11.9152,0,0,0,1</mat>
				</frame>
				<frame num='20'>
					<mat>-0.557581,0.830081,-0.00830226,6.1784,0.237093,0.168828,0.956705,40.8386,0.795544,0.531472,-0.290942,-11.7696,0,0,0,1</mat>
				</frame>
				<frame num='21'>
					<mat>-0.557193,0.830336,-0.00880286,6.17322,0.236189,0.168639,0.956962,40.8489,0.796085,0.531133,-0.290081,-11.7405,0,0,0,1</mat>
				</frame>
			</track>
			<track id = '2' name='Bip01_Pelvis'>
				<frame num='0'>
					<mat>-0.153977,-0.534291,0.831158,11.4697,0.988062,-0.0791253,0.132181,60.3187,-0.00485735,0.841589,0.540096,-20.6142,0,0,0,1</mat>
				</frame>
				<frame num='1'>
					<mat>-0.16762,-0.53552,0.827721,12.7217,0.9851,-0.123761,0.11942,62.322,0.038488,0.835405,0.548285,-20.4209,0,0,0,1</mat>
				</frame>
				<frame num='2'>
					<mat>-0.177923,-0.538337,0.823733,13.942,0.981386,-0.15856,0.108351,64.1458,0.0722822,0.827679,0.556528,-20.1886,0,0,0,1</mat>
				</frame>
				<frame num='3'>
					<mat>-0.178024,-0.547539,0.817624,15.0668,0.980931,-0.164593,0.103358,65.431,0.0779822,0.820433,0.566399,-19.839,0,0,0,1</mat>
				</frame>
				<frame num='4'>
					<mat>-0.175709,-0.561719,0.808454,15.991,0.981534,-0.163036,0.100048,66.0873,0.0756083,0.811105,0.579993,-19.0239,0,0,0,1</mat>
				</frame>
				<frame num='5'>
					<mat>-0.168987,-0.583987,0.793979,16.581,0.983797,-0.148886,0.099879,65.6953,0.059884,0.797993,0.599684,-17.4328,0,0,0,1</mat>
				</frame>
				<frame num='6'>
					<mat>-0.165778,-0.609673,0.775124,16.7564,0.985375,-0.133813,0.105495,64.9342,0.0394044,0.781277,0.62294,-16.3003,0,0,0,1</mat>
				</frame>
				<frame num='7'>
					<mat>-0.165045,-0.638782,0.751477,16.5171,0.986197,-0.11711,0.117049,63.8039,0.0132367,0.760422,0.649293,-15.6263,0,0,0,1</mat>
				</frame>
				<frame num='8'>
					<mat>-0.158148,-0.647039,0.745875,15.2666,0.987401,-0.107684,0.115944,62.7816,0.00529836,0.754814,0.655917,-17.0131,0,0,0,1</mat>
				</frame>
				<frame num='9'>
					<mat>-0.14802,-0.643053,0.75138,13.4095,0.988949,-0.102646,0.106974,61.8239,0.00833658,0.758911,0.651141,-19.6364,0,0,0,1</mat>
				</frame>
				<frame num='10'>
					<mat>-0.146491,-0.616461,0.773638,11.9494,0.989206,-0.0939902,0.112415,61.1743,0.00341485,0.781755,0.623576,-21.4558,0,0,0,1</mat>
				</frame>
				<frame num='11'>
					<mat>-0.148477,-0.581191,0.800107,10.6216,0.988909,-0.084286,0.122288,60.6273,-0.00363507,0.80939,0.58726,-23.0072,0,0,0,1</mat>
				</frame>
				<frame num='12'>
					<mat>-0.148747,-0.576699,0.8033,10.4557,0.988865,-0.0830414,0.123491,60.5589,-0.00450993,0.812725,0.58263,-23.2011,0,0,0,1</mat>
				</frame>
				<frame num='13'>
					<mat>0.00462768,-0.566314,0.824176,6.44017,0.954272,0.248854,0.165636,40.4829,-0.298902,0.785722,0.541569,-12.0251,0,0,0,1</mat>
				</frame>
				<frame num='14'>
					<mat>0.00656451,-0.568558,0.822617,6.5302,0.952586,0.253806,0.167818,40.4017,-0.304199,0.782511,0.543266,-12.1176,0,0,0,1</mat>
				</frame>
				<frame num='15'>
					<mat>0.00731004,-0.569522,0.821943,6.57524,0.951381,0.257076,0.169666,40.3621,-0.30793,0.780741,0.543711,-12.1992,0,0,0,1</mat>
				</frame>
				<frame num='16'>
					<mat>0.00402131,-0.565152,0.824977,6.4403,0.951855,0.255041,0.170076,40.489,-0.306522,0.784575,0.538968,-12.2368,0,0,0,1</mat>
				</frame>
				<frame num='17'>
					<mat>0.000642592,-0.56211,0.827061,6.32834,0.952696,0.251708,0.170333,40.6077,-0.303924,0.787829,0.535682,-12.2023,0,0,0,1</mat>
				</frame>
				<frame num='18'>
					<mat>-0.00287757,-0.56108,0.827756,6.25086,0.954074,0.246422,0.17035,40.7141,-0.299557,0.790231,0.534603,-12.0596,0,0,0,1</mat>
				</frame>
				<frame num='19'>
					<mat>-0.00579444,-0.559511,0.828802,6.20432,0.955406,0.241603,0.169782,40.7874,-0.295237,0.792827,0.533161,-11.9152,0,0,0,1</mat>
				</frame>
				<frame num='20'>
					<mat>-0.00830248,-0.55758,0.830082,6.1784,0.956705,0.237092,0.168828,40.8386,-0.290941,0.795545,0.531471,-11.7696,0,0,0,1</mat>
				</frame>
				<frame num='21'>
					<mat>-0.00880308,-0.557192,0.830337,6.17322,0.956962,0.236189,0.168638,40.8489,-0.29008,0.796085,0.531132,-11.7405,0,0,0,1</mat>
				</frame>
			</track>
			<track id = '3' name='Bip01_Spine'>
				<frame num='0'>
					<mat>-0.294316,-0.46416,0.835423,9.00947,0.821066,-0.570169,-0.0275272,71.6353,0.48911,0.677836,0.548916,-19.5957,0,0,0,1</mat>
				</frame>
				<frame num='1'>
					<mat>-0.307029,-0.458139,0.834171,10.1023,0.794409,-0.606035,-0.0404491,73.5474,0.524068,0.650253,0.55002,-18.9094,0,0,0,1</mat>
				</frame>
				<frame num='2'>
					<mat>-0.31776,-0.455092,0.831817,11.1999,0.772283,-0.633195,-0.0514073,75.2839,0.550098,0.626063,0.552664,-18.2964,0,0,0,1</mat>
				</frame>
				<frame num='3'>
					<mat>-0.323266,-0.462408,0.825637,12.3117,0.768215,-0.637705,-0.0563712,76.5561,0.55258,0.616044,0.561378,-17.8903,0,0,0,1</mat>
				</frame>
				<frame num='4'>
					<mat>-0.329608,-0.474927,0.815967,13.2446,0.769091,-0.636344,-0.059706,77.2213,0.547592,0.607873,0.575007,-17.1145,0,0,0,1</mat>
				</frame>
				<frame num='5'>
					<mat>-0.33694,-0.49611,0.800216,13.8839,0.778133,-0.625228,-0.0599807,76.8736,0.530075,0.602465,0.596704,-15.7218,0,0,0,1</mat>
				</frame>
				<frame num='6'>
					<mat>-0.349559,-0.518088,0.780636,14.0635,0.787796,-0.613528,-0.0544179,76.1499,0.507135,0.59596,0.622611,-14.8472,0,0,0,1</mat>
				</frame>
				<frame num='7'>
					<mat>-0.36663,-0.541341,0.756658,13.7955,0.798394,-0.600609,-0.0428453,75.0505,0.47765,0.588403,0.652404,-14.5022,0,0,0,1</mat>
				</frame>
				<frame num='8'>
					<mat>-0.365616,-0.551355,0.749888,12.6142,0.804031,-0.59296,-0.0439596,74.0541,0.468891,0.58686,0.660102,-15.9879,0,0,0,1</mat>
				</frame>
				<frame num='9'>
					<mat>-0.354253,-0.553452,0.753787,10.8792,0.806742,-0.588523,-0.052971,73.1207,0.472939,0.589347,0.654979,-18.5709,0,0,0,1</mat>
				</frame>
				<frame num='10'>
					<mat>-0.336694,-0.53336,0.775992,9.47075,0.812021,-0.581693,-0.0474864,72.4851,0.476717,0.614134,0.628952,-20.418,0,0,0,1</mat>
				</frame>
				<frame num='11'>
					<mat>-0.317227,-0.504434,0.803064,8.16506,0.817922,-0.574104,-0.0375199,71.947,0.479969,0.644942,0.594709,-22.0156,0,0,0,1</mat>
				</frame>
				<frame num='12'>
					<mat>-0.314786,-0.500726,0.806339,8.0017,0.818666,-0.573121,-0.0363028,71.8798,0.480308,0.648695,0.590337,-22.2154,0,0,0,1</mat>
				</frame>
				<frame num='13'>
					<mat>-0.0380878,-0.545047,0.837539,5.77151,0.984523,-0.163952,-0.0619233,51.8264,0.171067,0.822218,0.542856,-14.4762,0,0,0,1</mat>
				</frame>
				<frame num='14'>
					<mat>-0.0376171,-0.547834,0.835741,5.88106,0.985499,-0.158812,-0.0597443,51.732,0.165455,0.821374,0.545864,-14.6341,0,0,0,1</mat>
				</frame>
				<frame num='15'>
					<mat>-0.0374925,-0.548995,0.834983,5.93348,0.986154,-0.155393,-0.0578894,51.6827,0.161532,0.821252,0.547221,-14.761,0,0,0,1</mat>
				</frame>
				<frame num='16'>
					<mat>-0.0379806,-0.543765,0.838377,5.76612,0.985852,-0.157458,-0.0574641,51.8124,0.163256,0.824334,0.542052,-14.7775,0,0,0,1</mat>
				</frame>
				<frame num='17'>
					<mat>-0.0392954,-0.539683,0.84095,5.619,0.98532,-0.160851,-0.0571856,51.9366,0.16613,0.826358,0.538081,-14.7088,0,0,0,1</mat>
				</frame>
				<frame num='18'>
					<mat>-0.041853,-0.537339,0.842327,5.50216,0.984428,-0.166241,-0.0571349,52.0522,0.17073,0.826819,0.535929,-14.5126,0,0,0,1</mat>
				</frame>
				<frame num='19'>
					<mat>-0.0435801,-0.534758,0.84388,5.42391,0.983552,-0.171166,-0.0576731,52.1348,0.175285,0.827487,0.533422,-14.3149,0,0,0,1</mat>
				</frame>
				<frame num='20'>
					<mat>-0.0447451,-0.532015,0.845551,5.37149,0.982683,-0.175785,-0.0586008,52.1952,0.179811,0.828286,0.530668,-14.1162,0,0,0,1</mat>
				</frame>
				<frame num='21'>
					<mat>-0.044977,-0.531466,0.845884,5.36102,0.982506,-0.176708,-0.0587839,52.2073,0.180716,0.828442,0.530117,-14.0764,0,0,0,1</mat>
				</frame>
			</track>
			<track id = '4' name='Bip01_Spine1'>
				<frame num='0'>
					<mat>-0.535313,-0.292706,0.792314,4.87988,0.468561,-0.883377,-0.00977226,83.1729,0.702773,0.366016,0.610034,-12.7317,0,0,0,1</mat>
				</frame>
				<frame num='1'>
					<mat>-0.546475,-0.284497,0.78767,5.79411,0.446805,-0.894535,-0.0131082,84.7108,0.708328,0.344772,0.615956,-11.5544,0,0,0,1</mat>
				</frame>
				<frame num='2'>
					<mat>-0.558422,-0.27425,0.782911,6.74092,0.422489,-0.906225,-0.0160998,86.1367,0.713909,0.321781,0.621924,-10.5757,0,0,0,1</mat>
				</frame>
				<frame num='3'>
					<mat>-0.572944,-0.257354,0.778141,7.77529,0.390581,-0.920414,-0.0168233,87.352,0.720542,0.294288,0.627864,-10.1344,0,0,0,1</mat>
				</frame>
				<frame num='4'>
					<mat>-0.584875,-0.243556,0.773693,8.61896,0.369719,-0.929052,-0.0129734,88.0296,0.721961,0.278461,0.633427,-9.42846,0,0,0,1</mat>
				</frame>
				<frame num='5'>
					<mat>-0.592903,-0.235884,0.76995,9.15523,0.367969,-0.929836,-0.00151033,87.8088,0.716284,0.282423,0.638101,-8.2818,0,0,0,1</mat>
				</frame>
				<frame num='6'>
					<mat>-0.592876,-0.233865,0.770587,9.15767,0.378953,-0.925354,0.010725,87.2208,0.710557,0.298375,0.637244,-7.72948,0,0,0,1</mat>
				</frame>
				<frame num='7'>
					<mat>-0.58445,-0.238765,0.775505,8.64998,0.403696,-0.914612,0.022647,86.27,0.70388,0.326305,0.630934,-7.79873,0,0,0,1</mat>
				</frame>
				<frame num='8'>
					<mat>-0.573139,-0.248617,0.780833,7.48303,0.416494,-0.908992,0.0162887,85.3527,0.705721,0.334548,0.624527,-9.4075,0,0,0,1</mat>
				</frame>
				<frame num='9'>
					<mat>-0.560257,-0.261018,0.786118,5.90776,0.421723,-0.906724,-0.000506155,84.4574,0.712924,0.331241,0.618076,-11.9336,0,0,0,1</mat>
				</frame>
				<frame num='10'>
					<mat>-0.539413,-0.271234,0.79716,4.74591,0.431368,-0.90205,-0.0150298,83.8959,0.723155,0.335762,0.60358,-13.7277,0,0,0,1</mat>
				</frame>
				<frame num='11'>
					<mat>-0.515756,-0.280398,0.80955,3.71366,0.442299,-0.896408,-0.0286987,83.4407,0.733735,0.343262,0.586347,-15.2798,0,0,0,1</mat>
				</frame>
				<frame num='12'>
					<mat>-0.512776,-0.281545,0.811044,3.58458,0.443689,-0.895665,-0.0304021,83.3838,0.734983,0.344262,0.584194,-15.4748,0,0,0,1</mat>
				</frame>
				<frame num='13'>
					<mat>-0.115419,-0.604756,0.788002,5.24281,0.932808,-0.338638,-0.12326,65.6537,0.34139,0.720828,0.603207,-12.0815,0,0,0,1</mat>
				</frame>
				<frame num='14'>
					<mat>-0.117473,-0.626386,0.77061,5.35918,0.938107,-0.324583,-0.120829,65.5729,0.325813,0.708721,0.625747,-12.318,0,0,0,1</mat>
				</frame>
				<frame num='15'>
					<mat>-0.119191,-0.640529,0.758627,5.4135,0.941713,-0.31503,-0.118031,65.5326,0.314593,0.700341,0.640743,-12.4999,0,0,0,1</mat>
				</frame>
				<frame num='16'>
					<mat>-0.119956,-0.626459,0.770168,5.23914,0.939723,-0.32186,-0.115437,65.6582,0.320203,0.709898,0.627307,-12.4923,0,0,0,1</mat>
				</frame>
				<frame num='17'>
					<mat>-0.119385,-0.612504,0.781399,5.07342,0.937217,-0.32927,-0.114909,65.7749,0.327674,0.718623,0.61336,-12.3834,0,0,0,1</mat>
				</frame>
				<frame num='18'>
					<mat>-0.116837,-0.598836,0.792303,4.92052,0.933925,-0.337621,-0.117458,65.8781,0.337836,0.726228,0.598714,-12.1226,0,0,0,1</mat>
				</frame>
				<frame num='19'>
					<mat>-0.1193,-0.585573,0.801792,4.8179,0.930837,-0.346914,-0.114861,65.9485,0.345413,0.732635,0.586459,-11.8611,0,0,0,1</mat>
				</frame>
				<frame num='20'>
					<mat>-0.12512,-0.572532,0.810278,4.74899,0.927837,-0.356761,-0.10881,65.9968,0.351373,0.738192,0.575855,-11.5989,0,0,0,1</mat>
				</frame>
				<frame num='21'>
					<mat>-0.126278,-0.569906,0.811949,4.73524,0.927225,-0.35872,-0.107578,66.0064,0.352571,0.739274,0.57373,-11.5464,0,0,0,1</mat>
				</frame>
			</track>
			<track id = '5' name='Bip01_Spine2'>
				<frame num='0'>
					<mat>-0.538474,-0.289139,0.791481,-1.88608,0.424867,-0.904312,-0.0413056,89.1194,0.72769,0.314033,0.609794,-3.84786,0,0,0,1</mat>
				</frame>
				<frame num='1'>
					<mat>-0.554071,-0.280252,0.783877,-1.11324,0.403534,-0.91402,-0.0415489,90.3823,0.728124,0.2933,0.619523,-2.5998,0,0,0,1</mat>
				</frame>
				<frame num='2'>
					<mat>-0.568483,-0.272669,0.776194,-0.317734,0.382535,-0.922891,-0.0440345,91.5008,0.728349,0.271889,0.628954,-1.55001,0,0,0,1</mat>
				</frame>
				<frame num='3'>
					<mat>-0.57987,-0.268566,0.76917,0.532835,0.362664,-0.930496,-0.0514852,92.3126,0.729537,0.249096,0.636966,-1.02432,0,0,0,1</mat>
				</frame>
				<frame num='4'>
					<mat>-0.589842,-0.265808,0.762517,1.22553,0.353051,-0.934128,-0.0525283,92.7263,0.72625,0.238224,0.644832,-0.300235,0,0,0,1</mat>
				</frame>
				<frame num='5'>
					<mat>-0.597555,-0.265987,0.756425,1.66024,0.360754,-0.931686,-0.0426293,92.4834,0.716089,0.24741,0.65269,0.774416,0,0,0,1</mat>
				</frame>
				<frame num='6'>
					<mat>-0.602458,-0.262475,0.753757,1.66295,0.371527,-0.928051,-0.0262164,92.0343,0.706406,0.264247,0.65663,1.25393,0,0,0,1</mat>
				</frame>
				<frame num='7'>
					<mat>-0.604211,-0.256465,0.754423,1.26173,0.386346,-0.922344,-0.00412811,91.3964,0.696897,0.288974,0.656375,1.09969,0,0,0,1</mat>
				</frame>
				<frame num='8'>
					<mat>-0.591251,-0.258748,0.763853,0.237919,0.39809,-0.917342,-0.00260398,90.6409,0.701388,0.302542,0.645385,-0.486069,0,0,0,1</mat>
				</frame>
				<frame num='9'>
					<mat>-0.569351,-0.265259,0.778123,-1.17423,0.407378,-0.913163,-0.0132157,89.8116,0.71406,0.309466,0.627971,-2.92123,0,0,0,1</mat>
				</frame>
				<frame num='10'>
					<mat>-0.547413,-0.264083,0.794102,-2.07243,0.409917,-0.911888,-0.0206776,89.3721,0.729593,0.314197,0.607432,-4.586,0,0,0,1</mat>
				</frame>
				<frame num='11'>
					<mat>-0.525359,-0.260341,0.810073,-2.80549,0.41011,-0.911635,-0.0270112,89.0551,0.745524,0.318029,0.585705,-6.0043,0,0,0,1</mat>
				</frame>
				<frame num='12'>
					<mat>-0.52258,-0.259896,0.812011,-2.89688,0.410162,-0.911589,-0.0278029,89.0158,0.747446,0.318527,0.582978,-6.18354,0,0,0,1</mat>
				</frame>
				<frame num='13'>
					<mat>-0.239906,-0.686685,0.686227,3.79711,0.930667,-0.363815,-0.038695,77.4619,0.276231,0.629366,0.726356,-7.77595,0,0,0,1</mat>
				</frame>
				<frame num='14'>
					<mat>-0.232535,-0.713726,0.660698,3.88806,0.93626,-0.348198,-0.0466244,77.4477,0.263331,0.607744,0.749202,-8.20904,0,0,0,1</mat>
				</frame>
				<frame num='15'>
					<mat>-0.226817,-0.732445,0.641932,3.92104,0.939938,-0.337251,-0.0526898,77.4529,0.255085,0.591426,0.764948,-8.53257,0,0,0,1</mat>
				</frame>
				<frame num='16'>
					<mat>-0.227095,-0.721721,0.65387,3.73677,0.937675,-0.34339,-0.0533599,77.5534,0.263043,0.601,0.754723,-8.45416,0,0,0,1</mat>
				</frame>
				<frame num='17'>
					<mat>-0.227043,-0.709818,0.666789,3.57803,0.934951,-0.35052,-0.0547875,77.6386,0.272612,0.610977,0.743229,-8.25095,0,0,0,1</mat>
				</frame>
				<frame num='18'>
					<mat>-0.226558,-0.696165,0.681193,3.45708,0.931497,-0.359206,-0.0572942,77.7004,0.284575,0.62155,0.729857,-7.86186,0,0,0,1</mat>
				</frame>
				<frame num='19'>
					<mat>-0.228926,-0.683807,0.69282,3.32304,0.928141,-0.367922,-0.0564544,77.7318,0.293508,0.630111,0.718896,-7.50465,0,0,0,1</mat>
				</frame>
				<frame num='20'>
					<mat>-0.233218,-0.672302,0.70258,3.18026,0.92484,-0.376591,-0.0533663,77.7424,0.300464,0.637329,0.7096,-7.16717,0,0,0,1</mat>
				</frame>
				<frame num='21'>
					<mat>-0.234069,-0.669981,0.704511,3.15181,0.924172,-0.378319,-0.0527265,77.7443,0.301856,0.638748,0.707731,-7.0996,0,0,0,1</mat>
				</frame>
			</track>
			<track id = '6' name='Bip01_Neck'>
				<frame num='0'>
					<mat>-0.577149,-0.201133,0.791481,-15.8691,0.27782,-0.959744,-0.0413057,100.686,0.767928,0.19605,0.609794,15.0849,0,0,0,1</mat>
				</frame>
				<frame num='1'>
					<mat>-0.591159,-0.18991,0.783877,-15.5094,0.255229,-0.965987,-0.0415489,101.394,0.765106,0.175506,0.619523,16.3541,0,0,0,1</mat>
				</frame>
				<frame num='2'>
					<mat>-0.604205,-0.180162,0.776194,-15.0954,0.233098,-0.971455,-0.0440355,101.966,0.761971,0.154323,0.628954,17.4198,0,0,0,1</mat>
				</frame>
				<frame num='3'>
					<mat>-0.614807,-0.174324,0.76917,-14.5454,0.212281,-0.975851,-0.0514862,102.26,0.75957,0.131626,0.636966,17.9874,0,0,0,1</mat>
				</frame>
				<frame num='4'>
					<mat>-0.624224,-0.170037,0.762516,-14.1154,0.202218,-0.97793,-0.0525303,102.423,0.75462,0.121404,0.644832,18.6305,0,0,0,1</mat>
				</frame>
				<frame num='5'>
					<mat>-0.631869,-0.169003,0.756425,-13.8829,0.210208,-0.976726,-0.0426293,102.381,0.746024,0.132071,0.65269,19.4343,0,0,0,1</mat>
				</frame>
				<frame num='6'>
					<mat>-0.636161,-0.164766,0.753757,-14.0104,0.221418,-0.974826,-0.0262164,102.213,0.739101,0.150218,0.65663,19.652,0,0,0,1</mat>
				</frame>
				<frame num='7'>
					<mat>-0.63695,-0.158555,0.754423,-14.4604,0.236948,-0.971513,-0.00412814,101.961,0.733586,0.17613,0.656375,19.2368,0,0,0,1</mat>
				</frame>
				<frame num='8'>
					<mat>-0.624508,-0.162842,0.763853,-15.1433,0.249331,-0.968414,-0.00260402,101.511,0.74015,0.188826,0.645385,17.7624,0,0,0,1</mat>
				</frame>
				<frame num='9'>
					<mat>-0.6039,-0.172706,0.778123,-15.9782,0.259159,-0.965743,-0.0132157,100.923,0.75375,0.193677,0.627971,15.6563,0,0,0,1</mat>
				</frame>
				<frame num='10'>
					<mat>-0.582049,-0.174985,0.794102,-16.3017,0.261867,-0.964882,-0.0206786,100.55,0.769833,0.195913,0.607432,14.3965,0,0,0,1</mat>
				</frame>
				<frame num='11'>
					<mat>-0.559681,-0.174748,0.810073,-16.4582,0.262098,-0.964663,-0.0270123,100.238,0.786168,0.1972,0.585705,13.3942,0,0,0,1</mat>
				</frame>
				<frame num='12'>
					<mat>-0.556867,-0.174745,0.812011,-16.477,0.262156,-0.964624,-0.0278049,100.2,0.788145,0.19739,0.582978,13.2651,0,0,0,1</mat>
				</frame>
				<frame num='13'>
					<mat>-0.65304,-0.408945,0.637418,-2.17126,0.695697,-0.656506,0.291556,102.037,0.299238,0.633848,0.713227,-0.829597,0,0,0,1</mat>
				</frame>
				<frame num='14'>
					<mat>-0.651414,-0.441719,0.616882,-1.87428,0.705219,-0.652408,0.277539,102.162,0.279864,0.61583,0.736497,-1.59077,0,0,0,1</mat>
				</frame>
				<frame num='15'>
					<mat>-0.650362,-0.464721,0.600884,-1.68256,0.710328,-0.652375,0.264273,102.259,0.269188,0.598698,0.754385,-2.12281,0,0,0,1</mat>
				</frame>
				<frame num='16'>
					<mat>-0.651306,-0.452758,0.608941,-1.87916,0.700138,-0.667986,0.252189,102.303,0.292584,0.590595,0.752058,-1.84015,0,0,0,1</mat>
				</frame>
				<frame num='17'>
					<mat>-0.651423,-0.439921,0.618154,-2.04213,0.688786,-0.684543,0.238689,102.32,0.318149,0.581264,0.74894,-1.39066,0,0,0,1</mat>
				</frame>
				<frame num='18'>
					<mat>-0.650457,-0.42574,0.629007,-2.15682,0.675676,-0.70261,0.22316,102.295,0.346938,0.570161,0.744681,-0.692749,0,0,0,1</mat>
				</frame>
				<frame num='19'>
					<mat>-0.651391,-0.412323,0.636928,-2.35876,0.661852,-0.719247,0.211268,102.243,0.370999,0.559171,0.741409,-0.105255,0,0,0,1</mat>
				</frame>
				<frame num='20'>
					<mat>-0.653535,-0.399334,0.64298,-2.61951,0.647538,-0.734829,0.20179,102.171,0.391899,0.548231,0.738821,0.411304,0,0,0,1</mat>
				</frame>
				<frame num='21'>
					<mat>-0.653902,-0.39674,0.644211,-2.67137,0.644633,-0.737895,0.199895,102.156,0.396054,0.545992,0.738263,0.514721,0,0,0,1</mat>
				</frame>
			</track>
			<track id = '7' name='Bip01_Head'>
				<frame num='0'>
					<mat>-0.145634,-0.00470573,0.989326,-19.6304,0.839946,-0.528978,0.121128,102.496,0.522763,0.848621,0.0809897,20.0894,0,0,0,1</mat>
				</frame>
				<frame num='1'>
					<mat>-0.161452,-0.00453777,0.986869,-19.362,0.83111,-0.539849,0.133487,103.057,0.532155,0.841749,0.0909313,21.3402,0,0,0,1</mat>
				</frame>
				<frame num='2'>
					<mat>-0.172188,-0.0049072,0.985051,-19.033,0.822297,-0.551314,0.140992,103.485,0.542381,0.834283,0.0989649,22.3856,0,0,0,1</mat>
				</frame>
				<frame num='3'>
					<mat>-0.168209,-0.00577513,0.985734,-18.552,0.814175,-0.564556,0.135626,103.643,0.555719,0.825374,0.0996659,22.9375,0,0,0,1</mat>
				</frame>
				<frame num='4'>
					<mat>-0.166719,-0.00592766,0.985986,-18.1835,0.810458,-0.570354,0.133611,103.741,0.561569,0.821377,0.0998935,23.5483,0,0,0,1</mat>
				</frame>
				<frame num='5'>
					<mat>-0.169102,-0.00537013,0.985583,-18.0007,0.814525,-0.563796,0.13668,103.751,0.554935,0.825896,0.0997132,24.2961,0,0,0,1</mat>
				</frame>
				<frame num='6'>
					<mat>-0.170389,-0.00891052,0.985336,-18.1562,0.819618,-0.55636,0.136702,103.656,0.546984,0.830892,0.102102,24.4687,0,0,0,1</mat>
				</frame>
				<frame num='7'>
					<mat>-0.16966,-0.0173264,0.985349,-18.6114,0.826079,-0.54773,0.132605,103.505,0.537409,0.836475,0.107241,24.0175,0,0,0,1</mat>
				</frame>
				<frame num='8'>
					<mat>-0.157978,-0.0195929,0.987247,-19.2132,0.83451,-0.537115,0.122878,103.136,0.527858,0.84328,0.101204,22.5859,0,0,0,1</mat>
				</frame>
				<frame num='9'>
					<mat>-0.140301,-0.0173838,0.989955,-19.9137,0.84373,-0.5253,0.110353,102.612,0.518105,0.850738,0.0883678,20.5684,0,0,0,1</mat>
				</frame>
				<frame num='10'>
					<mat>-0.137462,-0.0102473,0.990453,-20.0948,0.844801,-0.523261,0.111834,102.256,0.51712,0.852109,0.080586,19.4135,0,0,0,1</mat>
				</frame>
				<frame num='11'>
					<mat>-0.139681,-0.0018046,0.990194,-20.1056,0.843128,-0.52461,0.117979,101.946,0.519253,0.85134,0.0747995,18.5176,0,0,0,1</mat>
				</frame>
				<frame num='12'>
					<mat>-0.139948,-0.000786109,0.990158,-20.106,0.842931,-0.524757,0.118723,101.908,0.5195,0.85125,0.0741017,18.4014,0,0,0,1</mat>
				</frame>
				<frame num='13'>
					<mat>-0.346838,-0.00768711,0.937893,-6.42707,0.80743,-0.511256,0.294402,106.571,0.47724,0.859393,0.18353,1.12052,0,0,0,1</mat>
				</frame>
				<frame num='14'>
					<mat>-0.344134,-0.0158155,0.938786,-6.11949,0.819065,-0.493871,0.291927,106.758,0.459023,0.86939,0.182913,0.233091,0,0,0,1</mat>
				</frame>
				<frame num='15'>
					<mat>-0.343297,-0.0241362,0.938916,-5.92091,0.829715,-0.476251,0.291127,106.888,0.440133,0.878977,0.183522,-0.368533,0,0,0,1</mat>
				</frame>
				<frame num='16'>
					<mat>-0.34943,-0.0339686,0.936346,-6.12368,0.838838,-0.456563,0.296478,106.865,0.41743,0.889041,0.188032,0.0666159,0,0,0,1</mat>
				</frame>
				<frame num='17'>
					<mat>-0.352943,-0.0415189,0.934722,-6.28742,0.84536,-0.442301,0.299555,106.809,0.400992,0.895904,0.191206,0.682707,0,0,0,1</mat>
				</frame>
				<frame num='18'>
					<mat>-0.352844,-0.0452815,0.934585,-6.3958,0.848585,-0.436301,0.299236,106.698,0.394211,0.89866,0.192372,1.56823,0,0,0,1</mat>
				</frame>
				<frame num='19'>
					<mat>-0.351848,-0.0483121,0.934808,-6.60383,0.850943,-0.43259,0.297926,106.556,0.389996,0.900295,0.193317,2.31253,0,0,0,1</mat>
				</frame>
				<frame num='20'>
					<mat>-0.350205,-0.0507927,0.935294,-6.87855,0.852749,-0.430402,0.295924,106.391,0.387522,0.901206,0.194043,2.96529,0,0,0,1</mat>
				</frame>
				<frame num='21'>
					<mat>-0.349851,-0.0512813,0.9354,-6.93281,0.853117,-0.429962,0.295504,106.357,0.387033,0.901388,0.194172,3.09578,0,0,0,1</mat>
				</frame>
			</track>
			<track id = '8' name='Bip01_L_Clavicle'>
				<frame num='0'>
					<mat>0.870788,0.28784,-0.39859,-9.01632,-0.110085,0.904273,0.412517,97.8755,0.479174,-0.315337,0.819117,14.3071,0,0,0,1</mat>
				</frame>
				<frame num='1'>
					<mat>0.860984,0.284847,-0.421386,-8.60733,-0.110828,0.91363,0.391146,98.6956,0.496408,-0.290069,0.818191,15.6167,0,0,0,1</mat>
				</frame>
				<frame num='2'>
					<mat>0.852237,0.282061,-0.440605,-8.1513,-0.114118,0.922155,0.369602,99.3667,0.510557,-0.264708,0.818083,16.7223,0,0,0,1</mat>
				</frame>
				<frame num='3'>
					<mat>0.848161,0.279852,-0.449782,-7.57348,-0.122142,0.929501,0.348006,99.7291,0.515463,-0.240229,0.822549,17.3168,0,0,0,1</mat>
				</frame>
				<frame num='4'>
