<?xml version='1.0' encoding='UTF-8' ?>
<itpanim>
	<skeleton count='63'>
		<joint id='0' name='Roland_rifle_movement_all' parent='-1'>
			<mat>1,-0,0,0,0,1,0,0,-0,-0,1,-0,0,0,0,1</mat>
		</joint>
		<joint id='1' name='Bip01' parent='0'>
			<mat>0.825074,-0.562095,0.0574757,28.0068,0.564496,0.815622,-0.126909,-3.29461,0.0244564,0.137154,0.990248,58.4608,0,0,0,1</mat>
		</joint>
		<joint id='2' name='Bip01_Pelvis' parent='1'>
			<mat>-0.0244625,-0.13716,-0.990247,-58.4608,0.825078,-0.562088,0.0574731,28.0067,-0.564488,-0.815625,0.126918,3.29538,0,0,0,1</mat>
		</joint>
		<joint id='3' name='Bip01_Spine' parent='2'>
			<mat>0.46718,-0.295941,-0.833163,-46.7601,0.67096,-0.495018,0.552059,58.0683,-0.575808,-0.816931,-0.032698,-8.31958,0,0,0,1</mat>
		</joint>
		<joint id='4' name='Bip01_Spine1' parent='3'>
			<mat>0.716879,-0.512072,-0.473145,-26.2377,0.362206,-0.30633,0.880323,79.8353,-0.595728,-0.802461,-0.0341256,-8.80111,0,0,0,1</mat>
		</joint>
		<joint id='5' name='Bip01_Spine2' parent='4'>
			<mat>0.742145,-0.521561,-0.420944,-34.1085,0.319285,-0.277094,0.906242,81.9667,-0.589302,-0.806965,-0.0391174,-9.2163,0,0,0,1</mat>
		</joint>
		<joint id='6' name='Bip01_Neck' parent='5'>
			<mat>0.783028,-0.558558,-0.273642,-46.6573,0.198968,-0.191891,0.961035,90.8773,-0.589304,-0.806964,-0.0391209,-9.21659,0,0,0,1</mat>
		</joint>
		<joint id='7' name='Bip01_Head' parent='6'>
			<mat>0.517545,-0.147943,-0.842769,-98.4654,0.851896,-0.00314329,0.523702,38.0458,-0.0801273,-0.988991,0.124406,-5.31045,0,0,0,1</mat>
		</joint>
		<joint id='8' name='Bip01_L_Clavicle' parent='6'>
			<mat>0.443624,0.890343,0.102408,12.8589,-0.327274,0.267315,-0.90633,-82.1244,-0.834319,0.368555,0.409974,53.5093,0,0,0,1</mat>
		</joint>
		<joint id='9' name='Bip01_L_Shoulder' parent='8'>
			<mat>0.350624,0.54691,0.760232,63.7014,-0.549512,0.777479,-0.305879,-22.6723,-0.758353,-0.310508,0.573136,71.0235,0,0,0,1</mat>
		</joint>
		<joint id='10' name='Shoulder_armor' parent='9'>
			<mat>0.658679,0.559746,0.502818,34.1131,-0.348724,0.819261,-0.455196,-41.2606,-0.666733,0.124483,0.734827,89.6906,0,0,0,1</mat>
		</joint>
		<joint id='11' name='Bip01_L_UpperArm' parent='8'>
			<mat>0.446532,-0.185814,0.875261,76.4685,-0.689004,0.552685,0.468841,55.4971,-0.570861,-0.812411,0.118765,26.2494,0,0,0,1</mat>
		</joint>
		<joint id='12' name='Bip01_L_Forearm' parent='11'>
			<mat>0.815561,-0.577777,-0.0321571,-27.0383,0.0947435,0.0785016,0.992402,70.5072,-0.570862,-0.812411,0.118764,26.2492,0,0,0,1</mat>
		</joint>
		<joint id='13' name='Bip01_L_Hand' parent='12'>
			<mat>0.71062,-0.55035,0.438331,-11.1839,0.12805,-0.511433,-0.849729,-77.3449,0.691825,0.659963,-0.292962,-47.5957,0,0,0,1</mat>
		</joint>
		<joint id='14' name='Bip01_L_Finger4' parent='13'>
			<mat>0.400125,-0.648192,-0.64788,-83.7239,-0.315334,0.566398,-0.761418,-18.6856,0.860503,0.508961,0.0222333,-35.226,0,0,0,1</mat>
		</joint>
		<joint id='15' name='Bip01_L_Finger41' parent='14'>
			<mat>0.0184294,0.0125162,-0.999751,-70.1256,-0.509126,0.86069,0.00139001,53.7668,0.860494,0.508974,0.0222343,-35.2251,0,0,0,1</mat>
		</joint>
		<joint id='16' name='Bip01_L_Finger42' parent='15'>
			<mat>-0.315407,0.566519,-0.761298,-20.7872,-0.400063,0.648089,0.648021,88.1677,0.860505,0.508957,0.0222315,-35.2264,0,0,0,1</mat>
		</joint>
		<joint id='17' name='Bip01_L_Finger3' parent='13'>
			<mat>0.534457,-0.792979,-0.292473,-69.7355,-0.250367,0.181973,-0.950895,-44.8082,0.807262,0.581438,-0.101279,-41.7446,0,0,0,1</mat>
		</joint>
		<joint id='18' name='Bip01_L_Finger31' parent='17'>
			<mat>0.0141527,-0.190623,-0.981561,-72.9248,-0.590029,0.790939,-0.162111,45.915,0.807257,0.581444,-0.101279,-41.7443,0,0,0,1</mat>
		</joint>
		<joint id='19' name='Bip01_L_Finger32' parent='18'>
			<mat>-0.318501,0.284704,-0.904157,-38.4403,-0.49688,0.762148,0.415019,81.3667,0.807259,0.581442,-0.101281,-41.7445,0,0,0,1</mat>
		</joint>
		<joint id='20' name='Bip01_L_Finger2' parent='13'>
			<mat>0.623507,-0.778978,-0.0665707,-59.4596,-0.174678,-0.0558053,-0.983042,-56.7474,0.762054,0.624563,-0.170865,-46.1075,0,0,0,1</mat>
		</joint>
		<joint id='21' name='Bip01_L_Finger21' parent='20'>
			<mat>0.0741603,-0.346336,-0.935174,-76.6279,-0.643246,0.699987,-0.310246,37.5019,0.762059,0.624555,-0.170868,-46.1083,0,0,0,1</mat>
		</joint>
		<joint id='22' name='Bip01_L_Finger22' parent='21'>
			<mat>-0.226733,0.0102024,-0.973903,-55.7241,-0.606519,0.780909,0.149384,70.6007,0.762054,0.624562,-0.17087,-46.1079,0,0,0,1</mat>
		</joint>
		<joint id='23' name='Bip01_L_Finger1' parent='13'>
			<mat>0.681045,-0.627685,0.377079,-29.3431,0.035185,-0.486318,-0.873073,-71.8866,0.731395,0.60787,-0.309119,-57.3781,0,0,0,1</mat>
		</joint>
		<joint id='24' name='Bip01_L_Finger11' parent='23'>
			<mat>0.441014,-0.767344,-0.465498,-77.4625,-0.520171,0.204131,-0.829308,-16.9763,0.731388,0.607875,-0.309126,-57.378,0,0,0,1</mat>
		</joint>
		<joint id='25' name='Bip01_L_Finger12' parent='24'>
			<mat>-0.233944,-0.202146,-0.951003,-55.0659,-0.640573,0.767876,-0.00564116,62.4331,0.731393,0.607867,-0.30913,-57.3789,0,0,0,1</mat>
		</joint>
		<joint id='26' name='Bip01_L_Finger0' parent='13'>
			<mat>0.988447,-0.0835782,-0.126441,-66.7558,-0.073132,-0.993683,0.0851237,-4.08744,-0.132757,-0.0748934,-0.988315,-66.0323,0,0,0,1</mat>
		</joint>
		<joint id='27' name='Bip01_L_Finger01' parent='26'>
			<mat>0.934082,-0.342911,-0.0995065,-70.0459,-0.33145,-0.936377,0.115495,14.9322,-0.13278,-0.0749,-0.988311,-66.031,0,0,0,1</mat>
		</joint>
		<joint id='28' name='Bip01_L_Finger02' parent='27'>
			<mat>0.988084,-0.0881989,-0.126138,-76.812,-0.0777198,-0.993283,0.0857222,-5.17481,-0.132851,-0.0748974,-0.988302,-66.0257,0,0,0,1</mat>
		</joint>
		<joint id='29' name='Bip01_L_ForeTwist' parent='11'>
			<mat>0.815562,-0.577776,-0.0321588,-27.0385,-0.170968,-0.293678,0.940491,74.7965,-0.552837,-0.761531,-0.338294,-8.10963,0,0,0,1</mat>
		</joint>
		<joint id='30' name='Bip01_L_ForeTwist1' parent='29'>
			<mat>0.815563,-0.577773,-0.032158,-39.5595,-0.400466,-0.603653,0.689369,63.2426,-0.417711,-0.549346,-0.723696,-40.7509,0,0,0,1</mat>
		</joint>
		<joint id='31' name='Bip01_R_Clavicle' parent='6'>
			<mat>-0.686231,-0.726179,0.0418397,-4.34596,-0.331678,0.261202,-0.906511,-82.3493,0.647361,-0.635954,-0.420103,-56.209,0,0,0,1</mat>
		</joint>
		<joint id='32' name='Bip01_R_Shoulder' parent='31'>
			<mat>-0.480352,-0.577277,0.660314,45.4413,-0.799703,-0.0209089,-0.600032,-62.818,0.360191,-0.816281,-0.451606,-65.8231,0,0,0,1</mat>
		</joint>
		<joint id='33' name='Bip01_R_UpperArm' parent='31'>
			<mat>0.0192113,-0.255317,0.966666,86.8925,-0.992462,-0.121912,-0.0124754,-9.45907,0.121033,-0.959141,-0.255734,-52.0331,0,0,0,1</mat>
		</joint>
		<joint id='34' name='Bip01_R_Forearm' parent='33'>
			<mat>0.964019,0.174998,-0.200108,-3.91979,0.236684,-0.222311,0.945811,60.488,0.121029,-0.959142,-0.255731,-52.0329,0,0,0,1</mat>
		</joint>
		<joint id='35' name='Bip01_R_Hand' parent='34'>
			<mat>0.924622,0.297104,0.238334,10.842,-0.24268,0.941815,-0.232573,16.6029,-0.293565,0.157203,0.942924,81.8764,0,0,0,1</mat>
		</joint>
		<joint id='36' name='Weapon' parent='35'>
			<mat>0.078437,-0.9791,0.187648,-11.9502,0.952716,0.129047,0.275099,-11.6791,-0.293565,0.157197,0.942926,87.7861,0,0,0,1</mat>
		</joint>
		<joint id='37' name='Bip01_R_Finger4' parent='35'>
			<mat>0.430152,0.889106,-0.156394,-0.425143,-0.631864,0.172792,-0.755573,-28.1893,-0.644761,0.423831,0.636121,73.6649,0,0,0,1</mat>
		</joint>
		<joint id='38' name='Bip01_R_Finger41' parent='37'>
			<mat>-0.285154,0.638762,-0.714612,-25.1197,-0.709208,-0.642145,-0.290989,-13.1539,-0.644757,0.423831,0.636125,73.6651,0,0,0,1</mat>
		</joint>
		<joint id='39' name='Bip01_R_Finger42' parent='38'>
			<mat>-0.745311,-0.163871,-0.646264,-26.7043,-0.169665,-0.890794,0.421543,15.4345,-0.644767,0.423829,0.636116,73.6648,0,0,0,1</mat>
		</joint>
		<joint id='40' name='Bip01_R_Finger3' parent='35'>
			<mat>0.458368,0.884461,0.0873292,16.7131,-0.680612,0.412508,-0.605478,-10.1387,-0.571546,0.218095,0.791056,79.9152,0,0,0,1</mat>
		</joint>
		<joint id='41' name='Bip01_R_Finger31' parent='40'>
			<mat>-0.555158,0.607145,-0.568483,-6.93146,-0.604271,-0.764076,-0.225932,-14.5858,-0.571538,0.21809,0.791063,79.9152,0,0,0,1</mat>
		</joint>
		<joint id='42' name='Bip01_R_Finger32' parent='41'>
			<mat>-0.808632,-0.313593,-0.497769,-18.4361,0.139512,-0.924172,0.355587,1.68787,-0.571534,0.218094,0.791065,79.9154,0,0,0,1</mat>
		</joint>
		<joint id='43' name='Bip01_R_Finger2' parent='35'>
			<mat>0.518926,0.852445,0.0636688,12.371,-0.695081,0.464138,-0.549034,-4.41876,-0.497572,0.240653,0.833371,84.5182,0,0,0,1</mat>
		</joint>
		<joint id='44' name='Bip01_R_Finger21' parent='43'>
			<mat>-0.553054,0.652124,-0.518522,-2.37672,-0.668245,-0.718902,-0.191386,-8.94105,-0.497574,0.240653,0.833371,84.5181,0,0,0,1</mat>
		</joint>
		<joint id='45' name='Bip01_R_Finger22' parent='44'>
			<mat>-0.796992,-0.506071,-0.329691,-10.6901,0.342408,-0.828237,0.443598,4.6765,-0.497555,0.240655,0.833381,84.5184,0,0,0,1</mat>
		</joint>
		<joint id='46' name='Bip01_R_Finger1' parent='35'>
			<mat>0.894818,0.372239,0.246453,0.238031,-0.311604,0.916103,-0.252304,17.2388,-0.319694,0.14897,0.935737,87.0918,0,0,0,1</mat>
		</joint>
		<joint id='47' name='Bip01_R_Finger11' parent='46'>
			<mat>0.646329,0.756426,0.100392,4.58776,-0.692859,0.636888,-0.338113,17.0678,-0.319696,0.148975,0.935735,87.0919,0,0,0,1</mat>
		</joint>
		<joint id='48' name='Bip01_R_Finger12' parent='47'>
			<mat>-0.0578124,0.982656,-0.176194,12.7621,-0.945754,-0.110426,-0.305541,11.3468,-0.319698,0.148972,0.935735,87.0919,0,0,0,1</mat>
		</joint>
		<joint id='49' name='Bip01_R_Finger0' parent='35'>
			<mat>0.518476,0.6192,-0.589723,-39.2244,0.208635,0.577212,0.789492,74.5302,0.829249,-0.53237,0.170084,-23.2369,0,0,0,1</mat>
		</joint>
		<joint id='50' name='Bip01_R_Finger01' parent='49'>
			<mat>0.542761,0.839695,-0.0179605,7.80522,-0.133259,0.10721,0.985266,86.1812,0.829248,-0.532371,0.170086,-23.2367,0,0,0,1</mat>
		</joint>
		<joint id='51' name='Bip01_R_Finger02' parent='50'>
			<mat>0.389843,0.769073,0.506507,47.615,-0.400458,-0.353713,0.845293,71.8712,0.82925,-0.532367,0.170089,-23.2364,0,0,0,1</mat>
		</joint>
		<joint id='52' name='Bip01_R_ForeTwist' parent='33'>
			<mat>0.964019,0.175,-0.200105,-3.91944,0.213465,-0.0609886,0.975045,68.245,0.158429,-0.982677,-0.0961506,-41.338,0,0,0,1</mat>
		</joint>
		<joint id='53' name='Bip01_R_ForeTwist1' parent='52'>
			<mat>0.964019,0.175001,-0.200105,-15.4755,0.184393,0.102015,0.977544,74.1312,0.191485,-0.979269,0.0660754,-29.509,0,0,0,1</mat>
		</joint>
		<joint id='54' name='Bip01_L_Thigh' parent='3'>
			<mat>0.96258,-0.204482,0.17784,30.7046,0.123664,-0.252493,-0.959664,-51.91,0.241137,0.945745,-0.217758,-27.7521,0,0,0,1</mat>
		</joint>
		<joint id='55' name='Bip01_L_Calf' parent='54'>
			<mat>-0.45006,0.307768,0.838287,52.2197,0.859825,-0.104138,0.499856,8.46028,0.241137,0.945746,-0.217758,-27.7521,0,0,0,1</mat>
		</joint>
		<joint id='56' name='Bip01_L_Foot' parent='55'>
			<mat>-0.179416,0.216657,0.95962,15.8995,0.941381,-0.24545,0.231422,5.72832,0.285678,0.944888,-0.159919,-26.7528,0,0,0,1</mat>
		</joint>
		<joint id='57' name='Bip01_L_Toe0' parent='56'>
			<mat>0.94722,-0.253084,0.196783,-13.1725,0.145465,-0.207694,-0.967318,-1.23247,0.285683,0.944887,-0.159917,-26.7528,0,0,0,1</mat>
		</joint>
		<joint id='58' name='Bip01_R_Thigh' parent='3'>
			<mat>0.697711,-0.648945,0.30343,38.8391,0.0363698,-0.390926,-0.919703,-52.2176,0.715455,0.652722,-0.249151,5.18785,0,0,0,1</mat>
		</joint>
		<joint id='59' name='Bip01_R_Calf' parent='58'>
			<mat>-0.218024,0.547394,0.807976,50.9298,0.663769,-0.523749,0.533945,11.7075,0.715455,0.652722,-0.249153,5.18772,0,0,0,1</mat>
		</joint>
		<joint id='60' name='Bip01_R_Foot' parent='59'>
			<mat>-0.0207714,0.0198767,0.999587,13.9987,0.608749,-0.792853,0.0284157,3.14045,0.79309,0.609088,0.00436874,9.31657,0,0,0,1</mat>
		</joint>
		<joint id='61' name='Bip01_R_Toe0' parent='60'>
			<mat>0.609097,-0.793088,-0.00338312,-15.6936,0.0014061,0.00534558,-0.999985,0.695065,0.793094,0.609083,0.00437114,9.31662,0,0,0,1</mat>
		</joint>
		<joint id='62' name='Char_Roland' parent='0'>
			<mat>1,-0,0,0,0,1,0,0,-0,-0,1,-0,0,0,0,1</mat>
		</joint>
	</skeleton>
	<animations>
		<animation name='Take 001' length='200'>
			<track id = '0' name='Roland_rifle_movement_all'>
			</track>
			<track id = '1' name='Bip01'>
				<frame num='0'>
					<mat>-0.534292,0.831157,0.153977,11.4697,-0.0791251,0.132181,-0.988063,60.3187,-0.841588,-0.540097,-0.00485769,20.6142,0,0,0,1</mat>
				</frame>
				<frame num='1'>
					<mat>-0.535521,0.82772,0.16762,12.7218,-0.123761,0.11942,-0.9851,62.322,-0.835404,-0.548286,0.0384876,20.4209,0,0,0,1</mat>
				</frame>
				<frame num='2'>
					<mat>-0.538338,0.823733,0.177922,13.942,-0.15856,0.10835,-0.981386,64.1458,-0.827678,-0.556529,0.0722818,20.1886,0,0,0,1</mat>
				</frame>
				<frame num='3'>
					<mat>-0.54754,0.817623,0.178024,15.0667,-0.164593,0.103358,-0.980931,65.431,-0.820432,-0.5664,0.0779818,19.839,0,0,0,1</mat>
				</frame>
				<frame num='4'>
					<mat>-0.56172,0.808453,0.175709,15.991,-0.163036,0.100048,-0.981534,66.0873,-0.811104,-0.579994,0.075608,19.0239,0,0,0,1</mat>
				</frame>
				<frame num='5'>
					<mat>-0.583988,0.793978,0.168987,16.581,-0.148885,0.0998788,-0.983797,65.6953,-0.797992,-0.599685,0.0598837,17.4328,0,0,0,1</mat>
				</frame>
				<frame num='6'>
					<mat>-0.609755,0.775104,0.165568,16.7564,-0.133476,0.105491,-0.985422,64.9342,-0.78127,-0.622965,0.0391346,16.3003,0,0,0,1</mat>
				</frame>
				<frame num='7'>
					<mat>-0.638783,0.751476,0.165045,16.5171,-0.11711,0.117049,-0.986197,63.8039,-0.760422,-0.649294,0.0132364,15.6263,0,0,0,1</mat>
				</frame>
				<frame num='8'>
					<mat>-0.64704,0.745874,0.158148,15.2666,-0.107684,0.115944,-0.987401,62.7816,-0.754813,-0.655918,0.00529806,17.0131,0,0,0,1</mat>
				</frame>
				<frame num='9'>
					<mat>-0.643104,0.75138,0.147798,13.4095,-0.102305,0.106974,-0.988985,61.8239,-0.758914,-0.651141,0.00807454,19.6364,0,0,0,1</mat>
				</frame>
				<frame num='10'>
					<mat>-0.616462,0.773637,0.146491,11.9494,-0.09399,0.112415,-0.989206,61.1743,-0.781754,-0.623577,0.00341454,21.4558,0,0,0,1</mat>
				</frame>
				<frame num='11'>
					<mat>-0.581192,0.800106,0.148477,10.6216,-0.0842858,0.122288,-0.988909,60.6273,-0.809389,-0.587261,-0.00363539,23.0072,0,0,0,1</mat>
				</frame>
				<frame num='12'>
					<mat>-0.576701,0.8033,0.148746,10.4557,-0.0830412,0.123491,-0.988865,60.5589,-0.812724,-0.582631,-0.00451025,23.2011,0,0,0,1</mat>
				</frame>
				<frame num='13'>
					<mat>-0.566253,0.824217,-0.0048232,6.44017,0.249196,0.165618,-0.954186,40.4829,-0.785658,-0.541512,-0.299174,12.0251,0,0,0,1</mat>
				</frame>
				<frame num='14'>
					<mat>-0.568559,0.822616,-0.00656473,6.5302,0.253806,0.167818,-0.952586,40.4017,-0.782511,-0.543267,-0.3042,12.1176,0,0,0,1</mat>
				</frame>
				<frame num='15'>
					<mat>-0.569523,0.821943,-0.00731027,6.57523,0.257076,0.169666,-0.951381,40.3621,-0.78074,-0.543713,-0.30793,12.1992,0,0,0,1</mat>
				</frame>
				<frame num='16'>
					<mat>-0.565153,0.824976,-0.00402153,6.4403,0.255041,0.170077,-0.951855,40.489,-0.784574,-0.538969,-0.306522,12.2368,0,0,0,1</mat>
				</frame>
				<frame num='17'>
					<mat>-0.562112,0.827061,-0.000642817,6.32834,0.251708,0.170333,-0.952696,40.6077,-0.787828,-0.535683,-0.303924,12.2023,0,0,0,1</mat>
				</frame>
				<frame num='18'>
					<mat>-0.561081,0.827756,0.00287735,6.25085,0.246422,0.17035,-0.954074,40.7141,-0.79023,-0.534604,-0.299558,12.0596,0,0,0,1</mat>
				</frame>
				<frame num='19'>
					<mat>-0.559512,0.828801,0.00579422,6.20431,0.241604,0.169783,-0.955406,40.7874,-0.792826,-0.533162,-0.295237,11.9152,0,0,0,1</mat>
				</frame>
				<frame num='20'>
					<mat>-0.557581,0.830081,0.00830226,6.1784,0.237093,0.168828,-0.956705,40.8386,-0.795544,-0.531472,-0.290942,11.7696,0,0,0,1</mat>
				</frame>
				<frame num='21'>
					<mat>-0.557193,0.830336,0.00880286,6.17322,0.236189,0.168639,-0.956962,40.8489,-0.796085,-0.531133,-0.290081,11.7405,0,0,0,1</mat>
				</frame>
				<frame num='22'>
					<mat>-0.68697,0.713046,0.140132,12.0485,-0.150132,0.0494138,-0.98743,59.4551,-0.711008,-0.699373,0.0731053,17.3656,0,0,0,1</mat>
				</frame>
				<frame num='23'>
					<mat>-0.713515,0.685655,0.144132,12.6507,-0.16075,0.0400247,-0.986183,59.5283,-0.68195,-0.726826,0.0816611,17.5239,0,0,0,1</mat>
				</frame>
				<frame num='24'>
					<mat>-0.738339,0.657446,0.150395,13.3616,-0.170941,0.0332865,-0.984719,59.6718,-0.652406,-0.752765,0.0878081,17.5184,0,0,0,1</mat>
				</frame>
				<frame num='25'>
					<mat>-0.75803,0.629635,0.170146,14.8332,-0.180965,0.0475884,-0.982337,60.3074,-0.626611,-0.775432,0.0778687,16.3665,0,0,0,1</mat>
				</frame>
				<frame num='26'>
					<mat>-0.774137,0.604264,0.18862,16.3035,-0.190879,0.0612709,-0.979699,60.9502,-0.603554,-0.794425,0.0679095,15.2984,0,0,0,1</mat>
				</frame>
				<frame num='27'>
					<mat>-0.782148,0.588679,0.204209,17.7703,-0.199416,0.0740024,-0.977117,61.6146,-0.59032,-0.804972,0.0595112,14.4816,0,0,0,1</mat>
				</frame>
				<frame num='28'>
					<mat>-0.784934,0.581127,0.214871,18.8389,-0.206205,0.0820056,-0.975066,62.1536,-0.584258,-0.80967,0.0554624,14.2181,0,0,0,1</mat>
				</frame>
				<frame num='29'>
					<mat>-0.779471,0.587446,0.217559,19.244,-0.209832,0.082393,-0.97426,62.4833,-0.59025,-0.805058,0.0590418,14.8764,0,0,0,1</mat>
				</frame>
				<frame num='30'>
					<mat>-0.76714,0.604293,0.215236,18.8507,-0.209626,0.0809528,-0.974425,62.3732,-0.606262,-0.792639,0.0645731,15.4125,0,0,0,1</mat>
				</frame>
				<frame num='31'>
					<mat>-0.747317,0.631161,0.207733,17.659,-0.205673,0.0775557,-0.975543,61.8231,-0.631835,-0.771765,0.0718539,15.8263,0,0,0,1</mat>
				</frame>
				<frame num='32'>
					<mat>-0.724207,0.6634,0.188215,16.2547,-0.190132,0.0702634,-0.979241,61.06,-0.662853,-0.744958,0.0752487,15.7752,0,0,0,1</mat>
				</frame>
				<frame num='33'>
					<mat>-0.697808,0.697847,0.161472,14.7228,-0.167873,0.0598177,-0.983992,60.1691,-0.696335,-0.713744,0.0754086,15.4452,0,0,0,1</mat>
				</frame>
				<frame num='34'>
					<mat>-0.68741,0.710871,0.148761,13.5843,-0.157365,0.0541761,-0.986053,59.7139,-0.709016,-0.701232,0.0746251,15.9103,0,0,0,1</mat>
				</frame>
				<frame num='35'>
					<mat>-0.682678,0.717035,0.140748,12.5768,-0.150714,0.0503049,-0.987296,59.404,-0.715007,-0.695219,0.0737256,16.6404,0,0,0,1</mat>
				</frame>
				<frame num='36'>
					<mat>-0.68208,0.7178,0.139745,12.4509,-0.149884,0.0498166,-0.987448,59.3652,-0.715752,-0.694464,0.0736079,16.7317,0,0,0,1</mat>
				</frame>
				<frame num='37'>
					<mat>-0.557191,0.830337,0.00880261,6.17322,0.236193,0.16864,-0.95696,40.8489,-0.796084,-0.531131,-0.290085,11.7405,0,0,0,1</mat>
				</frame>
				<frame num='38'>
					<mat>-0.557104,0.830405,0.00793571,6.17948,0.237095,0.168206,-0.956814,40.8399,-0.795878,-0.531163,-0.290593,11.7359,0,0,0,1</mat>
				</frame>
				<frame num='39'>
					<mat>-0.557015,0.830472,0.00706805,6.18574,0.237996,0.167771,-0.956666,40.8308,-0.79567,-0.531196,-0.2911,11.7313,0,0,0,1</mat>
				</frame>
				<frame num='40'>
					<mat>-0.556942,0.830528,0.00623935,6.19079,0.238927,0.167407,-0.956498,40.8392,-0.795443,-0.531223,-0.291672,11.712,0,0,0,1</mat>
				</frame>
				<frame num='41'>
					<mat>-0.556866,0.830584,0.00541036,6.19586,0.239859,0.167043,-0.956328,40.8475,-0.795215,-0.531249,-0.292245,11.6927,0,0,0,1</mat>
				</frame>
				<frame num='42'>
					<mat>-0.556858,0.830594,0.0047611,6.19966,0.240635,0.166811,-0.956174,40.8711,-0.794987,-0.531307,-0.29276,11.6615,0,0,0,1</mat>
				</frame>
				<frame num='43'>
					<mat>-0.556849,0.830603,0.00411034,6.20346,0.241411,0.166577,-0.956019,40.8947,-0.794758,-0.531366,-0.293275,11.6302,0,0,0,1</mat>
				</frame>
				<frame num='44'>
					<mat>-0.557073,0.830453,0.00415898,6.20761,0.241247,0.166618,-0.956053,40.9178,-0.794651,-0.531588,-0.293163,11.6028,0,0,0,1</mat>
				</frame>
				<frame num='45'>
					<mat>-0.557296,0.830303,0.00420728,6.21176,0.241084,0.16666,-0.956087,40.9409,-0.794543,-0.53181,-0.293052,11.5753,0,0,0,1</mat>
				</frame>
				<frame num='46'>
					<mat>-0.557571,0.830116,0.00455594,6.21424,0.240577,0.166838,-0.956184,40.9541,-0.794504,-0.532044,-0.292731,11.5624,0,0,0,1</mat>
				</frame>
				<frame num='47'>
					<mat>-0.557846,0.82993,0.00490564,6.21672,0.240069,0.167017,-0.95628,40.9673,-0.794465,-0.532279,-0.292411,11.5494,0,0,0,1</mat>
				</frame>
				<frame num='48'>
					<mat>-0.558034,0.8298,0.00548101,6.21536,0.23937,0.167292,-0.956407,40.9543,-0.794544,-0.532396,-0.291984,11.5701,0,0,0,1</mat>
				</frame>
				<frame num='49'>
					<mat>-0.558221,0.82967,0.00605607,6.214,0.238671,0.167566,-0.956534,40.9412,-0.794622,-0.532513,-0.291557,11.5908,0,0,0,1</mat>
				</frame>
				<frame num='50'>
					<mat>-0.55791,0.829872,0.00694917,6.20115,0.237854,0.167917,-0.956676,40.9088,-0.795086,-0.532087,-0.291071,11.6419,0,0,0,1</mat>
				</frame>
				<frame num='51'>
					<mat>-0.557599,0.830073,0.00784262,6.1883,0.237037,0.168269,-0.956817,40.8764,-0.795548,-0.531661,-0.290585,11.6931,0,0,0,1</mat>
				</frame>
				<frame num='52'>
					<mat>-0.557599,0.830073,0.00784262,6.1883,0.237037,0.168269,-0.956817,40.8764,-0.795548,-0.531661,-0.290585,11.6931,0,0,0,1</mat>
				</frame>
				<frame num='53'>
					<mat>-0.685713,0.718547,0.116135,15.393,-0.0820038,0.0822741,-0.99323,59.6019,-0.723238,-0.690594,0.00250719,24.0451,0,0,0,1</mat>
				</frame>
				<frame num='54'>
					<mat>-0.615097,0.777744,0.129497,13.774,-0.0758101,0.105142,-0.991563,58.8944,-0.784798,-0.619725,-0.00571192,23.8832,0,0,0,1</mat>
				</frame>
				<frame num='55'>
					<mat>-0.543937,0.826445,0.14533,12.5041,-0.0728962,0.125999,-0.989348,58.3855,-0.835954,-0.548737,-0.00829056,23.6182,0,0,0,1</mat>
				</frame>
				<frame num='56'>
					<mat>-0.502563,0.847014,0.173195,13.6768,-0.106493,0.138156,-0.984668,59.2669,-0.857956,-0.513302,0.0207686,22.6307,0,0,0,1</mat>
				</frame>
				<frame num='57'>
					<mat>-0.470693,0.859193,0.200584,15.1339,-0.138627,0.1525,-0.978533,60.293,-0.871338,-0.488395,0.0473266,21.5911,0,0,0,1</mat>
				</frame>
				<frame num='58'>
					<mat>-0.471752,0.851091,0.230422,17.4438,-0.168282,0.169618,-0.971036,61.7533,-0.865524,-0.496864,0.0632057,20.395,0,0,0,1</mat>
				</frame>
				<frame num='59'>
					<mat>-0.487947,0.834762,0.255106,19.4008,-0.188196,0.184776,-0.964593,62.881,-0.852344,-0.51868,0.0669382,19.339,0,0,0,1</mat>
				</frame>
				<frame num='60'>
					<mat>-0.529671,0.803826,0.27076,20.7697,-0.192413,0.197025,-0.961331,63.4544,-0.82609,-0.561288,0.0503082,18.5167,0,0,0,1</mat>
				</frame>
				<frame num='61'>
					<mat>-0.582334,0.767015,0.269399,21.0245,-0.189274,0.194358,-0.962497,63.0649,-0.790609,-0.611485,0.0319951,18.0639,0,0,0,1</mat>
				</frame>
				<frame num='62'>
					<mat>-0.6443,0.722562,0.250564,20.1653,-0.17726,0.177616,-0.968004,61.7123,-0.743947,-0.6681,0.0136437,17.9808,0,0,0,1</mat>
				</frame>
				<frame num='63'>
					<mat>-0.67513,0.706394,0.212618,19.6817,-0.158329,0.14275,-0.977013,60.7463,-0.720508,-0.693274,0.0154678,18.8958,0,0,0,1</mat>
				</frame>
				<frame num='64'>
					<mat>-0.687907,0.707147,0.163481,19.4235,-0.135174,0.0964779,-0.986114,60.0123,-0.7131,-0.700453,0.02922,20.4098,0,0,0,1</mat>
				</frame>
				<frame num='65'>
					<mat>-0.690532,0.709977,0.138195,18.4081,-0.115992,0.0798913,-0.990032,59.7132,-0.71394,-0.699679,0.0271843,21.7026,0,0,0,1</mat>
				</frame>
				<frame num='66'>
					<mat>-0.68975,0.713881,0.120907,17.1402,-0.0982731,0.0731391,-0.992468,59.5591,-0.717348,-0.696436,0.0197077,22.9216,0,0,0,1</mat>
				</frame>
				<frame num='67'>
					<mat>-0.689629,0.714361,0.118745,16.9818,-0.0960576,0.0722883,-0.992747,59.5398,-0.717764,-0.696034,0.0187677,23.074,0,0,0,1</mat>
				</frame>
				<frame num='68'>
					<mat>0.311182,0.950114,-0.021204,9.53674e-007,-0.26253,0.0644976,-0.962766,62.0433,-0.913369,0.305162,0.269503,25.0605,0,0,0,1</mat>
				</frame>
				<frame num='69'>
					<mat>0.294749,0.955546,0.00731182,-0.350822,-0.253646,0.0856126,-0.963501,62.2369,-0.921296,0.282136,0.267605,25.0797,0,0,0,1</mat>
				</frame>
				<frame num='70'>
					<mat>0.278186,0.959972,0.03264,-0.500103,-0.248506,0.104755,-0.962949,62.5085,-0.927824,0.259767,0.2677,25.2338,0,0,0,1</mat>
				</frame>
				<frame num='71'>
					<mat>0.263241,0.964054,0.0361039,0.761406,-0.267182,0.108814,-0.957483,63.3259,-0.926994,0.242402,0.286222,26.3321,0,0,0,1</mat>
				</frame>
				<frame num='72'>
					<mat>0.24712,0.968228,0.0382963,2.09455,-0.283199,0.109964,-0.952736,64.1988,-0.926677,0.224595,0.301375,27.6104,0,0,0,1</mat>
				</frame>
				<frame num='73'>
					<mat>0.227397,0.973137,0.035968,3.6426,-0.291238,0.103207,-0.951067,65.2383,-0.929231,0.205794,0.306884,29.4284,0,0,0,1</mat>
				</frame>
				<frame num='74'>
					<mat>0.212779,0.976485,0.0346693,4.79957,-0.29114,0.0972305,-0.951727,66.1011,-0.932718,0.192414,0.304982,31.0312,0,0,0,1</mat>
				</frame>
				<frame num='75'>
					<mat>0.206817,0.977758,0.0348641,5.30476,-0.277621,0.0928181,-0.956196,66.6694,-0.938165,0.188079,0.290643,32.2753,0,0,0,1</mat>
				</frame>
				<frame num='76'>
					<mat>0.223331,0.974188,0.0328717,5.05246,-0.265891,0.0933301,-0.959475,66.6814,-0.937777,0.20554,0.279871,32.4474,0,0,0,1</mat>
				</frame>
				<frame num='77'>
					<mat>0.262073,0.964612,0.0289857,4.04268,-0.255847,0.0984083,-0.961695,66.1369,-0.930516,0.244618,0.272583,31.5473,0,0,0,1</mat>
				</frame>
				<frame num='78'>
					<mat>0.286058,0.958185,0.00721957,3.9198,-0.270449,0.0879635,-0.958707,65.2796,-0.919254,0.272293,0.284302,30.1844,0,0,0,1</mat>
				</frame>
				<frame num='79'>
					<mat>0.300433,0.953456,-0.025699,4.32905,-0.29999,0.0688814,-0.951452,64.2347,-0.905398,0.293557,0.306721,28.5438,0,0,0,1</mat>
				</frame>
				<frame num='80'>
					<mat>0.306684,0.951195,-0.034233,3.4385,-0.299904,0.0624356,-0.951924,63.4215,-0.903328,0.302206,0.304415,27.2571,0,0,0,1</mat>
				</frame>
				<frame num='81'>
					<mat>0.310462,0.949958,-0.0345315,2.11469,-0.289912,0.0600272,-0.955169,62.6855,-0.905298,0.306555,0.29404,26.0884,0,0,0,1</mat>
				</frame>
				<frame num='82'>
					<mat>0.310934,0.949802,-0.0345653,1.94921,-0.288661,0.0597231,-0.955567,62.5936,-0.905535,0.307096,0.292741,25.9423,0,0,0,1</mat>
				</frame>
				<frame num='83'>
					<mat>-0.557191,0.830337,0.00880261,6.17322,0.236193,0.16864,-0.95696,40.8489,-0.796084,-0.531131,-0.290085,11.7405,0,0,0,1</mat>
				</frame>
				<frame num='84'>
					<mat>-0.555437,0.831513,0.00869913,6.08815,0.234521,0.166676,-0.957715,40.8993,-0.797803,-0.529911,-0.287586,11.7085,0,0,0,1</mat>
				</frame>
				<frame num='85'>
					<mat>-0.55368,0.832685,0.00859106,6.00308,0.232844,0.164714,-0.958464,40.9497,-0.799513,-0.528682,-0.285085,11.6766,0,0,0,1</mat>
				</frame>
				<frame num='86'>
					<mat>-0.548829,0.835864,0.0108223,5.8507,0.231442,0.16438,-0.958861,41.0265,-0.803257,-0.523746,-0.283671,11.7491,0,0,0,1</mat>
				</frame>
				<frame num='87'>
					<mat>-0.543954,0.839013,0.0130457,5.69832,0.230037,0.164054,-0.959254,41.1033,-0.806967,-0.518789,-0.282243,11.8216,0,0,0,1</mat>
				</frame>
				<frame num='88'>
					<mat>-0.556819,0.830532,0.0130055,5.66062,0.228419,0.168156,-0.958931,41.1332,-0.79861,-0.53098,-0.283342,11.6359,0,0,0,1</mat>
				</frame>
				<frame num='89'>
					<mat>-0.569552,0.821853,0.0129481,5.62291,0.226736,0.172233,-0.958607,41.1632,-0.790064,-0.54304,-0.284439,11.4501,0,0,0,1</mat>
				</frame>
				<frame num='90'>
					<mat>-0.589269,0.807895,0.00817183,5.71874,0.22574,0.174346,-0.95846,41.1571,-0.77576,-0.562946,-0.285111,10.984,0,0,0,1</mat>
				</frame>
				<frame num='91'>
					<mat>-0.608626,0.793449,0.00337966,5.81458,0.224692,0.176435,-0.958323,41.1511,-0.760978,-0.582501,-0.285665,10.5179,0,0,0,1</mat>
				</frame>
				<frame num='92'>
					<mat>-0.599402,0.800442,-0.00291844,5.86708,0.226465,0.166087,-0.959754,41.2091,-0.767743,-0.57594,-0.280825,10.1687,0,0,0,1</mat>
				</frame>
				<frame num='93'>
					<mat>-0.5901,0.807276,-0.00927527,5.91959,0.228119,0.155707,-0.961102,41.2672,-0.774431,-0.569262,-0.276038,9.81948,0,0,0,1</mat>
				</frame>
				<frame num='94'>
					<mat>-0.56499,0.82508,0.00547193,5.72588,0.2248,0.160311,-0.961127,41.4608,-0.793884,-0.541797,-0.276052,10.1938,0,0,0,1</mat>
				</frame>
				<frame num='95'>
					<mat>-0.53922,0.841922,0.0202104,5.53216,0.221626,0.165014,-0.961068,41.6544,-0.81248,-0.513749,-0.27557,10.5682,0,0,0,1</mat>
				</frame>
				<frame num='96'>
					<mat>-0.531757,0.846572,0.0234318,5.43712,0.223114,0.166727,-0.960428,41.6838,-0.816979,-0.505486,-0.277541,10.8618,0,0,0,1</mat>
				</frame>
				<frame num='97'>
					<mat>-0.524253,0.851145,0.0266711,5.34207,0.224618,0.168426,-0.959781,41.7131,-0.821405,-0.497177,-0.27948,11.1554,0,0,0,1</mat>
				</frame>
				<frame num='98'>
					<mat>-0.523196,0.851803,0.0263987,5.30055,0.228046,0.169783,-0.958733,41.6831,-0.821134,-0.495585,-0.28308,11.2989,0,0,0,1</mat>
				</frame>
				<frame num='99'>
					<mat>-0.522138,0.85246,0.0261312,5.25903,0.231471,0.171134,-0.957671,41.653,-0.820849,-0.493988,-0.286675,11.4423,0,0,0,1</mat>
				</frame>
				<frame num='100'>
					<mat>-0.517593,0.855175,0.0277906,5.23944,0.234318,0.172909,-0.95666,41.6289,-0.822917,-0.488649,-0.28988,11.5594,0,0,0,1</mat>
				</frame>
				<frame num='101'>
					<mat>-0.513038,0.85786,0.0294682,5.21985,0.237173,0.174667,-0.955636,41.6048,-0.824949,-0.483288,-0.293072,11.6765,0,0,0,1</mat>
				</frame>
				<frame num='102'>
					<mat>-0.506821,0.861519,0.0303062,5.2639,0.238892,0.174142,-0.955304,41.5577,-0.82829,-0.476928,-0.294068,11.902,0,0,0,1</mat>
				</frame>
				<frame num='103'>
					<mat>-0.500576,0.865131,0.0311537,5.30794,0.240605,0.173606,-0.954971,41.5106,-0.831584,-0.47054,-0.295058,12.1276,0,0,0,1</mat>
				</frame>
				<frame num='104'>
					<mat>-0.518047,0.855005,0.0243711,5.57723,0.243873,0.174952,-0.953896,41.3907,-0.819849,-0.48822,-0.299146,11.8397,0,0,0,1</mat>
				</frame>
				<frame num='105'>
					<mat>-0.535262,0.844505,0.0175051,5.84651,0.247104,0.176368,-0.952803,41.2709,-0.807734,-0.505673,-0.303084,11.5519,0,0,0,1</mat>
				</frame>
				<frame num='106'>
					<mat>-0.538591,0.84241,0.0162561,5.94835,0.246084,0.175726,-0.953185,41.276,-0.80583,-0.509377,-0.301949,11.3316,0,0,0,1</mat>
				</frame>
				<frame num='107'>
					<mat>-0.541914,0.840299,0.0150128,6.0502,0.245066,0.175081,-0.953566,41.281,-0.80391,-0.513072,-0.300808,11.1114,0,0,0,1</mat>
				</frame>
				<frame num='108'>
					<mat>-0.547975,0.836447,0.00887363,6.1427,0.248631,0.172994,-0.953024,41.2905,-0.79869,-0.520027,-0.302764,10.9825,0,0,0,1</mat>
				</frame>
				<frame num='109'>
					<mat>-0.553977,0.832527,0.00272035,6.23521,0.252209,0.170936,-0.952456,41.3,-0.79341,-0.526952,-0.304665,10.8535,0,0,0,1</mat>
				</frame>
				<frame num='110'>
					<mat>-0.562801,0.826576,-0.00510619,6.31512,0.25837,0.170045,-0.950963,41.2473,-0.785175,-0.536522,-0.309264,10.9059,0,0,0,1</mat>
				</frame>
				<frame num='111'>
					<mat>-0.571495,0.820503,-0.0129826,6.39503,0.264527,0.169225,-0.949415,41.1946,-0.776801,-0.54602,-0.313756,10.9583,0,0,0,1</mat>
				</frame>
				<frame num='112'>
					<mat>-0.565405,0.824788,-0.00644293,6.2752,0.261613,0.171921,-0.949738,41.1203,-0.782225,-0.538672,-0.31298,11.3359,0,0,0,1</mat>
				</frame>
				<frame num='113'>
					<mat>-0.559255,0.828996,9.09468e-005,6.15536,0.258718,0.17464,-0.950035,41.046,-0.787591,-0.531288,-0.312145,11.7134,0,0,0,1</mat>
				</frame>
				<frame num='114'>
					<mat>-0.550792,0.834629,0.00473254,5.99678,0.258709,0.176114,-0.949765,41.0724,-0.793535,-0.521899,-0.312928,12.0247,0,0,0,1</mat>
				</frame>
				<frame num='115'>
					<mat>-0.542264,0.840156,0.00938315,5.8382,0.258713,0.177586,-0.949489,41.0988,-0.799385,-0.512446,-0.313658,12.336,0,0,0,1</mat>
				</frame>
				<frame num='116'>
					<mat>-0.546696,0.837261,0.0108168,5.74258,0.255131,0.178866,-0.950219,41.1712,-0.797516,-0.516721,-0.311396,12.2072,0,0,0,1</mat>
				</frame>
				<frame num='117'>
					<mat>-0.551109,0.834343,0.0122637,5.64696,0.251539,0.180127,-0.950938,41.2436,-0.795617,-0.520985,-0.309139,12.0784,0,0,0,1</mat>
				</frame>
				<frame num='118'>
					<mat>-0.552558,0.833342,0.0148462,5.58682,0.246759,0.180578,-0.952104,41.2872,-0.796109,-0.522429,-0.305414,12.0329,0,0,0,1</mat>
				</frame>
				<frame num='119'>
					<mat>-0.553992,0.832339,0.0174346,5.52668,0.241972,0.18102,-0.953247,41.3307,-0.796581,-0.523873,-0.301687,11.9874,0,0,0,1</mat>
				</frame>
				<frame num='120'>
					<mat>-0.551714,0.833793,0.0200246,5.5066,0.239538,0.181407,-0.953789,41.3099,-0.798895,-0.521422,-0.29981,12.0959,0,0,0,1</mat>
				</frame>
				<frame num='121'>
					<mat>-0.549423,0.835238,0.0226082,5.48653,0.237103,0.181799,-0.954322,41.289,-0.801197,-0.518966,-0.297922,12.2045,0,0,0,1</mat>
				</frame>
				<frame num='122'>
					<mat>-0.557308,0.830074,0.0196391,5.54975,0.239186,0.183148,-0.953544,41.2181,-0.795109,-0.52672,-0.300612,12.0659,0,0,0,1</mat>
				</frame>
				<frame num='123'>
					<mat>-0.565132,0.824832,0.0166432,5.61299,0.241253,0.184518,-0.952759,41.1472,-0.788938,-0.534419,-0.303271,11.9273,0,0,0,1</mat>
				</frame>
				<frame num='124'>
					<mat>-0.559399,0.828747,0.0158528,5.7173,0.239792,0.180106,-0.953971,41.0755,-0.793456,-0.529849,-0.299479,11.9757,0,0,0,1</mat>
				</frame>
				<frame num='125'>
					<mat>-0.553642,0.832619,0.0150354,5.82162,0.238297,0.175702,-0.955167,41.0038,-0.797932,-0.525237,-0.295687,12.0241,0,0,0,1</mat>
				</frame>
				<frame num='126'>
					<mat>-0.553854,0.83251,0.0131224,5.93782,0.237458,0.173043,-0.955861,40.9497,-0.798035,-0.526291,-0.293527,11.9485,0,0,0,1</mat>
				</frame>
				<frame num='127'>
					<mat>-0.554068,0.832396,0.0112089,6.05402,0.23662,0.170382,-0.956546,40.8956,-0.798135,-0.52734,-0.291364,11.8729,0,0,0,1</mat>
				</frame>
				<frame num='128'>
					<mat>-0.554068,0.832396,0.0112089,6.05402,0.23662,0.170382,-0.956546,40.8956,-0.798135,-0.52734,-0.291364,11.8729,0,0,0,1</mat>
				</frame>
				<frame num='129'>
					<mat>-0.08185,0.985807,0.146577,4.74691,-0.193625,0.12854,-0.972619,62.1166,-0.977655,-0.10799,0.180356,24.0635,0,0,0,1</mat>
				</frame>
				<frame num='130'>
					<mat>-0.0537037,0.986525,0.154545,6.10592,-0.19534,0.141399,-0.970489,62.2808,-0.979264,-0.0823076,0.185114,23.8788,0,0,0,1</mat>
				</frame>
				<frame num='131'>
					<mat>-0.0326403,0.98607,0.163093,7.48586,-0.196435,0.153668,-0.9684,62.5132,-0.979973,-0.063646,0.188683,23.8272,0,0,0,1</mat>
				</frame>
				<frame num='132'>
					<mat>-0.0614948,0.982361,0.176595,9.01226,-0.19574,0.161624,-0.967245,63.2238,-0.978726,-0.0940472,0.182348,24.7074,0,0,0,1</mat>
				</frame>
				<frame num='133'>
					<mat>-0.0920962,0.977957,0.187394,10.5811,-0.194038,0.166961,-0.966681,63.8818,-0.976661,-0.125389,0.174385,25.5226,0,0,0,1</mat>
				</frame>
				<frame num='134'>
					<mat>-0.127982,0.973334,0.19037,12.2772,-0.188638,0.164555,-0.968162,64.3826,-0.973672,-0.159818,0.162548,26.1423,0,0,0,1</mat>
				</frame>
				<frame num='135'>
					<mat>-0.156678,0.969445,0.188755,13.7191,-0.181457,0.159607,-0.97036,64.6113,-0.970837,-0.186285,0.150906,26.4199,0,0,0,1</mat>
				</frame>
				<frame num='136'>
					<mat>-0.173498,0.968257,0.179933,14.7372,-0.171315,0.150246,-0.973693,64.3864,-0.969819,-0.199759,0.139809,26.1273,0,0,0,1</mat>
				</frame>
				<frame num='137'>
					<mat>-0.184796,0.967542,0.172371,14.684,-0.162452,0.142906,-0.976313,63.8305,-0.969257,-0.208421,0.130771,25.6134,0,0,0,1</mat>
				</frame>
				<frame num='138'>
					<mat>-0.190633,0.967492,0.166188,13.5595,-0.154975,0.137509,-0.978302,62.9438,-0.969351,-0.212251,0.123723,24.8782,0,0,0,1</mat>
				</frame>
				<frame num='139'>
					<mat>-0.164623,0.972064,0.167304,10.6622,-0.168221,0.139464,-0.975834,62.3832,-0.971906,-0.188789,0.140563,24.7158,0,0,0,1</mat>
				</frame>
				<frame num='140'>
					<mat>-0.119181,0.977924,0.171637,6.70124,-0.193549,0.14667,-0.970065,62.0184,-0.973825,-0.148834,0.171797,24.897,0,0,0,1</mat>
				</frame>
				<frame num='141'>
					<mat>-0.0971649,0.981197,0.166768,5.10367,-0.200824,0.144786,-0.968869,61.9426,-0.974797,-0.127631,0.18298,24.7595,0,0,0,1</mat>
				</frame>
				<frame num='142'>
					<mat>-0.0830213,0.98377,0.159072,4.29391,-0.202245,0.139669,-0.969324,61.9632,-0.975809,-0.112646,0.187367,24.5157,0,0,0,1</mat>
				</frame>
				<frame num='143'>
					<mat>-0.0812527,0.984073,0.158106,4.19269,-0.202428,0.139031,-0.969378,61.9658,-0.97592,-0.11077,0.187908,24.4853,0,0,0,1</mat>
				</frame>
				<frame num='144'>
					<mat>-0.650855,0.752035,0.104069,12.3071,0.000758082,0.137721,-0.990471,58.9135,-0.759201,-0.644574,-0.0902066,24.5642,0,0,0,1</mat>
				</frame>
				<frame num='145'>
					<mat>-0.694344,0.713486,0.09393,14.8449,-0.00086794,0.129693,-0.991554,58.2764,-0.719642,-0.688561,-0.0894322,23.3396,0,0,0,1</mat>
				</frame>
				<frame num='146'>
					<mat>-0.735041,0.672423,0.0869609,17.1613,-0.00444494,0.123475,-0.992338,57.6643,-0.678008,-0.729795,-0.0877703,22.0214,0,0,0,1</mat>
				</frame>
				<frame num='147'>
					<mat>-0.770387,0.629379,0.101911,17.927,-0.0250263,0.129867,-0.991216,57.2278,-0.637085,-0.76617,-0.0842971,20.0472,0,0,0,1</mat>
				</frame>
				<frame num='148'>
					<mat>-0.796469,0.592198,0.122223,18.4701,-0.0455822,0.142753,-0.988708,57.0391,-0.602959,-0.793046,-0.0867045,18.1665,0,0,0,1</mat>
				</frame>
				<frame num='149'>
					<mat>-0.801251,0.577101,0.157959,18.346,-0.0654332,0.177901,-0.98187,57.5938,-0.594739,-0.797061,-0.104782,16.5664,0,0,0,1</mat>
				</frame>
				<frame num='150'>
					<mat>-0.793574,0.577713,0.191019,18.1657,-0.0791989,0.213191,-0.973795,58.3639,-0.603297,-0.787907,-0.123428,15.3869,0,0,0,1</mat>
				</frame>
				<frame num='151'>
					<mat>-0.765178,0.604817,0.220678,17.8918,-0.0812523,0.249306,-0.96501,59.493,-0.638671,-0.756335,-0.14162,14.9084,0,0,0,1</mat>
				</frame>
				<frame num='152'>
					<mat>-0.72672,0.647337,0.229855,17.5444,-0.0756377,0.257169,-0.963402,60.1656,-0.682757,-0.717509,-0.137927,15.0445,0,0,0,1</mat>
				</frame>
				<frame num='153'>
					<mat>-0.676266,0.704057,0.216719,17.1236,-0.0647736,0.236222,-0.969538,60.3817,-0.733804,-0.669703,-0.114144,15.7952,0,0,0,1</mat>
				</frame>
				<frame num='154'>
					<mat>-0.63173,0.746221,0.209931,15.4103,-0.0547405,0.227193,-0.97231,59.8995,-0.773253,-0.625729,-0.102677,17.6383,0,0,0,1</mat>
				</frame>
				<frame num='155'>
					<mat>-0.590892,0.779602,0.207527,12.9214,-0.0446331,0.225253,-0.973277,58.9983,-0.805515,-0.584364,-0.0983041,20.1367,0,0,0,1</mat>
				</frame>
				<frame num='156'>
					<mat>-0.594096,0.783371,0.182699,12.0602,-0.0318985,0.204005,-0.97845,58.7151,-0.803761,-0.587121,-0.0962102,21.8939,0,0,0,1</mat>
				</frame>
				<frame num='157'>
					<mat>-0.611731,0.776654,0.150313,11.7415,-0.017717,0.176515,-0.984138,58.638,-0.790868,-0.604691,-0.0942198,23.4041,0,0,0,1</mat>
				</frame>
				<frame num='158'>
					<mat>-0.613885,0.775728,0.146256,11.7017,-0.0159012,0.173087,-0.984778,58.6283,-0.789235,-0.606866,-0.0939204,23.5929,0,0,0,1</mat>
				</frame>
				<frame num='159'>
