<?xml version='1.0' encoding='UTF-8' ?>
<itpanim>
	<skeleton count='111'>
		<joint id='0' name='JNT_Root' parent='0'>
			<mat>0.00028071,-0.139424,-0.990233,0,-0.00170606,0.990231,-0.139424,0,0.999999,0.00172853,4.0102e-005,0,0,0,0,1</mat>
		</joint>
		<joint id='1' name='JNT_COG' parent='0'>
			<mat>6.15159e-017,-1.22412e-016,1,51.549,0.00172854,-0.999999,-1.22518e-016,-7.25807,0.999999,0.00172854,-6.13042e-017,-0.00206719,0,0,0,1</mat>
		</joint>
		<joint id='2' name='JNT_Hip' parent='1'>
			<mat>0.983642,-0.00776909,0.179965,9.04249,0.179958,-0.00159897,-0.983673,-49.8264,0.00793,0.999969,-0.000174708,7.24887,0,0,0,1</mat>
		</joint>
		<joint id='3' name='JNT_L_LEG' parent='2'>
			<mat>-2.67944e-005,-0.0229294,0.999737,49.2002,-0.000357554,-0.999737,-0.0229294,-8.44026,1,-0.000358074,1.85888e-005,-6.89357,0,0,0,1</mat>
		</joint>
		<joint id='4' name='JNT_L_Knee' parent='3'>
			<mat>8.10012e-005,0.276108,0.961127,27.5056,-0.000349288,-0.961127,0.276108,-0.253068,1,-0.000358075,1.85888e-005,-6.89357,0,0,0,1</mat>
		</joint>
		<joint id='5' name='JNT_L_Ankle' parent='4'>
			<mat>-0.000291181,-0.780748,0.624846,2.67888,-0.000209227,-0.624846,-0.780748,-7.0794,1,-0.000358074,1.85897e-005,-6.89357,0,0,0,1</mat>
		</joint>
		<joint id='6' name='JNT_L_Ball' parent='5'>
			<mat>-0.000324486,-0.881703,0.471804,-2.01039,-0.000152551,-0.471804,-0.881703,-6.8271,1,-0.000358074,1.85892e-005,-6.89357,0,0,0,1</mat>
		</joint>
		<joint id='7' name='JNT_L_Toes' parent='6'>
			<mat>-0.000324486,-0.881703,0.471804,-10.6646,-0.000152551,-0.471804,-0.881703,-6.8271,1,-0.000358074,1.85892e-005,-6.89357,0,0,0,1</mat>
		</joint>
		<joint id='8' name='JNT_R_LEG' parent='2'>
			<mat>-2.67944e-005,-0.0229294,0.999737,49.1997,-0.000357554,-0.999737,-0.0229294,-8.44017,1,-0.000358074,1.85888e-005,6.861,0,0,0,1</mat>
		</joint>
		<joint id='9' name='JNT_R_Knee' parent='8'>
			<mat>8.10012e-005,0.276108,0.961127,27.5051,-0.000349288,-0.961127,0.276108,-0.253138,1,-0.000358075,1.85888e-005,6.861,0,0,0,1</mat>
		</joint>
		<joint id='10' name='JNT_R_Ankle' parent='9'>
			<mat>-0.000291181,-0.780748,0.624846,2.6786,-0.000209227,-0.624846,-0.780748,-7.07892,1,-0.000358074,1.85897e-005,6.861,0,0,0,1</mat>
		</joint>
		<joint id='11' name='JNT_R_Ball' parent='10'>
			<mat>-0.000324486,-0.881703,0.471804,-2.01058,-0.000152551,-0.471804,-0.881703,-6.82659,1,-0.000358074,1.85892e-005,6.861,0,0,0,1</mat>
		</joint>
		<joint id='12' name='JNT_R_Toes' parent='11'>
			<mat>-0.000324486,-0.881703,0.471804,-10.6648,-0.000152551,-0.471804,-0.881703,-6.82659,1,-0.000358074,1.85892e-005,6.861,0,0,0,1</mat>
		</joint>
		<joint id='13' name='JNT_B_Skirt03' parent='2'>
			<mat>1,-0.000356067,-6.05257e-005,-0.00201884,-6.05877e-005,-0.000174233,-1,-5.95784,0.000356056,1,-0.000174255,-18.8122,0,0,0,1</mat>
		</joint>
		<joint id='14' name='JNT_B_Skirt02' parent='2'>
			<mat>1,-0.000356067,-6.05257e-005,-0.00267579,-6.05877e-005,-0.000174233,-1,-22.7002,0.000356056,1,-0.000174255,-18.2654,0,0,0,1</mat>
		</joint>
		<joint id='15' name='JNT_B_Skirt01' parent='2'>
			<mat>1,-0.000356067,-6.05257e-005,-0.00341346,-6.05877e-005,-0.000174233,-1,-42.7104,0.000356056,1,-0.000174255,-11.1449,0,0,0,1</mat>
		</joint>
		<joint id='16' name='JNT_C_Skirt01' parent='2'>
			<mat>1,-0.000356067,-6.05257e-005,-0.00313147,-6.05877e-005,-0.000174233,-1,-42.4153,0.000356056,1,-0.000174255,25.745,0,0,0,1</mat>
		</joint>
		<joint id='17' name='JNT_C_Skirt02' parent='2'>
			<mat>6.11882e-017,9.96307e-017,1,22.6223,0.00165729,-0.999999,9.95291e-017,-31.0629,0.999999,0.00165729,-6.13532e-017,0.0615989,0,0,0,1</mat>
		</joint>
		<joint id='18' name='JNT_C_Skirt03' parent='2'>
			<mat>6.11882e-017,9.96307e-017,1,5.95241,0.00165729,-0.999999,9.95291e-017,-31.539,0.999999,0.00165729,-6.13532e-017,0.0622096,0,0,0,1</mat>
		</joint>
		<joint id='19' name='JNT_L_Skirt02' parent='2'>
			<mat>1,-0.000356067,-6.05257e-005,-23.9226,-6.05877e-005,-0.000174233,-1,-22.6375,0.000356056,1,-0.000174255,11.1368,0,0,0,1</mat>
		</joint>
		<joint id='20' name='JNT_L_Skirt03' parent='2'>
			<mat>1,-0.000356067,-6.05257e-005,-24.5136,-6.05877e-005,-0.000174233,-1,-5.95698,0.000356056,1,-0.000174255,10.8537,0,0,0,1</mat>
		</joint>
		<joint id='21' name='JNT_L_Skirt01' parent='2'>
			<mat>1,-0.000356067,-6.05257e-005,-17.5327,-6.05877e-005,-0.000174233,-1,-42.5228,0.000356056,1,-0.000174255,10.5566,0,0,0,1</mat>
		</joint>
		<joint id='22' name='JNT_BL_Skirt01' parent='2'>
			<mat>1,-0.000356067,-6.05257e-005,-9.18889,-6.05877e-005,-0.000174233,-1,-42.7471,0.000356056,1,-0.000174255,-8.39785,0,0,0,1</mat>
		</joint>
		<joint id='23' name='JNT_BL_Skirt02' parent='2'>
			<mat>1,-0.000356067,-6.05257e-005,-14.6747,-6.05877e-005,-0.000174233,-1,-22.6894,0.000356056,1,-0.000174255,-13.3136,0,0,0,1</mat>
		</joint>
		<joint id='24' name='JNT_BL_Skirt03' parent='2'>
			<mat>1,-0.000356067,-6.05257e-005,-15.0944,-6.05877e-005,-0.000174233,-1,-5.95732,0.000356056,1,-0.000174255,-13.5733,0,0,0,1</mat>
		</joint>
		<joint id='25' name='JNT_BR_Skirt03' parent='2'>
			<mat>1,-0.000356067,-6.05257e-005,15.0904,-6.05877e-005,-0.000174233,-1,-5.95852,0.000356056,1,-0.000174255,-13.5735,0,0,0,1</mat>
		</joint>
		<joint id='26' name='JNT_BR_Skirt02' parent='2'>
			<mat>1,-0.000356067,-6.05257e-005,14.6694,-6.05877e-005,-0.000174233,-1,-22.6906,0.000356056,1,-0.000174255,-13.3138,0,0,0,1</mat>
		</joint>
		<joint id='27' name='JNT_BR_Skirt01' parent='2'>
			<mat>1,-0.000356067,-6.05257e-005,9.1821,-6.05877e-005,-0.000174233,-1,-42.7478,0.000356056,1,-0.000174255,-8.39799,0,0,0,1</mat>
		</joint>
		<joint id='28' name='JNT_R_Skirt01' parent='2'>
			<mat>6.11882e-017,9.96307e-017,1,42.5213,0.00165729,-0.999999,9.95291e-017,-10.5285,0.999999,0.00165729,-6.13532e-017,17.55,0,0,0,1</mat>
		</joint>
		<joint id='29' name='JNT_R_Skirt02' parent='2'>
			<mat>6.11882e-017,9.96307e-017,1,22.636,0.00165729,-0.999999,9.95291e-017,-11.0922,0.999999,0.00165729,-6.13532e-017,23.9414,0,0,0,1</mat>
		</joint>
		<joint id='30' name='JNT_R_Skirt03' parent='2'>
			<mat>1,-0.000356067,-6.05257e-005,24.51,-6.05877e-005,-0.000174233,-1,-5.95892,0.000356056,1,-0.000174255,10.8533,0,0,0,1</mat>
		</joint>
		<joint id='31' name='JNT_Gun' parent='1'>
			<mat>-0.00030882,-0.89838,0.439219,76.6258,-0.000103657,-0.439219,-0.89838,-98.5511,1,-0.000322966,4.25158e-005,0.00118131,0,0,0,1</mat>
		</joint>
		<joint id='32' name='JNT_Gun_Clip' parent='31'>
			<mat>-0.00030882,-0.89838,0.439219,58.0846,-0.000103657,-0.439219,-0.89838,-98.5511,1,-0.000322966,4.25158e-005,0.00118131,0,0,0,1</mat>
		</joint>
		<joint id='33' name='JNT_Gun_Handle' parent='31'>
			<mat>0.0002628,0.722725,-0.691135,-76.3536,-0.000192486,-0.691135,-0.722725,-95.1719,-1,0.000322966,-4.25152e-005,-0.00118124,0,0,0,1</mat>
		</joint>
		<joint id='34' name='JNT_Gun_Handletip' parent='33'>
			<mat>0.0002628,0.722725,-0.691135,-92.4104,-0.000192486,-0.691135,-0.722725,-95.1719,-1,0.000322966,-4.25152e-005,-0.00118124,0,0,0,1</mat>
		</joint>
		<joint id='35' name='JNT_Spine01' parent='1'>
			<mat>-7.05705e-006,0.0918137,-0.995776,-51.7451,0.000292113,0.995776,0.0918137,12.8755,1,-0.000290231,-3.38472e-005,-0.0185515,0,0,0,1</mat>
		</joint>
		<joint id='36' name='JNT_Spine02' parent='35'>
			<mat>9.77683e-006,0.149006,-0.988836,-55.5704,0.000292035,0.988836,0.149006,16.1025,1,-0.000290232,-3.38473e-005,-0.0185515,0,0,0,1</mat>
		</joint>
		<joint id='37' name='JNT_Spine03' parent='36'>
			<mat>-2.69375e-005,0.0237747,-0.999717,-66.8442,0.000290954,0.999717,0.0237747,7.77799,1,-0.000290231,-3.38472e-005,-0.0185515,0,0,0,1</mat>
		</joint>
		<joint id='38' name='JNT_Neck01' parent='37'>
			<mat>-0.000141186,-0.378516,-0.925595,-67.4598,0.000255825,0.925595,-0.378516,-20.9947,1,-0.000290231,-3.38471e-005,-0.0185515,0,0,0,1</mat>
		</joint>
		<joint id='39' name='JNT_Neck02' parent='38'>
			<mat>-0.000154949,-0.428508,-0.903538,-68.0281,0.000247731,0.903538,-0.428508,-24.7474,1,-0.000290231,-3.38471e-005,-0.0185515,0,0,0,1</mat>
		</joint>
		<joint id='40' name='JNT_Head01' parent='39'>
			<mat>-0.000121551,-0.307849,-0.951435,-72.7624,0.000265716,0.951435,-0.307849,-15.4516,1,-0.000290231,-3.38472e-005,-0.0185515,0,0,0,1</mat>
		</joint>
		<joint id='41' name='JNT_Head02' parent='40'>
			<mat>6.11753e-017,-3.21633e-016,1,77.9918,-0.000290231,-1,-3.21616e-016,-8.99495,1,-0.000290231,-6.12687e-017,-0.0159117,0,0,0,1</mat>
		</joint>
		<joint id='42' name='JNT_Jaw' parent='41'>
			<mat>-0.000223195,-0.885645,0.464364,27.9106,-0.000134773,-0.464364,-0.885645,-72.6021,1,-0.000260255,-1.57175e-005,-0.0168812,0,0,0,1</mat>
		</joint>
		<joint id='43' name='JNT_Chin' parent='42'>
			<mat>-0.000223195,-0.885645,0.464364,20.1764,-0.000134773,-0.464364,-0.885645,-72.6021,1,-0.000260255,-1.57175e-005,-0.0168812,0,0,0,1</mat>
		</joint>
		<joint id='44' name='JNT_Head03' parent='41'>
			<mat>0.752556,-0.000184568,-0.658529,-57.4475,-0.658529,0.000191125,-0.752556,-65.5489,0.000264759,1,2.22894e-005,3.28456,0,0,0,1</mat>
		</joint>
		<joint id='45' name='JNT_L_Hair01' parent='44'>
			<mat>0.94657,-0.000243425,-0.322499,-33.4137,-0.322499,0.000106483,-0.94657,-84.6392,0.000264759,1,2.22894e-005,3.28456,0,0,0,1</mat>
		</joint>
		<joint id='46' name='JNT_L_Hair02' parent='45'>
			<mat>0.959868,-0.000247882,-0.280453,-38.1851,-0.280453,9.56473e-005,-0.959868,-86.4067,0.000264759,1,2.22894e-005,1.01201,0,0,0,1</mat>
		</joint>
		<joint id='47' name='JNT_L_Hair03' parent='46'>
			<mat>0.956186,-0.000246633,-0.292761,-47.4159,-0.292761,9.88239e-005,-0.956186,-86.1533,0.000264759,1,2.22894e-005,-1.18952,0,0,0,1</mat>
		</joint>
		<joint id='48' name='JNT_L_Hair04' parent='47'>
			<mat>0.97091,-0.00025172,-0.239445,-50.3372,-0.239445,8.50362e-005,-0.97091,-89.0633,0.000264759,1,2.22894e-005,-2.82292,0,0,0,1</mat>
		</joint>
		<joint id='49' name='JNT_L_Hair05' parent='48'>
			<mat>0.966215,-0.000250069,-0.257739,-61.0679,-0.257739,8.9775e-005,-0.966215,-88.3747,0.000264759,1,2.22894e-005,-5.17038,0,0,0,1</mat>
		</joint>
		<joint id='50' name='JNT_L_Hair06' parent='49'>
			<mat>1,-0.000264757,-9.60785e-005,-42.243,-9.60726e-005,2.23148e-005,-1,-103.12,0.000264759,1,2.22894e-005,-6.97359,0,0,0,1</mat>
		</joint>
		<joint id='51' name='JNT_R_Hair01' parent='44'>
			<mat>0.946601,-0.000257807,0.322407,33.2796,0.322407,-6.4261e-005,-0.946601,-84.685,0.000264759,1,2.22894e-005,3.28456,0,0,0,1</mat>
		</joint>
		<joint id='52' name='JNT_R_Hair02' parent='51'>
			<mat>0.959895,-0.00026039,0.280361,38.0491,0.280361,-5.28326e-005,-0.959895,-86.4466,0.000264759,1,2.22894e-005,1.01201,0,0,0,1</mat>
		</joint>
		<joint id='53' name='JNT_R_Hair03' parent='52'>
			<mat>0.956214,-0.00025969,0.292669,47.2805,0.292669,-5.61733e-005,-0.956214,-86.1949,0.000264759,1,2.22894e-005,-1.18952,0,0,0,1</mat>
		</joint>
		<joint id='54' name='JNT_R_Hair04' parent='53'>
			<mat>0.970933,-0.000262398,0.239351,50.1997,0.239351,-4.17288e-005,-0.970933,-89.0973,0.000264759,1,2.22894e-005,-2.82292,0,0,0,1</mat>
		</joint>
		<joint id='55' name='JNT_R_Hair05' parent='54'>
			<mat>0.966239,-0.000261563,0.257646,60.9311,0.257646,-4.66772e-005,-0.966239,-88.4114,0.000264759,1,2.22894e-005,-5.17037,0,0,0,1</mat>
		</joint>
		<joint id='56' name='JNT_R_Hair06' parent='55'>
			<mat>1,-0.000264759,-2.04658e-007,42.1012,-1.98757e-007,2.22895e-005,-1,-103.121,0.000264759,1,2.22894e-005,-6.97359,0,0,0,1</mat>
		</joint>
		<joint id='57' name='JNT_L_Eye' parent='41'>
			<mat>1,-0.000256384,-2.04942e-007,-2.89776,-2.04942e-007,5.25439e-011,-1,-80.7968,0.000256384,1,6.12323e-017,14.6625,0,0,0,1</mat>
		</joint>
		<joint id='58' name='JNT_R_Eye' parent='41'>
			<mat>1,-0.000324079,2.04942e-007,2.86613,-2.04942e-007,6.64172e-011,1,80.7966,-0.000324079,-1,-1.60812e-016,-14.6625,0,0,0,1</mat>
		</joint>
		<joint id='59' name='JNT_L_Clavicle' parent='36'>
			<mat>0.941472,0.0450059,0.334074,16.3381,0.333699,0.0158358,-0.942547,-61.8092,-0.0477105,0.998861,-0.00010943,7.68664,0,0,0,1</mat>
		</joint>
		<joint id='60' name='JNT_L_Arm' parent='59'>
			<mat>0.867555,-0.154669,0.47268,22.3574,0.465321,-0.0830854,-0.881234,-59.6285,0.175573,0.984466,-0.000110182,5.94953,0,0,0,1</mat>
		</joint>
		<joint id='61' name='JNT_L_Elbow' parent='60'>
			<mat>0.658586,-0.430092,0.617483,20.1763,0.516955,-0.337702,-0.786584,-57.4048,0.546829,0.837244,-6.73098e-005,-1.85661,0,0,0,1</mat>
		</joint>
		<joint id='62' name='JNT_L_Wrist' parent='61'>
			<mat>0.697681,-0.368447,0.6144,12.2569,0.543264,-0.28697,-0.788994,-57.4914,0.467017,0.884248,-4.94634e-005,0.52005,0,0,0,1</mat>
		</joint>
		<joint id='63' name='JNT_L_Hand' parent='62'>
			<mat>-0.258813,-0.865215,0.429441,17.3358,-0.122979,-0.411456,-0.903095,-49.6144,0.958067,-0.286545,8.70945e-005,-25.8673,0,0,0,1</mat>
		</joint>
		<joint id='64' name='JNT_L_Thumb01' parent='63'>
			<mat>-0.112158,-0.778088,0.61806,21.4097,-0.0880992,-0.611749,-0.78613,-47.6565,0.989777,-0.142621,6.33794e-005,-24.2768,0,0,0,1</mat>
		</joint>
		<joint id='65' name='JNT_L_Thumb02' parent='64'>
			<mat>-0.0641869,-0.572135,0.817644,31.7886,-0.0910957,-0.812554,-0.575724,-40.7139,0.993771,-0.111438,3.63128e-005,-23.8188,0,0,0,1</mat>
		</joint>
		<joint id='66' name='JNT_L_Thumb03' parent='65'>
			<mat>-0.0641869,-0.572135,0.817644,30.4125,-0.0910957,-0.812554,-0.575724,-40.7139,0.993771,-0.111438,3.63128e-005,-23.8188,0,0,0,1</mat>
		</joint>
		<joint id='67' name='JNT_L_Index01' parent='63'>
			<mat>0.34788,-0.236732,0.907159,30.2769,0.697968,-0.580628,-0.419179,-49.9593,0.625955,0.778992,-0.0367573,-4.34632,0,0,0,1</mat>
		</joint>
		<joint id='68' name='JNT_L_Index02' parent='67'>
			<mat>0.0549609,-0.0772597,0.995495,43.4173,0.76813,-0.633709,-0.0915899,-37.6443,0.63793,0.769704,0.0245163,-1.99883,0,0,0,1</mat>
		</joint>
		<joint id='69' name='JNT_L_Index03' parent='68'>
			<mat>-0.0128884,-0.0649364,0.997806,44.3775,0.752331,-0.657953,-0.0331014,-35.0132,0.658659,0.750254,0.0573336,-1.45889,0,0,0,1</mat>
		</joint>
		<joint id='70' name='JNT_L_Index04' parent='69'>
			<mat>-0.0128884,-0.0649364,0.997806,43.3057,0.752331,-0.657953,-0.0331014,-35.0132,0.658659,0.750254,0.0573336,-1.45889,0,0,0,1</mat>
		</joint>
		<joint id='71' name='JNT_L_Middle01' parent='63'>
			<mat>0.436455,-0.236662,0.868043,26.0863,0.762992,-0.413935,-0.496489,-52.4177,0.476813,0.879005,-9.28385e-005,1.7603,0,0,0,1</mat>
		</joint>
		<joint id='72' name='JNT_L_Middle02' parent='71'>
			<mat>0.086029,-0.102819,0.990973,42.8276,0.812454,-0.568458,-0.129512,-39.0827,0.576643,0.816262,0.0346319,-0.513775,0,0,0,1</mat>
		</joint>
		<joint id='73' name='JNT_L_Middle03' parent='72'>
			<mat>0.0338578,-0.0582627,0.997727,44.4428,0.819909,-0.569228,-0.0610639,-36.1232,0.571492,0.820112,0.0284973,-0.585353,0,0,0,1</mat>
		</joint>
		<joint id='74' name='JNT_L_Middle04' parent='73'>
			<mat>-0.0900371,-0.0609176,0.994074,46.6257,0.755563,-0.654463,0.0283283,-31.7285,0.648859,0.753636,0.104953,-0.485444,0,0,0,1</mat>
		</joint>
		<joint id='75' name='JNT_L_Middle05' parent='74'>
			<mat>-0.0900373,-0.0609177,0.994074,45.1444,-0.822322,-0.558542,-0.108709,8.68183,0.561854,-0.827236,0.000195606,-30.5215,0,0,0,1</mat>
		</joint>
		<joint id='76' name='JNT_L_Ring01' parent='63'>
			<mat>0.282733,-0.100049,0.953967,36.6222,0.899261,-0.318406,-0.299913,-44.9063,0.333755,0.94266,-5.34596e-005,5.10617,0,0,0,1</mat>
		</joint>
		<joint id='77' name='JNT_L_Ring02' parent='76'>
			<mat>0.0138844,-0.0242838,0.999609,46.305,0.938344,-0.34504,-0.0214156,-33.3261,0.345425,0.938274,0.0179959,5.55289,0,0,0,1</mat>
		</joint>
		<joint id='78' name='JNT_L_Ring03' parent='77'>
			<mat>0.0408,-0.0146668,0.99906,44.6504,0.93965,-0.339379,-0.0433561,-34.2866,0.339696,0.940535,-6.5012e-005,4.92025,0,0,0,1</mat>
		</joint>
		<joint id='79' name='JNT_L_Ring04' parent='78'>
			<mat>-0.168949,-0.109424,0.979532,47.4404,0.917041,-0.381692,0.115531,-27.1131,0.361238,0.917789,0.164833,11.4015,0,0,0,1</mat>
		</joint>
		<joint id='80' name='JNT_L_Ring05' parent='79'>
			<mat>-0.168949,-0.109424,0.979532,46.2208,-0.821925,-0.532843,-0.201289,6.21313,0.543963,-0.839109,8.47378e-005,-28.7491,0,0,0,1</mat>
		</joint>
		<joint id='81' name='JNT_L_Pinky01' parent='63'>
			<mat>0.207091,-0.0924744,0.973941,39.8756,0.889225,-0.397292,-0.2268,-41.8296,0.407912,0.913021,-4.49117e-005,0.909637,0,0,0,1</mat>
		</joint>
		<joint id='82' name='JNT_L_Pinky02' parent='81'>
			<mat>0.028711,-0.0665204,0.997372,45.2015,0.892978,-0.446666,-0.0554965,-34.5588,0.449184,0.892224,0.046577,1.62583,0,0,0,1</mat>
		</joint>
		<joint id='83' name='JNT_L_Pinky03' parent='82'>
			<mat>-0.152533,-0.0445487,0.987294,48.8544,0.868635,-0.482528,0.112428,-26.6908,0.471388,0.874747,0.112298,3.74081,0,0,0,1</mat>
		</joint>
		<joint id='84' name='JNT_L_Pinky04' parent='83'>
			<mat>-0.152533,-0.0445487,0.987294,47.6884,-0.94754,-0.277341,-0.158905,16.2281,0.280896,-0.959738,9.17944e-005,-21.5184,0,0,0,1</mat>
		</joint>
		<joint id='85' name='JNT_R_Clavicle' parent='36'>
			<mat>-0.941423,0.0455524,0.334139,16.373,-0.333754,0.0160295,-0.942524,-61.7966,-0.0482903,-0.998833,0.000112731,-7.6849,0,0,0,1</mat>
		</joint>
		<joint id='86' name='JNT_R_Arm' parent='85'>
			<mat>-0.867612,-0.154166,0.472738,22.3894,-0.465428,-0.0828152,-0.881203,-59.611,0.175001,-0.984568,9.85268e-005,-5.95606,0,0,0,1</mat>
		</joint>
		<joint id='87' name='JNT_R_Elbow' parent='86'>
			<mat>-0.658736,-0.429699,0.617597,20.2057,-0.517226,-0.337495,-0.786495,-57.3835,0.546392,-0.837529,6.80652e-005,1.83962,0,0,0,1</mat>
		</joint>
		<joint id='88' name='JNT_R_Wrist' parent='87'>
			<mat>-0.697799,-0.368034,0.614514,12.2874,-0.543509,-0.28675,-0.788906,-57.4693,0.466556,-0.884492,6.38581e-005,-0.533598,0,0,0,1</mat>
		</joint>
		<joint id='89' name='JNT_R_Hand' parent='88'>
			<mat>0.25845,-0.865296,0.429496,17.3329,0.122485,-0.41166,-0.903069,-49.6226,0.958228,0.286005,-0.000407727,25.818,0,0,0,1</mat>
		</joint>
		<joint id='90' name='JNT_R_Thumb01' parent='89'>
			<mat>0.111898,-0.778059,0.618144,21.4145,0.0875288,-0.611916,-0.786064,-47.6606,0.989857,0.142065,-0.000369825,24.2272,0,0,0,1</mat>
		</joint>
		<joint id='91' name='JNT_R_Thumb02' parent='90'>
			<mat>0.0641122,-0.572126,0.817656,31.7914,0.0904646,-0.812636,-0.575707,-40.7183,0.993834,0.110879,-0.000342737,23.7691,0,0,0,1</mat>
		</joint>
		<joint id='92' name='JNT_R_Thumb03' parent='91'>
			<mat>0.0641122,-0.572126,0.817656,30.4153,0.0904646,-0.812636,-0.575707,-40.7183,0.993834,0.110879,-0.000342737,23.7691,0,0,0,1</mat>
		</joint>
		<joint id='93' name='JNT_R_Index01' parent='89'>
			<mat>-0.347665,-0.23638,0.907333,30.306,-0.75035,-0.510125,-0.420413,-50.107,0.562231,-0.82698,-1.51834e-005,-0.0498629,0,0,0,1</mat>
		</joint>
		<joint id='94' name='JNT_R_Index02' parent='93'>
			<mat>-0.0546353,-0.0770362,0.99553,43.4303,-0.821127,-0.563811,-0.088693,-37.6268,0.568124,-0.822302,-0.0324525,-1.30963,0,0,0,1</mat>
		</joint>
		<joint id='95' name='JNT_R_Index03' parent='94'>
			<mat>0.0132036,-0.0647634,0.997813,44.386,-0.855772,-0.516876,-0.022224,-34.6834,0.517185,-0.853607,-0.0622473,-4.67561,0,0,0,1</mat>
		</joint>
		<joint id='96' name='JNT_R_Index04' parent='95'>
			<mat>0.0132035,-0.0647634,0.997813,43.3142,0.193293,-0.978912,-0.0660944,-16.2564,0.981052,0.193743,-0.000406795,30.9924,0,0,0,1</mat>
		</joint>
		<joint id='97' name='JNT_R_Middle01' parent='89'>
			<mat>-0.436337,-0.236286,0.868204,26.115,-0.763368,-0.41358,-0.496207,-52.3801,0.476319,-0.879273,8.67311e-005,-1.77639,0,0,0,1</mat>
		</joint>
		<joint id='98' name='JNT_R_Middle02' parent='97'>
			<mat>-0.0858847,-0.102668,0.991001,42.8351,-0.900609,-0.417364,-0.12129,-38.534,0.426061,-0.902921,-0.0566185,-6.30398,0,0,0,1</mat>
		</joint>
		<joint id='99' name='JNT_R_Middle03' parent='98'>
			<mat>-0.0337861,-0.0582268,0.997731,44.443,-0.907076,-0.417349,-0.0550724,-35.6367,0.419609,-0.906879,-0.0387155,-5.72356,0,0,0,1</mat>
		</joint>
		<joint id='100' name='JNT_R_Middle04' parent='99'>
			<mat>0.0901334,-0.0608574,0.994069,46.6234,-0.898149,-0.436272,0.0547275,-30.7302,0.430354,-0.897754,-0.0939817,-7.76648,0,0,0,1</mat>
		</joint>
		<joint id='101' name='JNT_R_Middle05' parent='100'>
			<mat>0.0901332,-0.0608573,0.994069,45.1422,0.821754,-0.559368,-0.108754,8.63815,0.562669,0.826682,-0.000407911,30.4967,0,0,0,1</mat>
		</joint>
		<joint id='102' name='JNT_R_Ring01' parent='89'>
			<mat>-0.282487,-0.0998352,0.954062,36.642,-0.899471,-0.318098,-0.29961,-44.8625,0.333397,-0.942787,5.98595e-005,-5.11074,0,0,0,1</mat>
		</joint>
		<joint id='103' name='JNT_R_Ring02' parent='102'>
			<mat>-0.0135968,-0.0241668,0.999615,46.3118,-0.939206,-0.342706,-0.0210604,-33.2668,0.343083,-0.939132,-0.0180379,-5.62834,0,0,0,1</mat>
		</joint>
		<joint id='104' name='JNT_R_Ring03' parent='103'>
			<mat>-0.0403987,-0.0144501,0.999079,44.6631,-0.940348,-0.337498,-0.0429052,-34.2252,0.337807,-0.941215,4.63246e-005,-4.97873,0,0,0,1</mat>
		</joint>
		<joint id='105' name='JNT_R_Ring04' parent='104'>
			<mat>0.169268,-0.109388,0.979481,47.4407,-0.917215,-0.381149,0.115941,-27.0599,0.360646,-0.918019,-0.164849,-11.4158,0,0,0,1</mat>
		</joint>
		<joint id='106' name='JNT_R_Ring05' parent='105'>
			<mat>0.169268,-0.109388,0.979481,46.2211,0.82154,-0.533344,-0.201537,6.1709,0.544446,0.838796,-0.000410927,28.7137,0,0,0,1</mat>
		</joint>
		<joint id='107' name='JNT_R_Pinky01' parent='89'>
			<mat>-0.206746,-0.0922761,0.974034,39.8958,-0.946712,-0.232428,-0.222966,-40.9871,0.246967,-0.968226,-0.0393054,-8.15866,0,0,0,1</mat>
		</joint>
		<joint id='108' name='JNT_R_Pinky02' parent='107'>
			<mat>-0.0283888,-0.0663453,0.997393,45.2119,-0.957745,-0.283892,-0.0461445,-33.695,0.286213,-0.956558,-0.0554826,-7.62794,0,0,0,1</mat>
		</joint>
		<joint id='109' name='JNT_R_Pinky03' parent='108'>
			<mat>0.153019,-0.0445457,0.987219,48.8572,-0.93739,-0.322815,0.130729,-25.5771,0.312866,-0.945413,-0.0911535,-8.3319,0,0,0,1</mat>
		</joint>
		<joint id='110' name='JNT_R_Pinky04' parent='109'>
			<mat>0.153018,-0.0445456,0.987219,47.6913,0.947306,-0.277872,-0.15937,16.1716,0.28142,0.959585,-0.000321257,21.4962,0,0,0,1</mat>
		</joint>
	</skeleton>
	<animations>
		<animation name='Take 001' length='45'>
			<track id = '0' name='JNT_Root'>
				<frame num='0'>
					<mat>0.000280709,-0.00170606,0.999999,0,-0.139424,0.990231,0.00172854,0,-0.990233,-0.139424,4.01014e-005,-0,0,0,0,1</mat>
				</frame>
				<frame num='1'>
					<mat>0.000280709,-0.00170606,0.999999,0,-0.139424,0.990231,0.00172854,0,-0.990233,-0.139424,4.01014e-005,-0,0,0,0,1</mat>
				</frame>
				<frame num='2'>
					<mat>0.000280709,-0.00170606,0.999999,0,-0.139424,0.990231,0.00172854,0,-0.990233,-0.139424,4.01014e-005,-0,0,0,0,1</mat>
				</frame>
				<frame num='3'>
					<mat>0.000280709,-0.00170606,0.999999,0,-0.139424,0.990231,0.00172854,0,-0.990233,-0.139424,4.01014e-005,-0,0,0,0,1</mat>
				</frame>
				<frame num='4'>
					<mat>0.000280709,-0.00170606,0.999999,0,-0.139424,0.990231,0.00172854,0,-0.990233,-0.139424,4.01014e-005,-0,0,0,0,1</mat>
				</frame>
				<frame num='5'>
					<mat>0.000280709,-0.00170606,0.999999,0,-0.139424,0.990231,0.00172854,0,-0.990233,-0.139424,4.01014e-005,-0,0,0,0,1</mat>
				</frame>
				<frame num='6'>
					<mat>0.000280709,-0.00170606,0.999999,0,-0.139424,0.990231,0.00172854,0,-0.990233,-0.139424,4.01014e-005,-0,0,0,0,1</mat>
				</frame>
				<frame num='7'>
					<mat>0.000280709,-0.00170606,0.999999,0,-0.139424,0.990231,0.00172854,0,-0.990233,-0.139424,4.01014e-005,-0,0,0,0,1</mat>
				</frame>
				<frame num='8'>
					<mat>0.000280709,-0.00170606,0.999999,0,-0.139424,0.990231,0.00172854,0,-0.990233,-0.139424,4.01014e-005,-0,0,0,0,1</mat>
				</frame>
				<frame num='9'>
					<mat>0.000280709,-0.00170606,0.999999,0,-0.139424,0.990231,0.00172854,0,-0.990233,-0.139424,4.01014e-005,-0,0,0,0,1</mat>
				</frame>
				<frame num='10'>
					<mat>0.000280709,-0.00170606,0.999999,0,-0.139424,0.990231,0.00172854,0,-0.990233,-0.139424,4.01014e-005,-0,0,0,0,1</mat>
				</frame>
				<frame num='11'>
					<mat>0.000280709,-0.00170606,0.999999,0,-0.139424,0.990231,0.00172854,0,-0.990233,-0.139424,4.01014e-005,-0,0,0,0,1</mat>
				</frame>
				<frame num='12'>
					<mat>0.000280709,-0.00170606,0.999999,0,-0.139424,0.990231,0.00172854,0,-0.990233,-0.139424,4.01014e-005,-0,0,0,0,1</mat>
				</frame>
				<frame num='13'>
					<mat>0.000280709,-0.00170606,0.999999,0,-0.139424,0.990231,0.00172854,0,-0.990233,-0.139424,4.01014e-005,-0,0,0,0,1</mat>
				</frame>
				<frame num='14'>
					<mat>0.000280709,-0.00170606,0.999999,0,-0.139424,0.990231,0.00172854,0,-0.990233,-0.139424,4.01014e-005,-0,0,0,0,1</mat>
				</frame>
				<frame num='15'>
					<mat>0.000280709,-0.00170606,0.999999,0,-0.139424,0.990231,0.00172854,0,-0.990233,-0.139424,4.01014e-005,-0,0,0,0,1</mat>
				</frame>
				<frame num='16'>
					<mat>0.000280709,-0.00170606,0.999999,0,-0.139424,0.990231,0.00172854,0,-0.990233,-0.139424,4.01014e-005,-0,0,0,0,1</mat>
				</frame>
				<frame num='17'>
					<mat>0.000280709,-0.00170606,0.999999,0,-0.139424,0.990231,0.00172854,0,-0.990233,-0.139424,4.01014e-005,-0,0,0,0,1</mat>
				</frame>
				<frame num='18'>
					<mat>0.000280709,-0.00170606,0.999999,0,-0.139424,0.990231,0.00172854,0,-0.990233,-0.139424,4.01014e-005,-0,0,0,0,1</mat>
				</frame>
				<frame num='19'>
					<mat>0.000280709,-0.00170606,0.999999,0,-0.139424,0.990231,0.00172854,0,-0.990233,-0.139424,4.01014e-005,-0,0,0,0,1</mat>
				</frame>
				<frame num='20'>
					<mat>0.000280709,-0.00170606,0.999999,0,-0.139424,0.990231,0.00172854,0,-0.990233,-0.139424,4.01014e-005,-0,0,0,0,1</mat>
				</frame>
				<frame num='21'>
					<mat>0.000280709,-0.00170606,0.999999,0,-0.139424,0.990231,0.00172854,0,-0.990233,-0.139424,4.01014e-005,-0,0,0,0,1</mat>
				</frame>
				<frame num='22'>
					<mat>0.000280709,-0.00170606,0.999999,0,-0.139424,0.990231,0.00172854,0,-0.990233,-0.139424,4.01014e-005,-0,0,0,0,1</mat>
				</frame>
				<frame num='23'>
					<mat>0.000280709,-0.00170606,0.999999,0,-0.139424,0.990231,0.00172854,0,-0.990233,-0.139424,4.01014e-005,-0,0,0,0,1</mat>
				</frame>
				<frame num='24'>
					<mat>0.000280709,-0.00170606,0.999999,0,-0.139424,0.990231,0.00172854,0,-0.990233,-0.139424,4.01014e-005,-0,0,0,0,1</mat>
				</frame>
				<frame num='25'>
					<mat>0.000280709,-0.00170606,0.999999,0,-0.139424,0.990231,0.00172854,0,-0.990233,-0.139424,4.01014e-005,-0,0,0,0,1</mat>
				</frame>
				<frame num='26'>
					<mat>0.000280709,-0.00170606,0.999999,0,-0.139424,0.990231,0.00172854,0,-0.990233,-0.139424,4.01014e-005,-0,0,0,0,1</mat>
				</frame>
				<frame num='27'>
					<mat>0.000280709,-0.00170606,0.999999,0,-0.139424,0.990231,0.00172854,0,-0.990233,-0.139424,4.01014e-005,-0,0,0,0,1</mat>
				</frame>
				<frame num='28'>
					<mat>0.000280709,-0.00170606,0.999999,0,-0.139424,0.990231,0.00172854,0,-0.990233,-0.139424,4.01014e-005,-0,0,0,0,1</mat>
				</frame>
				<frame num='29'>
					<mat>0.000280709,-0.00170606,0.999999,0,-0.139424,0.990231,0.00172854,0,-0.990233,-0.139424,4.01014e-005,-0,0,0,0,1</mat>
				</frame>
				<frame num='30'>
					<mat>0.000280709,-0.00170606,0.999999,0,-0.139424,0.990231,0.00172854,0,-0.990233,-0.139424,4.01014e-005,-0,0,0,0,1</mat>
				</frame>
				<frame num='31'>
					<mat>0.000280709,-0.00170606,0.999999,0,-0.139424,0.990231,0.00172854,0,-0.990233,-0.139424,4.01014e-005,-0,0,0,0,1</mat>
				</frame>
				<frame num='32'>
					<mat>0.000280709,-0.00170606,0.999999,0,-0.139424,0.990231,0.00172854,0,-0.990233,-0.139424,4.01014e-005,-0,0,0,0,1</mat>
				</frame>
				<frame num='33'>
					<mat>0.000280709,-0.00170606,0.999999,0,-0.139424,0.990231,0.00172854,0,-0.990233,-0.139424,4.01014e-005,-0,0,0,0,1</mat>
				</frame>
				<frame num='34'>
					<mat>0.000280709,-0.00170606,0.999999,0,-0.139424,0.990231,0.00172854,0,-0.990233,-0.139424,4.01014e-005,-0,0,0,0,1</mat>
				</frame>
				<frame num='35'>
					<mat>0.000280709,-0.00170606,0.999999,0,-0.139424,0.990231,0.00172854,0,-0.990233,-0.139424,4.01014e-005,-0,0,0,0,1</mat>
				</frame>
				<frame num='36'>
					<mat>0.000280709,-0.00170606,0.999999,0,-0.139424,0.990231,0.00172854,0,-0.990233,-0.139424,4.01014e-005,-0,0,0,0,1</mat>
				</frame>
				<frame num='37'>
					<mat>0.000280709,-0.00170606,0.999999,0,-0.139424,0.990231,0.00172854,0,-0.990233,-0.139424,4.01014e-005,-0,0,0,0,1</mat>
				</frame>
				<frame num='38'>
					<mat>0.000280709,-0.00170606,0.999999,0,-0.139424,0.990231,0.00172854,0,-0.990233,-0.139424,4.01014e-005,-0,0,0,0,1</mat>
				</frame>
				<frame num='39'>
					<mat>0.000280709,-0.00170606,0.999999,0,-0.139424,0.990231,0.00172854,0,-0.990233,-0.139424,4.01014e-005,-0,0,0,0,1</mat>
				</frame>
				<frame num='40'>
					<mat>0.000280709,-0.00170606,0.999999,0,-0.139424,0.990231,0.00172854,0,-0.990233,-0.139424,4.01014e-005,-0,0,0,0,1</mat>
				</frame>
				<frame num='41'>
					<mat>0.000280709,-0.00170606,0.999999,0,-0.139424,0.990231,0.00172854,0,-0.990233,-0.139424,4.01014e-005,-0,0,0,0,1</mat>
				</frame>
				<frame num='42'>
					<mat>0.000280709,-0.00170606,0.999999,0,-0.139424,0.990231,0.00172854,0,-0.990233,-0.139424,4.01014e-005,-0,0,0,0,1</mat>
				</frame>
				<frame num='43'>
					<mat>0.000280709,-0.00170606,0.999999,0,-0.139424,0.990231,0.00172854,0,-0.990233,-0.139424,4.01014e-005,-0,0,0,0,1</mat>
				</frame>
				<frame num='44'>
					<mat>0.000280709,-0.00170606,0.999999,0,-0.139424,0.990231,0.00172854,0,-0.990233,-0.139424,4.01014e-005,-0,0,0,0,1</mat>
				</frame>
			</track>
			<track id = '1' name='JNT_COG'>
				<frame num='0'>
					<mat>0.109962,-0.688661,0.716697,0.014461,0.114579,-0.70748,-0.697384,-7.2582,0.987309,0.158804,0.0011104,-47.7512,0,0,0,1</mat>
				</frame>
				<frame num='1'>
					<mat>0.118329,-0.245223,0.962218,0.0141845,0.419313,-0.866049,-0.272279,-7.26038,0.900097,0.435689,0.000346674,-40.8593,0,0,0,1</mat>
				</frame>
				<frame num='2'>
					<mat>0.00511842,-0.00509536,0.999974,0.0140625,0.566455,-0.824062,-0.00709844,-7.177,0.824077,0.566477,-0.0013316,-37.2088,0,0,0,1</mat>
				</frame>
				<frame num='3'>
					<mat>-0.000225689,0.00226568,0.999997,0.0149172,0.408949,-0.912555,0.00215985,-4.5338,0.912557,0.408948,-0.000720591,-39.5145,0,0,0,1</mat>
				</frame>
				<frame num='4'>
					<mat>-3.20575e-005,0.0017304,0.999999,0.0167317,0.0211141,-0.999776,0.0017307,1.03348,0.999777,0.0211141,-4.48557e-006,-44.7295,0,0,0,1</mat>
				</frame>
				<frame num='5'>
					<mat>-0.000148227,0.00176132,0.999998,0.018534,-0.385481,-0.922715,0.00156806,6.53718,0.922716,-0.38548,0.000815725,-50.0958,0,0,0,1</mat>
				</frame>
				<frame num='6'>
					<mat>-0.000206201,0.00180667,0.999998,0.0194035,-0.597747,-0.801684,0.00132512,9.13239,0.801685,-0.597745,0.00124524,-53.1192,0,0,0,1</mat>
				</frame>
				<frame num='7'>
					<mat>-0.000221745,0.00182762,0.999998,0.0194561,-0.664204,-0.747551,0.00121896,9.18853,0.747552,-0.664202,0.00137968,-54.028,0,0,0,1</mat>
				</frame>
				<frame num='8'>
					<mat>-0.000231016,0.00183954,0.999998,0.0193657,-0.701865,-0.712309,0.00114818,8.80353,0.71231,-0.701863,0.00145566,-54.5438,0,0,0,1</mat>
				</frame>
				<frame num='9'>
					<mat>-0.00023715,0.00184789,0.999998,0.0192309,-0.726735,-0.686917,0.001097,8.28647,0.686918,-0.726733,0.00150583,-54.9025,0,0,0,1</mat>
				</frame>
				<frame num='10'>
					<mat>-0.000240742,0.00185309,0.999998,0.019068,-0.741462,-0.670995,0.00106492,7.69122,0.670995,-0.74146,0.00153553,-55.1214,0,0,0,1</mat>
				</frame>
				<frame num='11'>
					<mat>-0.000242569,0.00185584,0.999998,0.0188996,-0.749003,-0.662566,0.00104793,7.09175,0.662567,-0.749001,0.00155074,-55.2355,0,0,0,1</mat>
				</frame>
				<frame num='12'>
					<mat>-0.000256006,0.00184852,0.999998,0.0187492,-0.765759,-0.643127,0.000992794,6.56379,0.643128,-0.765757,0.00158016,-55.282,0,0,0,1</mat>
				</frame>
				<frame num='13'>
					<mat>-0.000163412,0.00184463,0.999998,0.0186365,-0.636661,-0.771143,0.00131844,6.17354,0.771144,-0.636659,0.00130042,-55.2771,0,0,0,1</mat>
				</frame>
				<frame num='14'>
					<mat>-4.75247e-005,0.00185072,0.999998,0.0185563,0.256243,-0.966611,0.0018011,5.91221,0.966612,0.256243,-0.000428295,-55.1588,0,0,0,1</mat>
				</frame>
				<frame num='15'>
					<mat>0.000299464,0.00180041,0.999998,0.0184917,0.923535,-0.383515,0.000413921,5.72719,0.383515,0.923533,-0.00177759,-54.8764,0,0,0,1</mat>
				</frame>
				<frame num='16'>
					<mat>0.000274696,0.0019017,0.999998,0.0184351,0.966612,-0.256243,0.000221772,5.58858,0.256243,0.966611,-0.00190859,-54.4611,0,0,0,1</mat>
				</frame>
				<frame num='17'>
					<mat>0.000242983,0.00185852,0.999998,0.0183835,0.905529,-0.424284,0.000568511,5.47784,0.424284,0.905527,-0.00178604,-53.9696,0,0,0,1</mat>
				</frame>
				<frame num='18'>
					<mat>0.00020251,0.00180985,0.999998,0.0183329,0.791589,-0.611053,0.000945611,5.37419,0.611053,0.791588,-0.0015564,-53.4524,0,0,0,1</mat>
				</frame>
				<frame num='19'>
					<mat>0.000144745,0.00176603,0.999998,0.0182796,0.613956,-0.789339,0.00130513,5.25749,0.78934,0.613955,-0.00119852,-52.9614,0,0,0,1</mat>
				</frame>
				<frame num='20'>
					<mat>7.75209e-005,0.00173752,0.999999,0.0182196,0.395972,-0.918261,0.0015648,5.10713,0.918263,0.395971,-0.000759191,-52.5475,0,0,0,1</mat>
				</frame>
				<frame num='21'>
					<mat>1.43954e-005,0.00172609,0.999999,0.01815,0.184365,-0.982856,0.00169385,4.90477,0.982858,0.184365,-0.00033238,-52.2661,0,0,0,1</mat>
				</frame>
				<frame num='22'>
					<mat>-3.36912e-005,0.00172696,0.999999,0.018062,0.0209248,-0.99978,0.00172729,4.61541,0.999781,0.0209248,-2.45254e-006,-52.1531,0,0,0,1</mat>
				</frame>
				<frame num='23'>
					<mat>-6.6451e-005,0.00173306,0.999999,0.0179377,-0.092382,-0.995722,0.00171951,4.18073,0.995724,-0.0923818,0.00022627,-52.1798,0,0,0,1</mat>
				</frame>
				<frame num='24'>
					<mat>-8.99491e-005,0.00173995,0.999999,0.0177721,-0.175297,-0.984514,0.00169724,3.59248,0.984516,-0.175296,0.000393563,-52.2827,0,0,0,1</mat>
				</frame>
				<frame num='25'>
					<mat>-0.000107362,0.00174624,0.999998,0.0175825,-0.237438,-0.971401,0.00167082,2.91553,0.971403,-0.237438,0.000518916,-52.4227,0,0,0,1</mat>
				</frame>
				<frame num='26'>
					<mat>-0.000119402,0.00175135,0.999998,0.0173941,-0.280772,-0.959773,0.00164737,2.2412,0.959774,-0.280772,0.000606329,-52.5755,0,0,0,1</mat>
				</frame>
				<frame num='27'>
					<mat>-0.000127009,0.00175491,0.999998,0.0172311,-0.308318,-0.951282,0.00163026,1.65667,0.951283,-0.308318,0.000661892,-52.7152,0,0,0,1</mat>
				</frame>
				<frame num='28'>
					<mat>-0.00013139,0.00175707,0.999998,0.017121,-0.324234,-0.945976,0.00161955,1.25108,0.945977,-0.324233,0.000693994,-52.888,0,0,0,1</mat>
				</frame>
				<frame num='29'>
					<mat>-0.000130715,0.0017563,0.999998,0.0170546,-0.321364,-0.946954,0.00162113,1.0756,0.946956,-0.321363,0.000688192,-52.4935,0,0,0,1</mat>
				</frame>
				<frame num='30'>
					<mat>-0.000116526,0.00174976,0.999998,0.0169292,-0.270321,-0.962769,0.00165311,1.05183,0.96277,-0.270321,0.000585184,-49.5309,0,0,0,1</mat>
				</frame>
				<frame num='31'>
					<mat>-8.73062e-005,0.00174007,0.999999,0.0166772,-0.166538,-0.986034,0.00170123,1.05538,0.986035,-0.166537,0.000375874,-43.2091,0,0,0,1</mat>
				</frame>
				<frame num='32'>
					<mat>-5.73578e-005,0.00173206,0.999999,0.0163684,-0.0603738,-0.998174,0.00172544,1.05508,0.998176,-0.0603736,0.000161824,-35.4958,0,0,0,1</mat>
				</frame>
				<frame num='33'>
					<mat>-4.17817e-005,0.00172862,0.999999,0.0161131,-0.0060417,-0.99998,0.00172834,1.05483,0.999982,-0.00604162,5.22247e-005,-29.1197,0,0,0,1</mat>
				</frame>
				<frame num='34'>
					<mat>-3.97722e-005,0.00172847,0.999999,0.015994,0.00087078,-0.999998,0.0017285,1.05471,1,0.000870848,3.8267e-005,-26.1438,0,0,0,1</mat>
				</frame>
				<frame num='35'>
					<mat>-4.00341e-005,0.00172854,0.999999,0.0159804,-3.89571e-005,-0.999999,0.00172854,1.0547,1,-3.88879e-005,4.01014e-005,-25.8042,0,0,0,1</mat>
				</frame>
				<frame num='36'>
					<mat>-4.00341e-005,0.00172854,0.999999,0.0159821,-3.89571e-005,-0.999999,0.00172854,1.0547,1,-3.88879e-005,4.01014e-005,-25.847,0,0,0,1</mat>
				</frame>
				<frame num='37'>
					<mat>-4.00341e-005,0.00172854,0.999999,0.0159821,-3.89571e-005,-0.999999,0.00172854,1.0547,1,-3.88879e-005,4.01014e-005,-25.847,0,0,0,1</mat>
				</frame>
				<frame num='38'>
					<mat>-4.00341e-005,0.00172854,0.999999,0.0159821,-3.89571e-005,-0.999999,0.00172854,1.0547,1,-3.88879e-005,4.01014e-005,-25.847,0,0,0,1</mat>
				</frame>
				<frame num='39'>
					<mat>-4.00341e-005,0.00172854,0.999999,0.0159821,-3.89571e-005,-0.999999,0.00172854,1.0547,1,-3.88879e-005,4.01014e-005,-25.847,0,0,0,1</mat>
				</frame>
				<frame num='40'>
					<mat>-4.00341e-005,0.00172854,0.999999,0.0159821,-3.89571e-005,-0.999999,0.00172854,1.0547,1,-3.88879e-005,4.01014e-005,-25.847,0,0,0,1</mat>
				</frame>
				<frame num='41'>
					<mat>-4.00341e-005,0.00172854,0.999999,0.0159821,-3.89571e-005,-0.999999,0.00172854,1.0547,1,-3.88879e-005,4.01014e-005,-25.847,0,0,0,1</mat>
				</frame>
				<frame num='42'>
					<mat>-4.00341e-005,0.00172854,0.999999,0.0159821,-3.89571e-005,-0.999999,0.00172854,1.0547,1,-3.88879e-005,4.01014e-005,-25.847,0,0,0,1</mat>
				</frame>
				<frame num='43'>
					<mat>-4.00341e-005,0.00172854,0.999999,0.0159821,-3.89571e-005,-0.999999,0.00172854,1.0547,1,-3.88879e-005,4.01014e-005,-25.847,0,0,0,1</mat>
				</frame>
				<frame num='44'>
					<mat>-4.00341e-005,0.00172854,0.999999,0.0159821,-3.89571e-005,-0.999999,0.00172854,1.0547,1,-3.88879e-005,4.01014e-005,-25.847,0,0,0,1</mat>
				</frame>
			</track>
			<track id = '2' name='JNT_Hip'>
				<frame num='0'>
					<mat>0.71826,0.0196342,0.695498,0.114535,-0.67201,-0.239441,0.700764,-7.15393,0.180289,-0.970712,-0.158786,-46.8527,0,0,0,1</mat>
				</frame>
				<frame num='1'>
					<mat>0.965447,0.0563567,0.254433,0.121873,-0.200515,-0.462963,0.8634,-6.87877,0.166451,-0.884584,-0.435665,-40.0401,0,0,0,1</mat>
				</frame>
				<frame num='2'>
					<mat>0.984472,0.174927,0.0146784,0.0187207,0.0872023,-0.559904,0.823956,-6.66148,0.152351,-0.809882,-0.566464,-36.4588,0,0,0,1</mat>
				</frame>
				<frame num='3'>
					<mat>0.983603,0.180201,0.00731794,0.0147118,0.067126,-0.403456,0.912534,-4.16163,0.167392,-0.897079,-0.408936,-38.6839,0,0,0,1</mat>
				</frame>
				<frame num='4'>
					<mat>0.983633,0.18001,0.00785322,0.0167025,-0.00392239,-0.0221823,0.999746,1.0527,0.180139,-0.983415,-0.0211131,-43.8196,0,0,0,1</mat>
				</frame>
				<frame num='5'>
					<mat>0.983613,0.180124,0.00782231,0.0183991,-0.0765365,0.377876,0.922687,6.18636,0.163243,-0.908166,0.38547,-49.2561,0,0,0,1</mat>
				</frame>
				<frame num='6'>
					<mat>0.983603,0.180181,0.00777696,0.0192159,-0.113839,0.586841,0.80166,8.58839,0.13988,-0.7894,0.59773,-52.3896,0,0,0,1</mat>
				</frame>
				<frame num='7'>
					<mat>0.9836,0.180197,0.007756,0.0192543,-0.125394,0.652287,0.747528,8.58405,0.129643,-0.736241,0.664185,-53.3476,0,0,0,1</mat>
				</frame>
				<frame num='8'>
					<mat>0.983598,0.180206,0.00774411,0.0191555,-0.13191,0.689381,0.712288,8.16477,0.12302,-0.701627,0.701845,-53.8955,0,0,0,1</mat>
				</frame>
				<frame num='9'>
					<mat>0.983597,0.180212,0.00773576,0.0190151,-0.136197,0.713879,0.686896,7.62508,0.118265,-0.676683,0.726714,-54.2773,0,0,0,1</mat>
				</frame>
				<frame num='10'>
