<?xml version='1.0' encoding='UTF-8' ?>
<itpanim>
	<skeleton count='111'>
		<joint id='0' name='JNT_Root' parent='0'>
			<mat>0.000280709,-0.139424,-0.990233,0,-0.00170606,0.990231,-0.139424,0,0.999999,0.00172854,4.01014e-005,0,0,0,0,1</mat>
		</joint>
		<joint id='1' name='JNT_COG' parent='0'>
			<mat>6.15158e-017,-1.22412e-016,1,51.549,0.00172854,-0.999999,-1.22518e-016,-7.25807,0.999999,0.00172854,-6.13041e-017,-0.00206719,0,0,0,1</mat>
		</joint>
		<joint id='2' name='JNT_Hip' parent='1'>
			<mat>0.983642,-0.00776909,0.179965,9.04249,0.179958,-0.00159897,-0.983673,-49.8264,0.00793,0.999969,-0.000174708,7.24887,0,0,0,1</mat>
		</joint>
		<joint id='3' name='JNT_L_LEG' parent='2'>
			<mat>-2.67943e-005,-0.0229294,0.999737,49.2002,-0.000357554,-0.999737,-0.0229294,-8.44026,1,-0.000358075,1.85888e-005,-6.89357,0,0,0,1</mat>
		</joint>
		<joint id='4' name='JNT_L_Knee' parent='3'>
			<mat>8.1001e-005,0.276108,0.961127,27.5056,-0.000349288,-0.961127,0.276108,-0.253068,1,-0.000358075,1.85888e-005,-6.89357,0,0,0,1</mat>
		</joint>
		<joint id='5' name='JNT_L_Ankle' parent='4'>
			<mat>-0.000291181,-0.780748,0.624846,2.67887,-0.000209228,-0.624846,-0.780748,-7.0794,1,-0.000358075,1.85888e-005,-6.89357,0,0,0,1</mat>
		</joint>
		<joint id='6' name='JNT_L_Ball' parent='5'>
			<mat>-0.000324486,-0.881703,0.471804,-2.01039,-0.000152551,-0.471804,-0.881703,-6.8271,1,-0.000358075,1.85888e-005,-6.89357,0,0,0,1</mat>
		</joint>
		<joint id='7' name='JNT_L_Toes' parent='6'>
			<mat>-0.000324486,-0.881703,0.471804,-10.6646,-0.000152551,-0.471804,-0.881703,-6.8271,1,-0.000358075,1.85888e-005,-6.89357,0,0,0,1</mat>
		</joint>
		<joint id='8' name='JNT_R_LEG' parent='2'>
			<mat>-2.67943e-005,-0.0229294,0.999737,49.1997,-0.000357554,-0.999737,-0.0229294,-8.44017,1,-0.000358075,1.85888e-005,6.861,0,0,0,1</mat>
		</joint>
		<joint id='9' name='JNT_R_Knee' parent='8'>
			<mat>8.1001e-005,0.276108,0.961127,27.5051,-0.000349288,-0.961127,0.276108,-0.253138,1,-0.000358075,1.85888e-005,6.861,0,0,0,1</mat>
		</joint>
		<joint id='10' name='JNT_R_Ankle' parent='9'>
			<mat>-0.000291181,-0.780748,0.624846,2.6786,-0.000209228,-0.624846,-0.780748,-7.07892,1,-0.000358075,1.85888e-005,6.861,0,0,0,1</mat>
		</joint>
		<joint id='11' name='JNT_R_Ball' parent='10'>
			<mat>-0.000324486,-0.881703,0.471804,-2.01058,-0.000152551,-0.471804,-0.881703,-6.82659,1,-0.000358075,1.85888e-005,6.861,0,0,0,1</mat>
		</joint>
		<joint id='12' name='JNT_R_Toes' parent='11'>
			<mat>-0.000324486,-0.881703,0.471804,-10.6648,-0.000152551,-0.471804,-0.881703,-6.82659,1,-0.000358075,1.85888e-005,6.861,0,0,0,1</mat>
		</joint>
		<joint id='13' name='JNT_B_Skirt03' parent='2'>
			<mat>1,-0.000356067,-6.05257e-005,-0.00201883,-6.05877e-005,-0.000174233,-1,-5.95784,0.000356056,1,-0.000174255,-18.8122,0,0,0,1</mat>
		</joint>
		<joint id='14' name='JNT_B_Skirt02' parent='2'>
			<mat>1,-0.000356067,-6.05257e-005,-0.00267578,-6.05877e-005,-0.000174233,-1,-22.7002,0.000356056,1,-0.000174255,-18.2654,0,0,0,1</mat>
		</joint>
		<joint id='15' name='JNT_B_Skirt01' parent='2'>
			<mat>1,-0.000356067,-6.05257e-005,-0.00341346,-6.05877e-005,-0.000174233,-1,-42.7104,0.000356056,1,-0.000174255,-11.1449,0,0,0,1</mat>
		</joint>
		<joint id='16' name='JNT_C_Skirt01' parent='2'>
			<mat>1,-0.000356067,-6.05257e-005,-0.00313148,-6.05877e-005,-0.000174233,-1,-42.4153,0.000356056,1,-0.000174255,25.745,0,0,0,1</mat>
		</joint>
		<joint id='17' name='JNT_C_Skirt02' parent='2'>
			<mat>6.11883e-017,9.96306e-017,1,22.6223,0.00165729,-0.999999,9.95291e-017,-31.0629,0.999999,0.00165729,-6.13533e-017,0.0615989,0,0,0,1</mat>
		</joint>
		<joint id='18' name='JNT_C_Skirt03' parent='2'>
			<mat>6.11883e-017,9.96306e-017,1,5.95241,0.00165729,-0.999999,9.95291e-017,-31.539,0.999999,0.00165729,-6.13533e-017,0.0622096,0,0,0,1</mat>
		</joint>
		<joint id='19' name='JNT_L_Skirt02' parent='2'>
			<mat>1,-0.000356067,-6.05257e-005,-23.9226,-6.05877e-005,-0.000174233,-1,-22.6375,0.000356056,1,-0.000174255,11.1368,0,0,0,1</mat>
		</joint>
		<joint id='20' name='JNT_L_Skirt03' parent='2'>
			<mat>1,-0.000356067,-6.05257e-005,-24.5136,-6.05877e-005,-0.000174233,-1,-5.95698,0.000356056,1,-0.000174255,10.8537,0,0,0,1</mat>
		</joint>
		<joint id='21' name='JNT_L_Skirt01' parent='2'>
			<mat>1,-0.000356067,-6.05257e-005,-17.5327,-6.05877e-005,-0.000174233,-1,-42.5228,0.000356056,1,-0.000174255,10.5566,0,0,0,1</mat>
		</joint>
		<joint id='22' name='JNT_BL_Skirt01' parent='2'>
			<mat>1,-0.000356067,-6.05257e-005,-9.18889,-6.05877e-005,-0.000174233,-1,-42.7471,0.000356056,1,-0.000174255,-8.39785,0,0,0,1</mat>
		</joint>
		<joint id='23' name='JNT_BL_Skirt02' parent='2'>
			<mat>1,-0.000356067,-6.05257e-005,-14.6747,-6.05877e-005,-0.000174233,-1,-22.6894,0.000356056,1,-0.000174255,-13.3136,0,0,0,1</mat>
		</joint>
		<joint id='24' name='JNT_BL_Skirt03' parent='2'>
			<mat>1,-0.000356067,-6.05257e-005,-15.0944,-6.05877e-005,-0.000174233,-1,-5.95732,0.000356056,1,-0.000174255,-13.5733,0,0,0,1</mat>
		</joint>
		<joint id='25' name='JNT_BR_Skirt03' parent='2'>
			<mat>1,-0.000356067,-6.05257e-005,15.0904,-6.05877e-005,-0.000174233,-1,-5.95852,0.000356056,1,-0.000174255,-13.5735,0,0,0,1</mat>
		</joint>
		<joint id='26' name='JNT_BR_Skirt02' parent='2'>
			<mat>1,-0.000356067,-6.05257e-005,14.6694,-6.05877e-005,-0.000174233,-1,-22.6906,0.000356056,1,-0.000174255,-13.3138,0,0,0,1</mat>
		</joint>
		<joint id='27' name='JNT_BR_Skirt01' parent='2'>
			<mat>1,-0.000356067,-6.05257e-005,9.1821,-6.05877e-005,-0.000174233,-1,-42.7478,0.000356056,1,-0.000174255,-8.39799,0,0,0,1</mat>
		</joint>
		<joint id='28' name='JNT_R_Skirt01' parent='2'>
			<mat>6.11883e-017,9.96306e-017,1,42.5213,0.00165729,-0.999999,9.95291e-017,-10.5285,0.999999,0.00165729,-6.13533e-017,17.55,0,0,0,1</mat>
		</joint>
		<joint id='29' name='JNT_R_Skirt02' parent='2'>
			<mat>6.11883e-017,9.96306e-017,1,22.636,0.00165729,-0.999999,9.95291e-017,-11.0922,0.999999,0.00165729,-6.13533e-017,23.9414,0,0,0,1</mat>
		</joint>
		<joint id='30' name='JNT_R_Skirt03' parent='2'>
			<mat>1,-0.000356067,-6.05257e-005,24.51,-6.05877e-005,-0.000174233,-1,-5.95892,0.000356056,1,-0.000174255,10.8533,0,0,0,1</mat>
		</joint>
		<joint id='31' name='JNT_Gun' parent='1'>
			<mat>-0.00030882,-0.89838,0.439219,76.6258,-0.000103657,-0.439219,-0.89838,-98.5511,1,-0.000322966,4.25155e-005,0.00118128,0,0,0,1</mat>
		</joint>
		<joint id='32' name='JNT_Gun_Clip' parent='31'>
			<mat>-0.00030882,-0.89838,0.439219,58.0846,-0.000103657,-0.439219,-0.89838,-98.5511,1,-0.000322966,4.25155e-005,0.00118128,0,0,0,1</mat>
		</joint>
		<joint id='33' name='JNT_Gun_Handle' parent='31'>
			<mat>0.0002628,0.722725,-0.691135,-76.3536,-0.000192486,-0.691135,-0.722725,-95.1719,-1,0.000322966,-4.25155e-005,-0.00118128,0,0,0,1</mat>
		</joint>
		<joint id='34' name='JNT_Gun_Handletip' parent='33'>
			<mat>0.0002628,0.722725,-0.691135,-92.4104,-0.000192486,-0.691135,-0.722725,-95.1719,-1,0.000322966,-4.25155e-005,-0.00118128,0,0,0,1</mat>
		</joint>
		<joint id='35' name='JNT_Spine01' parent='1'>
			<mat>-7.05705e-006,0.0918137,-0.995776,-51.7451,0.000292113,0.995776,0.0918137,12.8755,1,-0.000290231,-3.38472e-005,-0.0185515,0,0,0,1</mat>
		</joint>
		<joint id='36' name='JNT_Spine02' parent='35'>
			<mat>9.77695e-006,0.149006,-0.988836,-55.5704,0.000292035,0.988836,0.149006,16.1025,1,-0.000290231,-3.38472e-005,-0.0185515,0,0,0,1</mat>
		</joint>
		<joint id='37' name='JNT_Spine03' parent='36'>
			<mat>-2.69375e-005,0.0237747,-0.999717,-66.8442,0.000290954,0.999717,0.0237747,7.77799,1,-0.000290231,-3.38472e-005,-0.0185515,0,0,0,1</mat>
		</joint>
		<joint id='38' name='JNT_Neck01' parent='37'>
			<mat>-0.000141186,-0.378516,-0.925595,-67.4598,0.000255825,0.925595,-0.378516,-20.9947,1,-0.000290231,-3.38472e-005,-0.0185515,0,0,0,1</mat>
		</joint>
		<joint id='39' name='JNT_Neck02' parent='38'>
			<mat>-0.000154949,-0.428508,-0.903538,-68.0281,0.000247731,0.903538,-0.428508,-24.7474,1,-0.000290231,-3.38472e-005,-0.0185515,0,0,0,1</mat>
		</joint>
		<joint id='40' name='JNT_Head01' parent='39'>
			<mat>-0.000121551,-0.307849,-0.951435,-72.7624,0.000265716,0.951435,-0.307849,-15.4516,1,-0.000290231,-3.38472e-005,-0.0185515,0,0,0,1</mat>
		</joint>
		<joint id='41' name='JNT_Head02' parent='40'>
			<mat>6.11754e-017,-3.21633e-016,1,77.9918,-0.000290231,-1,-3.21616e-016,-8.99495,1,-0.000290231,-6.12688e-017,-0.0159117,0,0,0,1</mat>
		</joint>
		<joint id='42' name='JNT_Jaw' parent='41'>
			<mat>-0.000223195,-0.885644,0.464364,27.9106,-0.000134773,-0.464364,-0.885645,-72.6021,1,-0.000260255,-1.57174e-005,-0.0168812,0,0,0,1</mat>
		</joint>
		<joint id='43' name='JNT_Chin' parent='42'>
			<mat>-0.000223195,-0.885644,0.464364,20.1764,-0.000134773,-0.464364,-0.885645,-72.6021,1,-0.000260255,-1.57174e-005,-0.0168812,0,0,0,1</mat>
		</joint>
		<joint id='44' name='JNT_Head03' parent='41'>
			<mat>0.752556,-0.000184568,-0.658529,-57.4475,-0.658529,0.000191126,-0.752556,-65.5489,0.000264759,1,2.22894e-005,3.28456,0,0,0,1</mat>
		</joint>
		<joint id='45' name='JNT_L_Hair01' parent='44'>
			<mat>0.94657,-0.000243425,-0.322499,-33.4137,-0.322499,0.000106483,-0.94657,-84.6392,0.000264759,1,2.22894e-005,3.28456,0,0,0,1</mat>
		</joint>
		<joint id='46' name='JNT_L_Hair02' parent='45'>
			<mat>0.959868,-0.000247883,-0.280453,-38.1851,-0.280453,9.56474e-005,-0.959868,-86.4067,0.000264759,1,2.22894e-005,1.01201,0,0,0,1</mat>
		</joint>
		<joint id='47' name='JNT_L_Hair03' parent='46'>
			<mat>0.956186,-0.000246634,-0.292761,-47.4159,-0.292761,9.8824e-005,-0.956186,-86.1533,0.000264759,1,2.22894e-005,-1.18952,0,0,0,1</mat>
		</joint>
		<joint id='48' name='JNT_L_Hair04' parent='47'>
			<mat>0.97091,-0.00025172,-0.239445,-50.3372,-0.239445,8.50362e-005,-0.97091,-89.0633,0.000264759,1,2.22894e-005,-2.82292,0,0,0,1</mat>
		</joint>
		<joint id='49' name='JNT_L_Hair05' parent='48'>
			<mat>0.966215,-0.00025007,-0.257739,-61.0679,-0.257739,8.97751e-005,-0.966215,-88.3747,0.000264759,1,2.22894e-005,-5.17038,0,0,0,1</mat>
		</joint>
		<joint id='50' name='JNT_L_Hair06' parent='49'>
			<mat>1,-0.000264757,-9.60785e-005,-42.243,-9.60726e-005,2.23148e-005,-1,-103.12,0.000264759,1,2.22894e-005,-6.97359,0,0,0,1</mat>
		</joint>
		<joint id='51' name='JNT_R_Hair01' parent='44'>
			<mat>0.946601,-0.000257808,0.322407,33.2796,0.322407,-6.42613e-005,-0.946601,-84.685,0.000264759,1,2.22894e-005,3.28456,0,0,0,1</mat>
		</joint>
		<joint id='52' name='JNT_R_Hair02' parent='51'>
			<mat>0.959895,-0.00026039,0.280361,38.0491,0.280361,-5.28327e-005,-0.959895,-86.4466,0.000264759,1,2.22894e-005,1.01201,0,0,0,1</mat>
		</joint>
		<joint id='53' name='JNT_R_Hair03' parent='52'>
			<mat>0.956214,-0.00025969,0.292669,47.2805,0.292669,-5.61735e-005,-0.956214,-86.1949,0.000264759,1,2.22894e-005,-1.18952,0,0,0,1</mat>
		</joint>
		<joint id='54' name='JNT_R_Hair04' parent='53'>
			<mat>0.970933,-0.000262399,0.239351,50.1997,0.239351,-4.1729e-005,-0.970933,-89.0973,0.000264759,1,2.22894e-005,-2.82292,0,0,0,1</mat>
		</joint>
		<joint id='55' name='JNT_R_Hair05' parent='54'>
			<mat>0.966239,-0.000261564,0.257646,60.9311,0.257646,-4.66772e-005,-0.966239,-88.4114,0.000264759,1,2.22894e-005,-5.17037,0,0,0,1</mat>
		</joint>
		<joint id='56' name='JNT_R_Hair06' parent='55'>
			<mat>1,-0.000264759,-2.04659e-007,42.1012,-1.98757e-007,2.22894e-005,-1,-103.121,0.000264759,1,2.22894e-005,-6.97359,0,0,0,1</mat>
		</joint>
		<joint id='57' name='JNT_L_Eye' parent='41'>
			<mat>1,-0.000256384,-2.04942e-007,-2.89776,-2.04942e-007,5.94805e-011,-1,-80.7968,0.000256384,1,6.93651e-012,14.6625,0,0,0,1</mat>
		</joint>
		<joint id='58' name='JNT_R_Eye' parent='41'>
			<mat>1,-0.000324079,2.04942e-007,2.86613,-2.04942e-007,5.94806e-011,1,80.7966,-0.000324079,-1,-6.93683e-012,-14.6625,0,0,0,1</mat>
		</joint>
		<joint id='59' name='JNT_L_Clavicle' parent='36'>
			<mat>0.941472,0.0450059,0.334075,16.3381,0.333699,0.0158358,-0.942547,-61.8092,-0.0477105,0.998861,-0.000109448,7.68664,0,0,0,1</mat>
		</joint>
		<joint id='60' name='JNT_L_Arm' parent='59'>
			<mat>0.867555,-0.154669,0.47268,22.3573,0.465321,-0.0830854,-0.881234,-59.6285,0.175573,0.984466,-0.000110276,5.94952,0,0,0,1</mat>
		</joint>
		<joint id='61' name='JNT_L_Elbow' parent='60'>
			<mat>0.658586,-0.430092,0.617482,20.1763,0.516955,-0.337702,-0.786585,-57.4048,0.546829,0.837244,-6.74241e-005,-1.85662,0,0,0,1</mat>
		</joint>
		<joint id='62' name='JNT_L_Wrist' parent='61'>
			<mat>0.697681,-0.368447,0.6144,12.2568,0.543264,-0.28697,-0.788994,-57.4914,0.467017,0.884248,-4.95406e-005,0.520044,0,0,0,1</mat>
		</joint>
		<joint id='63' name='JNT_L_Hand' parent='62'>
			<mat>-0.258813,-0.865215,0.429441,17.3357,-0.122979,-0.411456,-0.903095,-49.6144,0.958067,-0.286545,8.72571e-005,-25.8673,0,0,0,1</mat>
		</joint>
		<joint id='64' name='JNT_L_Thumb01' parent='63'>
			<mat>-0.112157,-0.778088,0.618061,21.4098,-0.0881002,-0.611749,-0.78613,-47.6565,0.989777,-0.142622,6.24516e-005,-24.2768,0,0,0,1</mat>
		</joint>
		<joint id='65' name='JNT_L_Thumb02' parent='64'>
			<mat>-0.0641868,-0.572135,0.817644,31.7886,-0.0910958,-0.812554,-0.575724,-40.7139,0.993771,-0.111438,3.61529e-005,-23.8188,0,0,0,1</mat>
		</joint>
		<joint id='66' name='JNT_L_Thumb03' parent='65'>
			<mat>-0.0641868,-0.572135,0.817644,30.4125,-0.0910958,-0.812554,-0.575724,-40.7139,0.993771,-0.111438,3.61529e-005,-23.8188,0,0,0,1</mat>
		</joint>
		<joint id='67' name='JNT_L_Index01' parent='63'>
			<mat>0.34788,-0.236732,0.907159,30.2769,0.697968,-0.580628,-0.419179,-49.9593,0.625955,0.778992,-0.0367573,-4.34632,0,0,0,1</mat>
		</joint>
		<joint id='68' name='JNT_L_Index02' parent='67'>
			<mat>0.0549609,-0.0772597,0.995495,43.4173,0.76813,-0.633709,-0.0915899,-37.6443,0.63793,0.769704,0.0245163,-1.99882,0,0,0,1</mat>
		</joint>
		<joint id='69' name='JNT_L_Index03' parent='68'>
			<mat>-0.0128883,-0.0649364,0.997806,44.3775,0.752331,-0.657953,-0.0331014,-35.0132,0.658659,0.750254,0.0573336,-1.45889,0,0,0,1</mat>
		</joint>
		<joint id='70' name='JNT_L_Index04' parent='69'>
			<mat>-0.0128883,-0.0649364,0.997806,43.3057,0.752331,-0.657953,-0.0331014,-35.0132,0.658659,0.750254,0.0573336,-1.45889,0,0,0,1</mat>
		</joint>
		<joint id='71' name='JNT_L_Middle01' parent='63'>
			<mat>0.436455,-0.236662,0.868043,26.0863,0.762992,-0.413935,-0.496489,-52.4177,0.476813,0.879005,-9.28562e-005,1.7603,0,0,0,1</mat>
		</joint>
		<joint id='72' name='JNT_L_Middle02' parent='71'>
			<mat>0.0860294,-0.102819,0.990973,42.8276,0.812454,-0.568458,-0.129512,-39.0827,0.576643,0.816262,0.0346319,-0.513777,0,0,0,1</mat>
		</joint>
		<joint id='73' name='JNT_L_Middle03' parent='72'>
			<mat>0.0338578,-0.0582627,0.997727,44.4428,0.819909,-0.569228,-0.0610639,-36.1232,0.571492,0.820113,0.0284973,-0.58536,0,0,0,1</mat>
		</joint>
		<joint id='74' name='JNT_L_Middle04' parent='73'>
			<mat>-0.0900372,-0.0609177,0.994074,46.6257,0.755563,-0.654464,0.0283282,-31.7285,0.648859,0.753635,0.104953,-0.485444,0,0,0,1</mat>
		</joint>
		<joint id='75' name='JNT_L_Middle05' parent='74'>
			<mat>-0.0900372,-0.0609177,0.994074,45.1444,-0.822322,-0.558542,-0.108709,8.68183,0.561854,-0.827236,0.000195609,-30.5215,0,0,0,1</mat>
		</joint>
		<joint id='76' name='JNT_L_Ring01' parent='63'>
			<mat>0.282733,-0.100049,0.953967,36.6222,0.899261,-0.318406,-0.299913,-44.9063,0.333755,0.94266,-5.34679e-005,5.10617,0,0,0,1</mat>
		</joint>
		<joint id='77' name='JNT_L_Ring02' parent='76'>
			<mat>0.0138844,-0.0242838,0.999609,46.305,0.938344,-0.34504,-0.0214156,-33.3261,0.345425,0.938274,0.0179959,5.55289,0,0,0,1</mat>
		</joint>
		<joint id='78' name='JNT_L_Ring03' parent='77'>
			<mat>0.0408001,-0.0146668,0.99906,44.6504,0.93965,-0.339379,-0.0433561,-34.2866,0.339696,0.940535,-6.50136e-005,4.92025,0,0,0,1</mat>
		</joint>
		<joint id='79' name='JNT_L_Ring04' parent='78'>
			<mat>-0.168949,-0.109424,0.979532,47.4404,0.917041,-0.381692,0.115531,-27.1131,0.361238,0.917789,0.164833,11.4015,0,0,0,1</mat>
		</joint>
		<joint id='80' name='JNT_L_Ring05' parent='79'>
			<mat>-0.168949,-0.109424,0.979532,46.2208,-0.821925,-0.532844,-0.201289,6.21312,0.543963,-0.839109,8.47274e-005,-28.7491,0,0,0,1</mat>
		</joint>
		<joint id='81' name='JNT_L_Pinky01' parent='63'>
			<mat>0.207091,-0.0924747,0.973941,39.8756,0.889225,-0.397292,-0.2268,-41.8296,0.407912,0.913021,-4.49054e-005,0.909638,0,0,0,1</mat>
		</joint>
		<joint id='82' name='JNT_L_Pinky02' parent='81'>
			<mat>0.028711,-0.0665203,0.997372,45.2015,0.892978,-0.446666,-0.0554965,-34.5588,0.449184,0.892224,0.046577,1.62583,0,0,0,1</mat>
		</joint>
		<joint id='83' name='JNT_L_Pinky03' parent='82'>
			<mat>-0.152533,-0.0445488,0.987294,48.8544,0.868635,-0.482528,0.112428,-26.6908,0.471388,0.874747,0.112298,3.74082,0,0,0,1</mat>
		</joint>
		<joint id='84' name='JNT_L_Pinky04' parent='83'>
			<mat>-0.152533,-0.0445488,0.987294,47.6884,-0.94754,-0.277341,-0.158905,16.2281,0.280896,-0.959738,9.17982e-005,-21.5184,0,0,0,1</mat>
		</joint>
		<joint id='85' name='JNT_R_Clavicle' parent='36'>
			<mat>-0.941423,0.0455524,0.334138,16.373,-0.333754,0.0160295,-0.942524,-61.7966,-0.0482903,-0.998833,0.000112697,-7.6849,0,0,0,1</mat>
		</joint>
		<joint id='86' name='JNT_R_Arm' parent='85'>
			<mat>-0.867612,-0.154166,0.472739,22.3894,-0.465428,-0.0828153,-0.881203,-59.611,0.175001,-0.984568,9.841e-005,-5.95607,0,0,0,1</mat>
		</joint>
		<joint id='87' name='JNT_R_Elbow' parent='86'>
			<mat>-0.658736,-0.4297,0.617596,20.2057,-0.517226,-0.337495,-0.786495,-57.3835,0.546392,-0.837529,6.83085e-005,1.83963,0,0,0,1</mat>
		</joint>
		<joint id='88' name='JNT_R_Wrist' parent='87'>
			<mat>-0.697799,-0.368034,0.614514,12.2874,-0.543509,-0.28675,-0.788906,-57.4693,0.466556,-0.884492,6.38298e-005,-0.5336,0,0,0,1</mat>
		</joint>
		<joint id='89' name='JNT_R_Hand' parent='88'>
			<mat>0.25845,-0.865296,0.429496,17.3329,0.122486,-0.41166,-0.903069,-49.6226,0.958228,0.286006,-0.000406588,25.818,0,0,0,1</mat>
		</joint>
		<joint id='90' name='JNT_R_Thumb01' parent='89'>
			<mat>0.111898,-0.778059,0.618145,21.4145,0.0875292,-0.611916,-0.786064,-47.6606,0.989857,0.142065,-0.000369405,24.2272,0,0,0,1</mat>
		</joint>
		<joint id='91' name='JNT_R_Thumb02' parent='90'>
			<mat>0.0641121,-0.572126,0.817656,31.7914,0.0904647,-0.812636,-0.575707,-40.7183,0.993834,0.110879,-0.000342608,23.7691,0,0,0,1</mat>
		</joint>
		<joint id='92' name='JNT_R_Thumb03' parent='91'>
			<mat>0.0641121,-0.572126,0.817656,30.4153,0.0904647,-0.812636,-0.575707,-40.7183,0.993834,0.110879,-0.000342608,23.7691,0,0,0,1</mat>
		</joint>
		<joint id='93' name='JNT_R_Index01' parent='89'>
			<mat>-0.347665,-0.236381,0.907333,30.306,-0.75035,-0.510126,-0.420413,-50.107,0.562231,-0.82698,-1.52587e-005,-0.0498719,0,0,0,1</mat>
		</joint>
		<joint id='94' name='JNT_R_Index02' parent='93'>
			<mat>-0.0546353,-0.0770363,0.99553,43.4303,-0.821127,-0.563812,-0.088693,-37.6268,0.568124,-0.822303,-0.0324525,-1.30963,0,0,0,1</mat>
		</joint>
		<joint id='95' name='JNT_R_Index03' parent='94'>
			<mat>0.0132036,-0.0647634,0.997813,44.386,-0.855772,-0.516876,-0.022224,-34.6834,0.517185,-0.853607,-0.0622473,-4.67561,0,0,0,1</mat>
		</joint>
		<joint id='96' name='JNT_R_Index04' parent='95'>
			<mat>0.0132036,-0.0647634,0.997813,43.3142,0.193293,-0.978912,-0.0660944,-16.2564,0.981052,0.193743,-0.000406797,30.9924,0,0,0,1</mat>
		</joint>
		<joint id='97' name='JNT_R_Middle01' parent='89'>
			<mat>-0.436337,-0.236286,0.868204,26.115,-0.763368,-0.41358,-0.496207,-52.3801,0.476319,-0.879273,8.67472e-005,-1.77639,0,0,0,1</mat>
		</joint>
		<joint id='98' name='JNT_R_Middle02' parent='97'>
			<mat>-0.0858847,-0.102668,0.991001,42.8351,-0.900609,-0.417364,-0.12129,-38.534,0.426061,-0.902921,-0.0566185,-6.30398,0,0,0,1</mat>
		</joint>
		<joint id='99' name='JNT_R_Middle03' parent='98'>
			<mat>-0.0337862,-0.0582268,0.997732,44.443,-0.907076,-0.417349,-0.0550724,-35.6367,0.419609,-0.906879,-0.0387155,-5.72356,0,0,0,1</mat>
		</joint>
		<joint id='100' name='JNT_R_Middle04' parent='99'>
			<mat>0.0901333,-0.0608573,0.994069,46.6234,-0.898149,-0.436273,0.0547274,-30.7302,0.430354,-0.897754,-0.0939817,-7.76648,0,0,0,1</mat>
		</joint>
		<joint id='101' name='JNT_R_Middle05' parent='100'>
			<mat>0.0901333,-0.0608573,0.994069,45.1422,0.821754,-0.559368,-0.108754,8.63816,0.562669,0.826682,-0.000407925,30.4967,0,0,0,1</mat>
		</joint>
		<joint id='102' name='JNT_R_Ring01' parent='89'>
			<mat>-0.282487,-0.0998353,0.954062,36.642,-0.899471,-0.318098,-0.29961,-44.8625,0.333397,-0.942787,5.98569e-005,-5.11074,0,0,0,1</mat>
		</joint>
		<joint id='103' name='JNT_R_Ring02' parent='102'>
			<mat>-0.0135968,-0.0241668,0.999615,46.3118,-0.939206,-0.342706,-0.0210604,-33.2668,0.343084,-0.939132,-0.0180379,-5.62834,0,0,0,1</mat>
		</joint>
		<joint id='104' name='JNT_R_Ring03' parent='103'>
			<mat>-0.0403987,-0.0144501,0.999079,44.6631,-0.940348,-0.337498,-0.0429052,-34.2252,0.337807,-0.941215,4.63243e-005,-4.97873,0,0,0,1</mat>
		</joint>
		<joint id='105' name='JNT_R_Ring04' parent='104'>
			<mat>0.169268,-0.109388,0.979481,47.4407,-0.917215,-0.381149,0.115941,-27.0599,0.360646,-0.918019,-0.164849,-11.4158,0,0,0,1</mat>
		</joint>
		<joint id='106' name='JNT_R_Ring05' parent='105'>
			<mat>0.169268,-0.109388,0.979481,46.2212,0.82154,-0.533344,-0.201537,6.1709,0.544446,0.838796,-0.000410947,28.7137,0,0,0,1</mat>
		</joint>
		<joint id='107' name='JNT_R_Pinky01' parent='89'>
			<mat>-0.206746,-0.0922761,0.974034,39.8958,-0.946712,-0.232428,-0.222966,-40.9871,0.246967,-0.968226,-0.0393054,-8.15866,0,0,0,1</mat>
		</joint>
		<joint id='108' name='JNT_R_Pinky02' parent='107'>
			<mat>-0.0283889,-0.0663453,0.997393,45.2119,-0.957745,-0.283892,-0.0461445,-33.695,0.286213,-0.956558,-0.0554826,-7.62794,0,0,0,1</mat>
		</joint>
		<joint id='109' name='JNT_R_Pinky03' parent='108'>
			<mat>0.153019,-0.0445457,0.987219,48.8573,-0.93739,-0.322816,0.130729,-25.5771,0.312866,-0.945413,-0.0911535,-8.3319,0,0,0,1</mat>
		</joint>
		<joint id='110' name='JNT_R_Pinky04' parent='109'>
			<mat>0.153019,-0.0445457,0.987219,47.6913,0.947306,-0.277872,-0.15937,16.1716,0.28142,0.959585,-0.000321265,21.4962,0,0,0,1</mat>
		</joint>
	</skeleton>
	<animations>
		<animation name='Unreal Matinee Take' length='47'>
			<track id = '0' name='JNT_Root'>
				<frame num='-1'>
					<mat>0.000280709,-0.00170606,0.999999,0,-0.139424,0.990231,0.00172854,0,-0.990233,-0.139424,4.01014e-005,-0,0,0,0,1</mat>
				</frame>
				<frame num='0'>
					<mat>0.000280709,-0.00170606,0.999999,0,-0.139424,0.990231,0.00172854,0,-0.990233,-0.139424,4.01014e-005,-0,0,0,0,1</mat>
				</frame>
				<frame num='1'>
					<mat>0.000280709,-0.00170606,0.999999,0,-0.139424,0.990231,0.00172854,0,-0.990233,-0.139424,4.01014e-005,-0,0,0,0,1</mat>
				</frame>
				<frame num='2'>
					<mat>0.000280709,-0.00170606,0.999999,0,-0.139424,0.990231,0.00172854,0,-0.990233,-0.139424,4.01014e-005,-0,0,0,0,1</mat>
				</frame>
				<frame num='3'>
					<mat>0.000280709,-0.00170606,0.999999,0,-0.139424,0.990231,0.00172854,0,-0.990233,-0.139424,4.01014e-005,-0,0,0,0,1</mat>
				</frame>
				<frame num='4'>
					<mat>0.000280709,-0.00170606,0.999999,0,-0.139424,0.990231,0.00172854,0,-0.990233,-0.139424,4.01014e-005,-0,0,0,0,1</mat>
				</frame>
				<frame num='5'>
					<mat>0.000280709,-0.00170606,0.999999,0,-0.139424,0.990231,0.00172854,0,-0.990233,-0.139424,4.01014e-005,-0,0,0,0,1</mat>
				</frame>
				<frame num='6'>
					<mat>0.000280709,-0.00170606,0.999999,0,-0.139424,0.990231,0.00172854,0,-0.990233,-0.139424,4.01014e-005,-0,0,0,0,1</mat>
				</frame>
				<frame num='7'>
					<mat>0.000280709,-0.00170606,0.999999,0,-0.139424,0.990231,0.00172854,0,-0.990233,-0.139424,4.01014e-005,-0,0,0,0,1</mat>
				</frame>
				<frame num='8'>
					<mat>0.000280709,-0.00170606,0.999999,0,-0.139424,0.990231,0.00172854,0,-0.990233,-0.139424,4.01014e-005,-0,0,0,0,1</mat>
				</frame>
				<frame num='9'>
					<mat>0.000280709,-0.00170606,0.999999,0,-0.139424,0.990231,0.00172854,0,-0.990233,-0.139424,4.01014e-005,-0,0,0,0,1</mat>
				</frame>
				<frame num='10'>
					<mat>0.000280709,-0.00170606,0.999999,0,-0.139424,0.990231,0.00172854,0,-0.990233,-0.139424,4.01014e-005,-0,0,0,0,1</mat>
				</frame>
				<frame num='11'>
					<mat>0.000280709,-0.00170606,0.999999,0,-0.139424,0.990231,0.00172854,0,-0.990233,-0.139424,4.01014e-005,-0,0,0,0,1</mat>
				</frame>
				<frame num='12'>
					<mat>0.000280709,-0.00170606,0.999999,0,-0.139424,0.990231,0.00172854,0,-0.990233,-0.139424,4.01014e-005,-0,0,0,0,1</mat>
				</frame>
				<frame num='13'>
					<mat>0.000280709,-0.00170606,0.999999,0,-0.139424,0.990231,0.00172854,0,-0.990233,-0.139424,4.01014e-005,-0,0,0,0,1</mat>
				</frame>
				<frame num='14'>
					<mat>0.000280709,-0.00170606,0.999999,0,-0.139424,0.990231,0.00172854,0,-0.990233,-0.139424,4.01014e-005,-0,0,0,0,1</mat>
				</frame>
				<frame num='15'>
					<mat>0.000280709,-0.00170606,0.999999,0,-0.139424,0.990231,0.00172854,0,-0.990233,-0.139424,4.01014e-005,-0,0,0,0,1</mat>
				</frame>
				<frame num='16'>
					<mat>0.000280709,-0.00170606,0.999999,0,-0.139424,0.990231,0.00172854,0,-0.990233,-0.139424,4.01014e-005,-0,0,0,0,1</mat>
				</frame>
				<frame num='17'>
					<mat>0.000280709,-0.00170606,0.999999,0,-0.139424,0.990231,0.00172854,0,-0.990233,-0.139424,4.01014e-005,-0,0,0,0,1</mat>
				</frame>
				<frame num='18'>
					<mat>0.000280709,-0.00170606,0.999999,0,-0.139424,0.990231,0.00172854,0,-0.990233,-0.139424,4.01014e-005,-0,0,0,0,1</mat>
				</frame>
				<frame num='19'>
					<mat>0.000280709,-0.00170606,0.999999,0,-0.139424,0.990231,0.00172854,0,-0.990233,-0.139424,4.01014e-005,-0,0,0,0,1</mat>
				</frame>
				<frame num='20'>
					<mat>0.000280709,-0.00170606,0.999999,0,-0.139424,0.990231,0.00172854,0,-0.990233,-0.139424,4.01014e-005,-0,0,0,0,1</mat>
				</frame>
				<frame num='21'>
					<mat>0.000280709,-0.00170606,0.999999,0,-0.139424,0.990231,0.00172854,0,-0.990233,-0.139424,4.01014e-005,-0,0,0,0,1</mat>
				</frame>
				<frame num='22'>
					<mat>0.000280709,-0.00170606,0.999999,0,-0.139424,0.990231,0.00172854,0,-0.990233,-0.139424,4.01014e-005,-0,0,0,0,1</mat>
				</frame>
				<frame num='23'>
					<mat>0.000280709,-0.00170606,0.999999,0,-0.139424,0.990231,0.00172854,0,-0.990233,-0.139424,4.01014e-005,-0,0,0,0,1</mat>
				</frame>
				<frame num='24'>
					<mat>0.000280709,-0.00170606,0.999999,0,-0.139424,0.990231,0.00172854,0,-0.990233,-0.139424,4.01014e-005,-0,0,0,0,1</mat>
				</frame>
				<frame num='25'>
					<mat>0.000280709,-0.00170606,0.999999,0,-0.139424,0.990231,0.00172854,0,-0.990233,-0.139424,4.01014e-005,-0,0,0,0,1</mat>
				</frame>
				<frame num='26'>
					<mat>0.000280709,-0.00170606,0.999999,0,-0.139424,0.990231,0.00172854,0,-0.990233,-0.139424,4.01014e-005,-0,0,0,0,1</mat>
				</frame>
				<frame num='27'>
					<mat>0.000280709,-0.00170606,0.999999,0,-0.139424,0.990231,0.00172854,0,-0.990233,-0.139424,4.01014e-005,-0,0,0,0,1</mat>
				</frame>
				<frame num='28'>
					<mat>0.000280709,-0.00170606,0.999999,0,-0.139424,0.990231,0.00172854,0,-0.990233,-0.139424,4.01014e-005,-0,0,0,0,1</mat>
				</frame>
				<frame num='29'>
					<mat>0.000280709,-0.00170606,0.999999,0,-0.139424,0.990231,0.00172854,0,-0.990233,-0.139424,4.01014e-005,-0,0,0,0,1</mat>
				</frame>
				<frame num='30'>
					<mat>0.000280709,-0.00170606,0.999999,0,-0.139424,0.990231,0.00172854,0,-0.990233,-0.139424,4.01014e-005,-0,0,0,0,1</mat>
				</frame>
				<frame num='31'>
					<mat>0.000280709,-0.00170606,0.999999,0,-0.139424,0.990231,0.00172854,0,-0.990233,-0.139424,4.01014e-005,-0,0,0,0,1</mat>
				</frame>
				<frame num='32'>
					<mat>0.000280709,-0.00170606,0.999999,0,-0.139424,0.990231,0.00172854,0,-0.990233,-0.139424,4.01014e-005,-0,0,0,0,1</mat>
				</frame>
				<frame num='33'>
					<mat>0.000280709,-0.00170606,0.999999,0,-0.139424,0.990231,0.00172854,0,-0.990233,-0.139424,4.01014e-005,-0,0,0,0,1</mat>
				</frame>
				<frame num='34'>
					<mat>0.000280709,-0.00170606,0.999999,0,-0.139424,0.990231,0.00172854,0,-0.990233,-0.139424,4.01014e-005,-0,0,0,0,1</mat>
				</frame>
				<frame num='35'>
					<mat>0.000280709,-0.00170606,0.999999,0,-0.139424,0.990231,0.00172854,0,-0.990233,-0.139424,4.01014e-005,-0,0,0,0,1</mat>
				</frame>
				<frame num='36'>
					<mat>0.000280709,-0.00170606,0.999999,0,-0.139424,0.990231,0.00172854,0,-0.990233,-0.139424,4.01014e-005,-0,0,0,0,1</mat>
				</frame>
				<frame num='37'>
					<mat>0.000280709,-0.00170606,0.999999,0,-0.139424,0.990231,0.00172854,0,-0.990233,-0.139424,4.01014e-005,-0,0,0,0,1</mat>
				</frame>
				<frame num='38'>
					<mat>0.000280709,-0.00170606,0.999999,0,-0.139424,0.990231,0.00172854,0,-0.990233,-0.139424,4.01014e-005,-0,0,0,0,1</mat>
				</frame>
				<frame num='39'>
					<mat>0.000280709,-0.00170606,0.999999,0,-0.139424,0.990231,0.00172854,0,-0.990233,-0.139424,4.01014e-005,-0,0,0,0,1</mat>
				</frame>
				<frame num='40'>
					<mat>0.000280709,-0.00170606,0.999999,0,-0.139424,0.990231,0.00172854,0,-0.990233,-0.139424,4.01014e-005,-0,0,0,0,1</mat>
				</frame>
				<frame num='41'>
					<mat>0.000280709,-0.00170606,0.999999,0,-0.139424,0.990231,0.00172854,0,-0.990233,-0.139424,4.01014e-005,-0,0,0,0,1</mat>
				</frame>
				<frame num='42'>
					<mat>0.000280709,-0.00170606,0.999999,0,-0.139424,0.990231,0.00172854,0,-0.990233,-0.139424,4.01014e-005,-0,0,0,0,1</mat>
				</frame>
				<frame num='43'>
					<mat>0.000280709,-0.00170606,0.999999,0,-0.139424,0.990231,0.00172854,0,-0.990233,-0.139424,4.01014e-005,-0,0,0,0,1</mat>
				</frame>
				<frame num='44'>
					<mat>0.000280709,-0.00170606,0.999999,0,-0.139424,0.990231,0.00172854,0,-0.990233,-0.139424,4.01014e-005,-0,0,0,0,1</mat>
				</frame>
				<frame num='45'>
					<mat>0.000280709,-0.00170606,0.999999,0,-0.139424,0.990231,0.00172854,0,-0.990233,-0.139424,4.01014e-005,-0,0,0,0,1</mat>
				</frame>
			</track>
			<track id = '1' name='JNT_COG'>
				<frame num='-1'>
					<mat>-4.00342e-005,-0.86516,0.501496,0.014613,-3.89571e-005,-0.501496,-0.86516,-7.25806,1,-5.41728e-005,-1.36271e-005,-51.549,0,0,0,1</mat>
				</frame>
				<frame num='0'>
					<mat>0.110013,-0.688404,0.716936,0.0144608,0.114771,-0.70769,-0.697138,-7.2582,0.987282,0.158978,0.00115396,-47.7465,0,0,0,1</mat>
				</frame>
				<frame num='1'>
					<mat>0.118225,-0.244641,0.962379,0.0141841,0.419685,-0.866048,-0.27171,-7.26053,0.899938,0.436019,0.000283793,-40.8506,0,0,0,1</mat>
				</frame>
				<frame num='2'>
					<mat>0.0051966,-0.0052659,0.999973,0.0140619,0.566476,-0.824046,-0.00728329,-7.17907,0.824062,0.566498,-0.00129923,-37.2095,0,0,0,1</mat>
				</frame>
				<frame num='3'>
					<mat>-0.000223863,0.00226264,0.999997,0.0149163,0.409116,-0.91248,0.00215621,-4.53642,0.912482,0.409115,-0.000721412,-39.5121,0,0,0,1</mat>
				</frame>
				<frame num='4'>
					<mat>-3.20857e-005,0.00173042,0.999999,0.0167322,0.0210046,-0.999778,0.00173071,1.03498,0.999779,0.0210047,-4.26825e-006,-44.7309,0,0,0,1</mat>
				</frame>
				<frame num='5'>
					<mat>-0.000148317,0.00176134,0.999998,0.0185355,-0.385821,-0.922572,0.00156775,6.54165,0.922574,-0.38582,0.000816397,-50.1005,0,0,0,1</mat>
				</frame>
				<frame num='6'>
					<mat>-0.000206265,0.00180669,0.999998,0.0194041,-0.597934,-0.801544,0.00132481,9.13408,0.801545,-0.597933,0.00124561,-53.1219,0,0,0,1</mat>
				</frame>
				<frame num='7'>
					<mat>-0.000221725,0.0018276,0.999998,0.0194561,-0.66413,-0.747616,0.00121909,9.18876,0.747617,-0.664129,0.00137953,-54.0269,0,0,0,1</mat>
				</frame>
				<frame num='8'>
					<mat>-0.000231014,0.00183953,0.999998,0.0193657,-0.701854,-0.71232,0.0011482,8.80368,0.712321,-0.701853,0.00145564,-54.5436,0,0,0,1</mat>
				</frame>
				<frame num='9'>
					<mat>-0.000237153,0.00184789,0.999998,0.0192308,-0.726744,-0.686907,0.00109698,8.28618,0.686908,-0.726743,0.00150585,-54.9026,0,0,0,1</mat>
				</frame>
				<frame num='10'>
					<mat>-0.000240746,0.0018531,0.999998,0.0190677,-0.741477,-0.670978,0.00106488,7.69033,0.670979,-0.741475,0.00153556,-55.1216,0,0,0,1</mat>
				</frame>
				<frame num='11'>
					<mat>-0.00024257,0.00185584,0.999998,0.0188994,-0.74901,-0.662558,0.00104791,7.09094,0.662559,-0.749008,0.00155076,-55.2357,0,0,0,1</mat>
				</frame>
				<frame num='12'>
					<mat>-0.000255934,0.00184857,0.999998,0.0187494,-0.765681,-0.64322,0.000993073,6.56436,0.643221,-0.765679,0.00158003,-55.282,0,0,0,1</mat>
				</frame>
				<frame num='13'>
					<mat>-0.000163435,0.00184465,0.999998,0.0186365,-0.636707,-0.771105,0.00131836,6.17356,0.771106,-0.636705,0.00130053,-55.2771,0,0,0,1</mat>
				</frame>
				<frame num='14'>
					<mat>-4.74381e-005,0.00185105,0.999998,0.0185563,0.257247,-0.966344,0.00180096,5.91202,0.966346,0.257247,-0.000430336,-55.1586,0,0,0,1</mat>
				</frame>
				<frame num='15'>
					<mat>0.000299665,0.00180032,0.999998,0.0184917,0.923649,-0.383238,0.000413168,5.72712,0.383238,0.923648,-0.00177771,-54.8763,0,0,0,1</mat>
				</frame>
				<frame num='16'>
					<mat>0.000274708,0.00190174,0.999998,0.0184352,0.966652,-0.256092,0.000221475,5.58881,0.256092,0.966651,-0.00190868,-54.4619,0,0,0,1</mat>
				</frame>
				<frame num='17'>
					<mat>0.000243002,0.00185855,0.999998,0.0183835,0.905585,-0.424164,0.000568272,5.47791,0.424164,0.905584,-0.00178615,-53.97,0,0,0,1</mat>
				</frame>
				<frame num='18'>
					<mat>0.000202501,0.00180984,0.999998,0.0183329,0.791564,-0.611085,0.000945677,5.37417,0.611086,0.791563,-0.00155635,-53.4523,0,0,0,1</mat>
				</frame>
				<frame num='19'>
					<mat>0.000144655,0.001766,0.999998,0.0182795,0.613706,-0.789534,0.00130554,5.25733,0.789535,0.613705,-0.00119801,-52.9608,0,0,0,1</mat>
				</frame>
				<frame num='20'>
					<mat>7.75205e-005,0.00173749,0.999999,0.0182196,0.395934,-0.918278,0.00156481,5.10712,0.918279,0.395933,-0.000759116,-52.5474,0,0,0,1</mat>
				</frame>
				<frame num='21'>
					<mat>1.44833e-005,0.00172611,0.999999,0.0181501,0.184667,-0.9828,0.00169374,4.90512,0.982801,0.184667,-0.000332989,-52.2664,0,0,0,1</mat>
				</frame>
				<frame num='22'>
					<mat>-3.36745e-005,0.00172696,0.999999,0.018062,0.0209815,-0.999778,0.00172729,4.61556,0.99978,0.0209815,-2.56708e-006,-52.1532,0,0,0,1</mat>
				</frame>
				<frame num='23'>
					<mat>-6.64623e-005,0.00173306,0.999999,0.0179376,-0.0924218,-0.995718,0.0017195,4.18051,0.99572,-0.0924216,0.000226351,-52.1799,0,0,0,1</mat>
				</frame>
				<frame num='24'>
					<mat>-8.99793e-005,0.00173996,0.999999,0.0177718,-0.175406,-0.984495,0.0016972,3.59147,0.984496,-0.175405,0.000393783,-52.2829,0,0,0,1</mat>
				</frame>
				<frame num='25'>
					<mat>-0.000107362,0.00174624,0.999998,0.0175825,-0.237435,-0.971402,0.00167082,2.91562,0.971403,-0.237434,0.00051891,-52.4227,0,0,0,1</mat>
				</frame>
				<frame num='26'>
					<mat>-0.000119389,0.00175134,0.999998,0.0173943,-0.280728,-0.959786,0.0016474,2.24201,0.959787,-0.280727,0.000606239,-52.5753,0,0,0,1</mat>
				</frame>
				<frame num='27'>
					<mat>-0.000127008,0.00175491,0.999998,0.0172311,-0.308315,-0.951283,0.00163026,1.65676,0.951284,-0.308314,0.000661885,-52.7152,0,0,0,1</mat>
				</frame>
				<frame num='28'>
					<mat>-0.000131392,0.00175707,0.999998,0.0171209,-0.32424,-0.945973,0.00161954,1.25087,0.945975,-0.32424,0.000694008,-52.8881,0,0,0,1</mat>
				</frame>
				<frame num='29'>
					<mat>-0.000130703,0.0017563,0.999998,0.0170545,-0.321324,-0.946968,0.00162116,1.07548,0.946969,-0.321323,0.000688112,-52.4911,0,0,0,1</mat>
				</frame>
				<frame num='30'>
					<mat>-0.000116538,0.00174976,0.999998,0.0169293,-0.270362,-0.962757,0.00165309,1.05182,0.962759,-0.270361,0.000585266,-49.5333,0,0,0,1</mat>
				</frame>
				<frame num='31'>
					<mat>-8.7335e-005,0.00174008,0.999999,0.0166774,-0.166642,-0.986016,0.0017012,1.05538,0.986017,-0.166642,0.000376085,-43.2158,0,0,0,1</mat>
				</frame>
				<frame num='32'>
					<mat>-5.73552e-005,0.00173206,0.999999,0.0163684,-0.0603664,-0.998175,0.00172544,1.05508,0.998176,-0.0603662,0.000161809,-35.4951,0,0,0,1</mat>
				</frame>
				<frame num='33'>
					<mat>-4.17744e-005,0.00172862,0.999999,0.0161129,-0.00601746,-0.99998,0.00172834,1.05483,0.999982,-0.00601738,5.21755e-005,-29.1149,0,0,0,1</mat>
				</frame>
				<frame num='34'>
					<mat>-3.97753e-005,0.00172847,0.999999,0.0159939,0.000860128,-0.999998,0.0017285,1.05471,1,0.000860195,3.82885e-005,-26.1411,0,0,0,1</mat>
				</frame>
				<frame num='35'>
					<mat>-4.00341e-005,0.00172854,0.999999,0.0159804,-3.89571e-005,-0.999999,0.00172854,1.0547,1,-3.88879e-005,4.01014e-005,-25.804,0,0,0,1</mat>
				</frame>
				<frame num='36'>
					<mat>-4.00341e-005,0.00172854,0.999999,0.0159821,-3.89571e-005,-0.999999,0.00172854,1.0547,1,-3.88879e-005,4.01014e-005,-25.847,0,0,0,1</mat>
				</frame>
				<frame num='37'>
					<mat>-4.00341e-005,0.00172854,0.999999,0.0159821,-3.89571e-005,-0.999999,0.00172854,1.0547,1,-3.88879e-005,4.01014e-005,-25.847,0,0,0,1</mat>
				</frame>
				<frame num='38'>
					<mat>-4.00341e-005,0.00172854,0.999999,0.0159821,-3.89571e-005,-0.999999,0.00172854,1.0547,1,-3.88879e-005,4.01014e-005,-25.847,0,0,0,1</mat>
				</frame>
				<frame num='39'>
					<mat>-4.00341e-005,0.00172854,0.999999,0.0159821,-3.89571e-005,-0.999999,0.00172854,1.0547,1,-3.88879e-005,4.01014e-005,-25.847,0,0,0,1</mat>
				</frame>
				<frame num='40'>
					<mat>-4.00341e-005,0.00172854,0.999999,0.0159821,-3.89571e-005,-0.999999,0.00172854,1.0547,1,-3.88879e-005,4.01014e-005,-25.847,0,0,0,1</mat>
				</frame>
				<frame num='41'>
					<mat>-4.00341e-005,0.00172854,0.999999,0.0159821,-3.89571e-005,-0.999999,0.00172854,1.0547,1,-3.88879e-005,4.01014e-005,-25.847,0,0,0,1</mat>
				</frame>
				<frame num='42'>
					<mat>-4.00341e-005,0.00172854,0.999999,0.0159821,-3.89571e-005,-0.999999,0.00172854,1.0547,1,-3.88879e-005,4.01014e-005,-25.847,0,0,0,1</mat>
				</frame>
				<frame num='43'>
					<mat>-4.00341e-005,0.00172854,0.999999,0.0159821,-3.89571e-005,-0.999999,0.00172854,1.0547,1,-3.88879e-005,4.01014e-005,-25.847,0,0,0,1</mat>
				</frame>
				<frame num='44'>
					<mat>-4.00341e-005,0.00172854,0.999999,0.0159821,-3.89571e-005,-0.999999,0.00172854,1.0547,1,-3.88879e-005,4.01014e-005,-25.847,0,0,0,1</mat>
				</frame>
				<frame num='45'>
					<mat>-4.00341e-005,0.00172854,0.999999,0.0159821,-3.89571e-005,-0.999999,0.00172854,1.0547,1,-3.88879e-005,4.01014e-005,-25.847,0,0,0,1</mat>
				</frame>
			</track>
			<track id = '2' name='JNT_Hip'>
				<frame num='-1'>
					<mat>0.485121,0.0888043,0.869926,0.0145766,-0.855727,-0.156535,0.493182,-7.25809,0.17997,-0.983672,5.40606e-005,-50.6389,0,0,0,1</mat>
				</frame>
				<frame num='0'>
					<mat>0.718506,0.0196275,0.695243,0.114582,-0.671737,-0.239586,0.700977,-7.15375,0.180329,-0.970677,-0.158959,-46.848,0,0,0,1</mat>
				</frame>
				<frame num='1'>
					<mat>0.965592,0.0564888,0.253853,0.121779,-0.199888,-0.463226,0.863404,-6.87858,0.166364,-0.884438,-0.435996,-40.0316,0,0,0,1</mat>
				</frame>
				<frame num='2'>
					<mat>0.984483,0.17485,0.014849,0.0187912,0.0870243,-0.559957,0.823939,-6.66353,0.15238,-0.809861,-0.566485,-36.4595,0,0,0,1</mat>
				</frame>
				<frame num='3'>
					<mat>0.983603,0.180199,0.00732097,0.0147126,0.0671533,-0.403621,0.912459,-4.16409,0.167379,-0.897005,-0.409104,-38.6816,0,0,0,1</mat>
				</frame>
				<frame num='4'>
					<mat>0.983633,0.18001,0.00785321,0.016703,-0.0039421,-0.0220746,0.999749,1.05409,0.180138,-0.983417,-0.0210037,-43.821,0,0,0,1</mat>
				</frame>
				<frame num='5'>
