<?xml version='1.0' encoding='UTF-8' ?>
<itpanim>
	<skeleton count='111'>
		<joint id='0' name='JNT_Root' parent='0'>
			<mat>0.00028071,-0.139424,-0.990233,0,-0.00170606,0.990231,-0.139424,0,0.999999,0.00172853,4.0102e-005,0,0,0,0,1</mat>
		</joint>
		<joint id='1' name='JNT_COG' parent='0'>
			<mat>6.15159e-017,-1.22412e-016,1,51.549,0.00172854,-0.999999,-1.22518e-016,-7.25807,0.999999,0.00172854,-6.13042e-017,-0.00206719,0,0,0,1</mat>
		</joint>
		<joint id='2' name='JNT_Hip' parent='1'>
			<mat>0.983642,-0.00776909,0.179965,9.04249,0.179958,-0.00159897,-0.983673,-49.8264,0.00793,0.999969,-0.000174708,7.24887,0,0,0,1</mat>
		</joint>
		<joint id='3' name='JNT_L_LEG' parent='2'>
			<mat>-2.67944e-005,-0.0229294,0.999737,49.2002,-0.000357554,-0.999737,-0.0229294,-8.44026,1,-0.000358074,1.85888e-005,-6.89357,0,0,0,1</mat>
		</joint>
		<joint id='4' name='JNT_L_Knee' parent='3'>
			<mat>8.10012e-005,0.276108,0.961127,27.5056,-0.000349288,-0.961127,0.276108,-0.253068,1,-0.000358075,1.85888e-005,-6.89357,0,0,0,1</mat>
		</joint>
		<joint id='5' name='JNT_L_Ankle' parent='4'>
			<mat>-0.000291181,-0.780748,0.624846,2.67888,-0.000209227,-0.624846,-0.780748,-7.0794,1,-0.000358074,1.85897e-005,-6.89357,0,0,0,1</mat>
		</joint>
		<joint id='6' name='JNT_L_Ball' parent='5'>
			<mat>-0.000324486,-0.881703,0.471804,-2.01039,-0.000152551,-0.471804,-0.881703,-6.8271,1,-0.000358074,1.85892e-005,-6.89357,0,0,0,1</mat>
		</joint>
		<joint id='7' name='JNT_L_Toes' parent='6'>
			<mat>-0.000324486,-0.881703,0.471804,-10.6646,-0.000152551,-0.471804,-0.881703,-6.8271,1,-0.000358074,1.85892e-005,-6.89357,0,0,0,1</mat>
		</joint>
		<joint id='8' name='JNT_R_LEG' parent='2'>
			<mat>-2.67944e-005,-0.0229294,0.999737,49.1997,-0.000357554,-0.999737,-0.0229294,-8.44017,1,-0.000358074,1.85888e-005,6.861,0,0,0,1</mat>
		</joint>
		<joint id='9' name='JNT_R_Knee' parent='8'>
			<mat>8.10012e-005,0.276108,0.961127,27.5051,-0.000349288,-0.961127,0.276108,-0.253138,1,-0.000358075,1.85888e-005,6.861,0,0,0,1</mat>
		</joint>
		<joint id='10' name='JNT_R_Ankle' parent='9'>
			<mat>-0.000291181,-0.780748,0.624846,2.6786,-0.000209227,-0.624846,-0.780748,-7.07892,1,-0.000358074,1.85897e-005,6.861,0,0,0,1</mat>
		</joint>
		<joint id='11' name='JNT_R_Ball' parent='10'>
			<mat>-0.000324486,-0.881703,0.471804,-2.01058,-0.000152551,-0.471804,-0.881703,-6.82659,1,-0.000358074,1.85892e-005,6.861,0,0,0,1</mat>
		</joint>
		<joint id='12' name='JNT_R_Toes' parent='11'>
			<mat>-0.000324486,-0.881703,0.471804,-10.6648,-0.000152551,-0.471804,-0.881703,-6.82659,1,-0.000358074,1.85892e-005,6.861,0,0,0,1</mat>
		</joint>
		<joint id='13' name='JNT_B_Skirt03' parent='2'>
			<mat>1,-0.000356067,-6.05257e-005,-0.00201884,-6.05877e-005,-0.000174233,-1,-5.95784,0.000356056,1,-0.000174255,-18.8122,0,0,0,1</mat>
		</joint>
		<joint id='14' name='JNT_B_Skirt02' parent='2'>
			<mat>1,-0.000356067,-6.05257e-005,-0.00267579,-6.05877e-005,-0.000174233,-1,-22.7002,0.000356056,1,-0.000174255,-18.2654,0,0,0,1</mat>
		</joint>
		<joint id='15' name='JNT_B_Skirt01' parent='2'>
			<mat>1,-0.000356067,-6.05257e-005,-0.00341346,-6.05877e-005,-0.000174233,-1,-42.7104,0.000356056,1,-0.000174255,-11.1449,0,0,0,1</mat>
		</joint>
		<joint id='16' name='JNT_C_Skirt01' parent='2'>
			<mat>1,-0.000356067,-6.05257e-005,-0.00313147,-6.05877e-005,-0.000174233,-1,-42.4153,0.000356056,1,-0.000174255,25.745,0,0,0,1</mat>
		</joint>
		<joint id='17' name='JNT_C_Skirt02' parent='2'>
			<mat>6.11882e-017,9.96307e-017,1,22.6223,0.00165729,-0.999999,9.95291e-017,-31.0629,0.999999,0.00165729,-6.13532e-017,0.0615989,0,0,0,1</mat>
		</joint>
		<joint id='18' name='JNT_C_Skirt03' parent='2'>
			<mat>6.11882e-017,9.96307e-017,1,5.95241,0.00165729,-0.999999,9.95291e-017,-31.539,0.999999,0.00165729,-6.13532e-017,0.0622096,0,0,0,1</mat>
		</joint>
		<joint id='19' name='JNT_L_Skirt02' parent='2'>
			<mat>1,-0.000356067,-6.05257e-005,-23.9226,-6.05877e-005,-0.000174233,-1,-22.6375,0.000356056,1,-0.000174255,11.1368,0,0,0,1</mat>
		</joint>
		<joint id='20' name='JNT_L_Skirt03' parent='2'>
			<mat>1,-0.000356067,-6.05257e-005,-24.5136,-6.05877e-005,-0.000174233,-1,-5.95698,0.000356056,1,-0.000174255,10.8537,0,0,0,1</mat>
		</joint>
		<joint id='21' name='JNT_L_Skirt01' parent='2'>
			<mat>1,-0.000356067,-6.05257e-005,-17.5327,-6.05877e-005,-0.000174233,-1,-42.5228,0.000356056,1,-0.000174255,10.5566,0,0,0,1</mat>
		</joint>
		<joint id='22' name='JNT_BL_Skirt01' parent='2'>
			<mat>1,-0.000356067,-6.05257e-005,-9.18889,-6.05877e-005,-0.000174233,-1,-42.7471,0.000356056,1,-0.000174255,-8.39785,0,0,0,1</mat>
		</joint>
		<joint id='23' name='JNT_BL_Skirt02' parent='2'>
			<mat>1,-0.000356067,-6.05257e-005,-14.6747,-6.05877e-005,-0.000174233,-1,-22.6894,0.000356056,1,-0.000174255,-13.3136,0,0,0,1</mat>
		</joint>
		<joint id='24' name='JNT_BL_Skirt03' parent='2'>
			<mat>1,-0.000356067,-6.05257e-005,-15.0944,-6.05877e-005,-0.000174233,-1,-5.95732,0.000356056,1,-0.000174255,-13.5733,0,0,0,1</mat>
		</joint>
		<joint id='25' name='JNT_BR_Skirt03' parent='2'>
			<mat>1,-0.000356067,-6.05257e-005,15.0904,-6.05877e-005,-0.000174233,-1,-5.95852,0.000356056,1,-0.000174255,-13.5735,0,0,0,1</mat>
		</joint>
		<joint id='26' name='JNT_BR_Skirt02' parent='2'>
			<mat>1,-0.000356067,-6.05257e-005,14.6694,-6.05877e-005,-0.000174233,-1,-22.6906,0.000356056,1,-0.000174255,-13.3138,0,0,0,1</mat>
		</joint>
		<joint id='27' name='JNT_BR_Skirt01' parent='2'>
			<mat>1,-0.000356067,-6.05257e-005,9.1821,-6.05877e-005,-0.000174233,-1,-42.7478,0.000356056,1,-0.000174255,-8.39799,0,0,0,1</mat>
		</joint>
		<joint id='28' name='JNT_R_Skirt01' parent='2'>
			<mat>6.11882e-017,9.96307e-017,1,42.5213,0.00165729,-0.999999,9.95291e-017,-10.5285,0.999999,0.00165729,-6.13532e-017,17.55,0,0,0,1</mat>
		</joint>
		<joint id='29' name='JNT_R_Skirt02' parent='2'>
			<mat>6.11882e-017,9.96307e-017,1,22.636,0.00165729,-0.999999,9.95291e-017,-11.0922,0.999999,0.00165729,-6.13532e-017,23.9414,0,0,0,1</mat>
		</joint>
		<joint id='30' name='JNT_R_Skirt03' parent='2'>
			<mat>1,-0.000356067,-6.05257e-005,24.51,-6.05877e-005,-0.000174233,-1,-5.95892,0.000356056,1,-0.000174255,10.8533,0,0,0,1</mat>
		</joint>
		<joint id='31' name='JNT_Gun' parent='1'>
			<mat>-0.00030882,-0.89838,0.439219,76.6258,-0.000103657,-0.439219,-0.89838,-98.5511,1,-0.000322966,4.25158e-005,0.00118131,0,0,0,1</mat>
		</joint>
		<joint id='32' name='JNT_Gun_Clip' parent='31'>
			<mat>-0.00030882,-0.89838,0.439219,58.0846,-0.000103657,-0.439219,-0.89838,-98.5511,1,-0.000322966,4.25158e-005,0.00118131,0,0,0,1</mat>
		</joint>
		<joint id='33' name='JNT_Gun_Handle' parent='31'>
			<mat>0.0002628,0.722725,-0.691135,-76.3536,-0.000192486,-0.691135,-0.722725,-95.1719,-1,0.000322966,-4.25152e-005,-0.00118124,0,0,0,1</mat>
		</joint>
		<joint id='34' name='JNT_Gun_Handletip' parent='33'>
			<mat>0.0002628,0.722725,-0.691135,-92.4104,-0.000192486,-0.691135,-0.722725,-95.1719,-1,0.000322966,-4.25152e-005,-0.00118124,0,0,0,1</mat>
		</joint>
		<joint id='35' name='JNT_Spine01' parent='1'>
			<mat>-7.05705e-006,0.0918137,-0.995776,-51.7451,0.000292113,0.995776,0.0918137,12.8755,1,-0.000290231,-3.38472e-005,-0.0185515,0,0,0,1</mat>
		</joint>
		<joint id='36' name='JNT_Spine02' parent='35'>
			<mat>9.77683e-006,0.149006,-0.988836,-55.5704,0.000292035,0.988836,0.149006,16.1025,1,-0.000290232,-3.38473e-005,-0.0185515,0,0,0,1</mat>
		</joint>
		<joint id='37' name='JNT_Spine03' parent='36'>
			<mat>-2.69375e-005,0.0237747,-0.999717,-66.8442,0.000290954,0.999717,0.0237747,7.77799,1,-0.000290231,-3.38472e-005,-0.0185515,0,0,0,1</mat>
		</joint>
		<joint id='38' name='JNT_Neck01' parent='37'>
			<mat>-0.000141186,-0.378516,-0.925595,-67.4598,0.000255825,0.925595,-0.378516,-20.9947,1,-0.000290231,-3.38471e-005,-0.0185515,0,0,0,1</mat>
		</joint>
		<joint id='39' name='JNT_Neck02' parent='38'>
			<mat>-0.000154949,-0.428508,-0.903538,-68.0281,0.000247731,0.903538,-0.428508,-24.7474,1,-0.000290231,-3.38471e-005,-0.0185515,0,0,0,1</mat>
		</joint>
		<joint id='40' name='JNT_Head01' parent='39'>
			<mat>-0.000121551,-0.307849,-0.951435,-72.7624,0.000265716,0.951435,-0.307849,-15.4516,1,-0.000290231,-3.38472e-005,-0.0185515,0,0,0,1</mat>
		</joint>
		<joint id='41' name='JNT_Head02' parent='40'>
			<mat>6.11753e-017,-3.21633e-016,1,77.9918,-0.000290231,-1,-3.21616e-016,-8.99495,1,-0.000290231,-6.12687e-017,-0.0159117,0,0,0,1</mat>
		</joint>
		<joint id='42' name='JNT_Jaw' parent='41'>
			<mat>-0.000223195,-0.885645,0.464364,27.9106,-0.000134773,-0.464364,-0.885645,-72.6021,1,-0.000260255,-1.57175e-005,-0.0168812,0,0,0,1</mat>
		</joint>
		<joint id='43' name='JNT_Chin' parent='42'>
			<mat>-0.000223195,-0.885645,0.464364,20.1764,-0.000134773,-0.464364,-0.885645,-72.6021,1,-0.000260255,-1.57175e-005,-0.0168812,0,0,0,1</mat>
		</joint>
		<joint id='44' name='JNT_Head03' parent='41'>
			<mat>0.752556,-0.000184568,-0.658529,-57.4475,-0.658529,0.000191125,-0.752556,-65.5489,0.000264759,1,2.22894e-005,3.28456,0,0,0,1</mat>
		</joint>
		<joint id='45' name='JNT_L_Hair01' parent='44'>
			<mat>0.94657,-0.000243425,-0.322499,-33.4137,-0.322499,0.000106483,-0.94657,-84.6392,0.000264759,1,2.22894e-005,3.28456,0,0,0,1</mat>
		</joint>
		<joint id='46' name='JNT_L_Hair02' parent='45'>
			<mat>0.959868,-0.000247882,-0.280453,-38.1851,-0.280453,9.56473e-005,-0.959868,-86.4067,0.000264759,1,2.22894e-005,1.01201,0,0,0,1</mat>
		</joint>
		<joint id='47' name='JNT_L_Hair03' parent='46'>
			<mat>0.956186,-0.000246633,-0.292761,-47.4159,-0.292761,9.88239e-005,-0.956186,-86.1533,0.000264759,1,2.22894e-005,-1.18952,0,0,0,1</mat>
		</joint>
		<joint id='48' name='JNT_L_Hair04' parent='47'>
			<mat>0.97091,-0.00025172,-0.239445,-50.3372,-0.239445,8.50362e-005,-0.97091,-89.0633,0.000264759,1,2.22894e-005,-2.82292,0,0,0,1</mat>
		</joint>
		<joint id='49' name='JNT_L_Hair05' parent='48'>
			<mat>0.966215,-0.000250069,-0.257739,-61.0679,-0.257739,8.9775e-005,-0.966215,-88.3747,0.000264759,1,2.22894e-005,-5.17038,0,0,0,1</mat>
		</joint>
		<joint id='50' name='JNT_L_Hair06' parent='49'>
			<mat>1,-0.000264757,-9.60785e-005,-42.243,-9.60726e-005,2.23148e-005,-1,-103.12,0.000264759,1,2.22894e-005,-6.97359,0,0,0,1</mat>
		</joint>
		<joint id='51' name='JNT_R_Hair01' parent='44'>
			<mat>0.946601,-0.000257807,0.322407,33.2796,0.322407,-6.4261e-005,-0.946601,-84.685,0.000264759,1,2.22894e-005,3.28456,0,0,0,1</mat>
		</joint>
		<joint id='52' name='JNT_R_Hair02' parent='51'>
			<mat>0.959895,-0.00026039,0.280361,38.0491,0.280361,-5.28326e-005,-0.959895,-86.4466,0.000264759,1,2.22894e-005,1.01201,0,0,0,1</mat>
		</joint>
		<joint id='53' name='JNT_R_Hair03' parent='52'>
			<mat>0.956214,-0.00025969,0.292669,47.2805,0.292669,-5.61733e-005,-0.956214,-86.1949,0.000264759,1,2.22894e-005,-1.18952,0,0,0,1</mat>
		</joint>
		<joint id='54' name='JNT_R_Hair04' parent='53'>
			<mat>0.970933,-0.000262398,0.239351,50.1997,0.239351,-4.17288e-005,-0.970933,-89.0973,0.000264759,1,2.22894e-005,-2.82292,0,0,0,1</mat>
		</joint>
		<joint id='55' name='JNT_R_Hair05' parent='54'>
			<mat>0.966239,-0.000261563,0.257646,60.9311,0.257646,-4.66772e-005,-0.966239,-88.4114,0.000264759,1,2.22894e-005,-5.17037,0,0,0,1</mat>
		</joint>
		<joint id='56' name='JNT_R_Hair06' parent='55'>
			<mat>1,-0.000264759,-2.04658e-007,42.1012,-1.98757e-007,2.22895e-005,-1,-103.121,0.000264759,1,2.22894e-005,-6.97359,0,0,0,1</mat>
		</joint>
		<joint id='57' name='JNT_L_Eye' parent='41'>
			<mat>1,-0.000256384,-2.04942e-007,-2.89776,-2.04942e-007,5.25439e-011,-1,-80.7968,0.000256384,1,6.12323e-017,14.6625,0,0,0,1</mat>
		</joint>
		<joint id='58' name='JNT_R_Eye' parent='41'>
			<mat>1,-0.000324079,2.04942e-007,2.86613,-2.04942e-007,6.64172e-011,1,80.7966,-0.000324079,-1,-1.60812e-016,-14.6625,0,0,0,1</mat>
		</joint>
		<joint id='59' name='JNT_L_Clavicle' parent='36'>
			<mat>0.941472,0.0450059,0.334074,16.3381,0.333699,0.0158358,-0.942547,-61.8092,-0.0477105,0.998861,-0.00010943,7.68664,0,0,0,1</mat>
		</joint>
		<joint id='60' name='JNT_L_Arm' parent='59'>
			<mat>0.867555,-0.154669,0.47268,22.3574,0.465321,-0.0830854,-0.881234,-59.6285,0.175573,0.984466,-0.000110182,5.94953,0,0,0,1</mat>
		</joint>
		<joint id='61' name='JNT_L_Elbow' parent='60'>
			<mat>0.658586,-0.430092,0.617483,20.1763,0.516955,-0.337702,-0.786584,-57.4048,0.546829,0.837244,-6.73098e-005,-1.85661,0,0,0,1</mat>
		</joint>
		<joint id='62' name='JNT_L_Wrist' parent='61'>
			<mat>0.697681,-0.368447,0.6144,12.2569,0.543264,-0.28697,-0.788994,-57.4914,0.467017,0.884248,-4.94634e-005,0.52005,0,0,0,1</mat>
		</joint>
		<joint id='63' name='JNT_L_Hand' parent='62'>
			<mat>-0.258813,-0.865215,0.429441,17.3358,-0.122979,-0.411456,-0.903095,-49.6144,0.958067,-0.286545,8.70945e-005,-25.8673,0,0,0,1</mat>
		</joint>
		<joint id='64' name='JNT_L_Thumb01' parent='63'>
			<mat>-0.112158,-0.778088,0.61806,21.4097,-0.0880992,-0.611749,-0.78613,-47.6565,0.989777,-0.142621,6.33794e-005,-24.2768,0,0,0,1</mat>
		</joint>
		<joint id='65' name='JNT_L_Thumb02' parent='64'>
			<mat>-0.0641869,-0.572135,0.817644,31.7886,-0.0910957,-0.812554,-0.575724,-40.7139,0.993771,-0.111438,3.63128e-005,-23.8188,0,0,0,1</mat>
		</joint>
		<joint id='66' name='JNT_L_Thumb03' parent='65'>
			<mat>-0.0641869,-0.572135,0.817644,30.4125,-0.0910957,-0.812554,-0.575724,-40.7139,0.993771,-0.111438,3.63128e-005,-23.8188,0,0,0,1</mat>
		</joint>
		<joint id='67' name='JNT_L_Index01' parent='63'>
			<mat>0.34788,-0.236732,0.907159,30.2769,0.697968,-0.580628,-0.419179,-49.9593,0.625955,0.778992,-0.0367573,-4.34632,0,0,0,1</mat>
		</joint>
		<joint id='68' name='JNT_L_Index02' parent='67'>
			<mat>0.0549609,-0.0772597,0.995495,43.4173,0.76813,-0.633709,-0.0915899,-37.6443,0.63793,0.769704,0.0245163,-1.99883,0,0,0,1</mat>
		</joint>
		<joint id='69' name='JNT_L_Index03' parent='68'>
			<mat>-0.0128884,-0.0649364,0.997806,44.3775,0.752331,-0.657953,-0.0331014,-35.0132,0.658659,0.750254,0.0573336,-1.45889,0,0,0,1</mat>
		</joint>
		<joint id='70' name='JNT_L_Index04' parent='69'>
			<mat>-0.0128884,-0.0649364,0.997806,43.3057,0.752331,-0.657953,-0.0331014,-35.0132,0.658659,0.750254,0.0573336,-1.45889,0,0,0,1</mat>
		</joint>
		<joint id='71' name='JNT_L_Middle01' parent='63'>
			<mat>0.436455,-0.236662,0.868043,26.0863,0.762992,-0.413935,-0.496489,-52.4177,0.476813,0.879005,-9.28385e-005,1.7603,0,0,0,1</mat>
		</joint>
		<joint id='72' name='JNT_L_Middle02' parent='71'>
			<mat>0.086029,-0.102819,0.990973,42.8276,0.812454,-0.568458,-0.129512,-39.0827,0.576643,0.816262,0.0346319,-0.513775,0,0,0,1</mat>
		</joint>
		<joint id='73' name='JNT_L_Middle03' parent='72'>
			<mat>0.0338578,-0.0582627,0.997727,44.4428,0.819909,-0.569228,-0.0610639,-36.1232,0.571492,0.820112,0.0284973,-0.585353,0,0,0,1</mat>
		</joint>
		<joint id='74' name='JNT_L_Middle04' parent='73'>
			<mat>-0.0900371,-0.0609176,0.994074,46.6257,0.755563,-0.654463,0.0283283,-31.7285,0.648859,0.753636,0.104953,-0.485444,0,0,0,1</mat>
		</joint>
		<joint id='75' name='JNT_L_Middle05' parent='74'>
			<mat>-0.0900373,-0.0609177,0.994074,45.1444,-0.822322,-0.558542,-0.108709,8.68183,0.561854,-0.827236,0.000195606,-30.5215,0,0,0,1</mat>
		</joint>
		<joint id='76' name='JNT_L_Ring01' parent='63'>
			<mat>0.282733,-0.100049,0.953967,36.6222,0.899261,-0.318406,-0.299913,-44.9063,0.333755,0.94266,-5.34596e-005,5.10617,0,0,0,1</mat>
		</joint>
		<joint id='77' name='JNT_L_Ring02' parent='76'>
			<mat>0.0138844,-0.0242838,0.999609,46.305,0.938344,-0.34504,-0.0214156,-33.3261,0.345425,0.938274,0.0179959,5.55289,0,0,0,1</mat>
		</joint>
		<joint id='78' name='JNT_L_Ring03' parent='77'>
			<mat>0.0408,-0.0146668,0.99906,44.6504,0.93965,-0.339379,-0.0433561,-34.2866,0.339696,0.940535,-6.5012e-005,4.92025,0,0,0,1</mat>
		</joint>
		<joint id='79' name='JNT_L_Ring04' parent='78'>
			<mat>-0.168949,-0.109424,0.979532,47.4404,0.917041,-0.381692,0.115531,-27.1131,0.361238,0.917789,0.164833,11.4015,0,0,0,1</mat>
		</joint>
		<joint id='80' name='JNT_L_Ring05' parent='79'>
			<mat>-0.168949,-0.109424,0.979532,46.2208,-0.821925,-0.532843,-0.201289,6.21313,0.543963,-0.839109,8.47378e-005,-28.7491,0,0,0,1</mat>
		</joint>
		<joint id='81' name='JNT_L_Pinky01' parent='63'>
			<mat>0.207091,-0.0924744,0.973941,39.8756,0.889225,-0.397292,-0.2268,-41.8296,0.407912,0.913021,-4.49117e-005,0.909637,0,0,0,1</mat>
		</joint>
		<joint id='82' name='JNT_L_Pinky02' parent='81'>
			<mat>0.028711,-0.0665204,0.997372,45.2015,0.892978,-0.446666,-0.0554965,-34.5588,0.449184,0.892224,0.046577,1.62583,0,0,0,1</mat>
		</joint>
		<joint id='83' name='JNT_L_Pinky03' parent='82'>
			<mat>-0.152533,-0.0445487,0.987294,48.8544,0.868635,-0.482528,0.112428,-26.6908,0.471388,0.874747,0.112298,3.74081,0,0,0,1</mat>
		</joint>
		<joint id='84' name='JNT_L_Pinky04' parent='83'>
			<mat>-0.152533,-0.0445487,0.987294,47.6884,-0.94754,-0.277341,-0.158905,16.2281,0.280896,-0.959738,9.17944e-005,-21.5184,0,0,0,1</mat>
		</joint>
		<joint id='85' name='JNT_R_Clavicle' parent='36'>
			<mat>-0.941423,0.0455524,0.334139,16.373,-0.333754,0.0160295,-0.942524,-61.7966,-0.0482903,-0.998833,0.000112731,-7.6849,0,0,0,1</mat>
		</joint>
		<joint id='86' name='JNT_R_Arm' parent='85'>
			<mat>-0.867612,-0.154166,0.472738,22.3894,-0.465428,-0.0828152,-0.881203,-59.611,0.175001,-0.984568,9.85268e-005,-5.95606,0,0,0,1</mat>
		</joint>
		<joint id='87' name='JNT_R_Elbow' parent='86'>
			<mat>-0.658736,-0.429699,0.617597,20.2057,-0.517226,-0.337495,-0.786495,-57.3835,0.546392,-0.837529,6.80652e-005,1.83962,0,0,0,1</mat>
		</joint>
		<joint id='88' name='JNT_R_Wrist' parent='87'>
			<mat>-0.697799,-0.368034,0.614514,12.2874,-0.543509,-0.28675,-0.788906,-57.4693,0.466556,-0.884492,6.38581e-005,-0.533598,0,0,0,1</mat>
		</joint>
		<joint id='89' name='JNT_R_Hand' parent='88'>
			<mat>0.25845,-0.865296,0.429496,17.3329,0.122485,-0.41166,-0.903069,-49.6226,0.958228,0.286005,-0.000407727,25.818,0,0,0,1</mat>
		</joint>
		<joint id='90' name='JNT_R_Thumb01' parent='89'>
			<mat>0.111898,-0.778059,0.618144,21.4145,0.0875288,-0.611916,-0.786064,-47.6606,0.989857,0.142065,-0.000369825,24.2272,0,0,0,1</mat>
		</joint>
		<joint id='91' name='JNT_R_Thumb02' parent='90'>
			<mat>0.0641122,-0.572126,0.817656,31.7914,0.0904646,-0.812636,-0.575707,-40.7183,0.993834,0.110879,-0.000342737,23.7691,0,0,0,1</mat>
		</joint>
		<joint id='92' name='JNT_R_Thumb03' parent='91'>
			<mat>0.0641122,-0.572126,0.817656,30.4153,0.0904646,-0.812636,-0.575707,-40.7183,0.993834,0.110879,-0.000342737,23.7691,0,0,0,1</mat>
		</joint>
		<joint id='93' name='JNT_R_Index01' parent='89'>
			<mat>-0.347665,-0.23638,0.907333,30.306,-0.75035,-0.510125,-0.420413,-50.107,0.562231,-0.82698,-1.51834e-005,-0.0498629,0,0,0,1</mat>
		</joint>
		<joint id='94' name='JNT_R_Index02' parent='93'>
			<mat>-0.0546353,-0.0770362,0.99553,43.4303,-0.821127,-0.563811,-0.088693,-37.6268,0.568124,-0.822302,-0.0324525,-1.30963,0,0,0,1</mat>
		</joint>
		<joint id='95' name='JNT_R_Index03' parent='94'>
			<mat>0.0132036,-0.0647634,0.997813,44.386,-0.855772,-0.516876,-0.022224,-34.6834,0.517185,-0.853607,-0.0622473,-4.67561,0,0,0,1</mat>
		</joint>
		<joint id='96' name='JNT_R_Index04' parent='95'>
			<mat>0.0132035,-0.0647634,0.997813,43.3142,0.193293,-0.978912,-0.0660944,-16.2564,0.981052,0.193743,-0.000406795,30.9924,0,0,0,1</mat>
		</joint>
		<joint id='97' name='JNT_R_Middle01' parent='89'>
			<mat>-0.436337,-0.236286,0.868204,26.115,-0.763368,-0.41358,-0.496207,-52.3801,0.476319,-0.879273,8.67311e-005,-1.77639,0,0,0,1</mat>
		</joint>
		<joint id='98' name='JNT_R_Middle02' parent='97'>
			<mat>-0.0858847,-0.102668,0.991001,42.8351,-0.900609,-0.417364,-0.12129,-38.534,0.426061,-0.902921,-0.0566185,-6.30398,0,0,0,1</mat>
		</joint>
		<joint id='99' name='JNT_R_Middle03' parent='98'>
			<mat>-0.0337861,-0.0582268,0.997731,44.443,-0.907076,-0.417349,-0.0550724,-35.6367,0.419609,-0.906879,-0.0387155,-5.72356,0,0,0,1</mat>
		</joint>
		<joint id='100' name='JNT_R_Middle04' parent='99'>
			<mat>0.0901334,-0.0608574,0.994069,46.6234,-0.898149,-0.436272,0.0547275,-30.7302,0.430354,-0.897754,-0.0939817,-7.76648,0,0,0,1</mat>
		</joint>
		<joint id='101' name='JNT_R_Middle05' parent='100'>
			<mat>0.0901332,-0.0608573,0.994069,45.1422,0.821754,-0.559368,-0.108754,8.63815,0.562669,0.826682,-0.000407911,30.4967,0,0,0,1</mat>
		</joint>
		<joint id='102' name='JNT_R_Ring01' parent='89'>
			<mat>-0.282487,-0.0998352,0.954062,36.642,-0.899471,-0.318098,-0.29961,-44.8625,0.333397,-0.942787,5.98595e-005,-5.11074,0,0,0,1</mat>
		</joint>
		<joint id='103' name='JNT_R_Ring02' parent='102'>
			<mat>-0.0135968,-0.0241668,0.999615,46.3118,-0.939206,-0.342706,-0.0210604,-33.2668,0.343083,-0.939132,-0.0180379,-5.62834,0,0,0,1</mat>
		</joint>
		<joint id='104' name='JNT_R_Ring03' parent='103'>
			<mat>-0.0403987,-0.0144501,0.999079,44.6631,-0.940348,-0.337498,-0.0429052,-34.2252,0.337807,-0.941215,4.63246e-005,-4.97873,0,0,0,1</mat>
		</joint>
		<joint id='105' name='JNT_R_Ring04' parent='104'>
			<mat>0.169268,-0.109388,0.979481,47.4407,-0.917215,-0.381149,0.115941,-27.0599,0.360646,-0.918019,-0.164849,-11.4158,0,0,0,1</mat>
		</joint>
		<joint id='106' name='JNT_R_Ring05' parent='105'>
			<mat>0.169268,-0.109388,0.979481,46.2211,0.82154,-0.533344,-0.201537,6.1709,0.544446,0.838796,-0.000410927,28.7137,0,0,0,1</mat>
		</joint>
		<joint id='107' name='JNT_R_Pinky01' parent='89'>
			<mat>-0.206746,-0.0922761,0.974034,39.8958,-0.946712,-0.232428,-0.222966,-40.9871,0.246967,-0.968226,-0.0393054,-8.15866,0,0,0,1</mat>
		</joint>
		<joint id='108' name='JNT_R_Pinky02' parent='107'>
			<mat>-0.0283888,-0.0663453,0.997393,45.2119,-0.957745,-0.283892,-0.0461445,-33.695,0.286213,-0.956558,-0.0554826,-7.62794,0,0,0,1</mat>
		</joint>
		<joint id='109' name='JNT_R_Pinky03' parent='108'>
			<mat>0.153019,-0.0445457,0.987219,48.8572,-0.93739,-0.322815,0.130729,-25.5771,0.312866,-0.945413,-0.0911535,-8.3319,0,0,0,1</mat>
		</joint>
		<joint id='110' name='JNT_R_Pinky04' parent='109'>
			<mat>0.153018,-0.0445456,0.987219,47.6913,0.947306,-0.277872,-0.15937,16.1716,0.28142,0.959585,-0.000321257,21.4962,0,0,0,1</mat>
		</joint>
	</skeleton>
	<animations>
		<animation name='Take 001' length='25'>
			<track id = '0' name='JNT_Root'>
				<frame num='0'>
					<mat>0.000280709,-0.00170606,0.999999,0,-0.139424,0.990231,0.00172854,0,-0.990233,-0.139424,4.01014e-005,-0,0,0,0,1</mat>
				</frame>
				<frame num='1'>
					<mat>0.000280709,-0.00170606,0.999999,0,-0.139424,0.990231,0.00172854,0,-0.990233,-0.139424,4.01014e-005,-0,0,0,0,1</mat>
				</frame>
				<frame num='2'>
					<mat>0.000280709,-0.00170606,0.999999,0,-0.139424,0.990231,0.00172854,0,-0.990233,-0.139424,4.01014e-005,-0,0,0,0,1</mat>
				</frame>
				<frame num='3'>
					<mat>0.000280709,-0.00170606,0.999999,0,-0.139424,0.990231,0.00172854,0,-0.990233,-0.139424,4.01014e-005,-0,0,0,0,1</mat>
				</frame>
				<frame num='4'>
					<mat>0.000280709,-0.00170606,0.999999,0,-0.139424,0.990231,0.00172854,0,-0.990233,-0.139424,4.01014e-005,-0,0,0,0,1</mat>
				</frame>
				<frame num='5'>
					<mat>0.000280709,-0.00170606,0.999999,0,-0.139424,0.990231,0.00172854,0,-0.990233,-0.139424,4.01014e-005,-0,0,0,0,1</mat>
				</frame>
				<frame num='6'>
					<mat>0.000280709,-0.00170606,0.999999,0,-0.139424,0.990231,0.00172854,0,-0.990233,-0.139424,4.01014e-005,-0,0,0,0,1</mat>
				</frame>
				<frame num='7'>
					<mat>0.000280709,-0.00170606,0.999999,0,-0.139424,0.990231,0.00172854,0,-0.990233,-0.139424,4.01014e-005,-0,0,0,0,1</mat>
				</frame>
				<frame num='8'>
					<mat>0.000280709,-0.00170606,0.999999,0,-0.139424,0.990231,0.00172854,0,-0.990233,-0.139424,4.01014e-005,-0,0,0,0,1</mat>
				</frame>
				<frame num='9'>
					<mat>0.000280709,-0.00170606,0.999999,0,-0.139424,0.990231,0.00172854,0,-0.990233,-0.139424,4.01014e-005,-0,0,0,0,1</mat>
				</frame>
				<frame num='10'>
					<mat>0.000280709,-0.00170606,0.999999,0,-0.139424,0.990231,0.00172854,0,-0.990233,-0.139424,4.01014e-005,-0,0,0,0,1</mat>
				</frame>
				<frame num='11'>
					<mat>0.000280709,-0.00170606,0.999999,0,-0.139424,0.990231,0.00172854,0,-0.990233,-0.139424,4.01014e-005,-0,0,0,0,1</mat>
				</frame>
				<frame num='12'>
					<mat>0.000280709,-0.00170606,0.999999,0,-0.139424,0.990231,0.00172854,0,-0.990233,-0.139424,4.01014e-005,-0,0,0,0,1</mat>
				</frame>
				<frame num='13'>
					<mat>0.000280709,-0.00170606,0.999999,0,-0.139424,0.990231,0.00172854,0,-0.990233,-0.139424,4.01014e-005,-0,0,0,0,1</mat>
				</frame>
				<frame num='14'>
					<mat>0.000280709,-0.00170606,0.999999,0,-0.139424,0.990231,0.00172854,0,-0.990233,-0.139424,4.01014e-005,-0,0,0,0,1</mat>
				</frame>
				<frame num='15'>
					<mat>0.000280709,-0.00170606,0.999999,0,-0.139424,0.990231,0.00172854,0,-0.990233,-0.139424,4.01014e-005,-0,0,0,0,1</mat>
				</frame>
				<frame num='16'>
					<mat>0.000280709,-0.00170606,0.999999,0,-0.139424,0.990231,0.00172854,0,-0.990233,-0.139424,4.01014e-005,-0,0,0,0,1</mat>
				</frame>
				<frame num='17'>
					<mat>0.000280709,-0.00170606,0.999999,0,-0.139424,0.990231,0.00172854,0,-0.990233,-0.139424,4.01014e-005,-0,0,0,0,1</mat>
				</frame>
				<frame num='18'>
					<mat>0.000280709,-0.00170606,0.999999,0,-0.139424,0.990231,0.00172854,0,-0.990233,-0.139424,4.01014e-005,-0,0,0,0,1</mat>
				</frame>
				<frame num='19'>
					<mat>0.000280709,-0.00170606,0.999999,0,-0.139424,0.990231,0.00172854,0,-0.990233,-0.139424,4.01014e-005,-0,0,0,0,1</mat>
				</frame>
				<frame num='20'>
					<mat>0.000280709,-0.00170606,0.999999,0,-0.139424,0.990231,0.00172854,0,-0.990233,-0.139424,4.01014e-005,-0,0,0,0,1</mat>
				</frame>
				<frame num='21'>
					<mat>0.000280709,-0.00170606,0.999999,0,-0.139424,0.990231,0.00172854,0,-0.990233,-0.139424,4.01014e-005,-0,0,0,0,1</mat>
				</frame>
				<frame num='22'>
					<mat>0.000280709,-0.00170606,0.999999,0,-0.139424,0.990231,0.00172854,0,-0.990233,-0.139424,4.01014e-005,-0,0,0,0,1</mat>
				</frame>
				<frame num='23'>
					<mat>0.000280709,-0.00170606,0.999999,0,-0.139424,0.990231,0.00172854,0,-0.990233,-0.139424,4.01014e-005,-0,0,0,0,1</mat>
				</frame>
				<frame num='24'>
					<mat>0.000280709,-0.00170606,0.999999,0,-0.139424,0.990231,0.00172854,0,-0.990233,-0.139424,4.01014e-005,-0,0,0,0,1</mat>
				</frame>
			</track>
			<track id = '1' name='JNT_COG'>
				<frame num='0'>
					<mat>0.0092998,-0.865122,0.501475,0.0156393,-4.14525e-005,-0.501497,-0.86516,-3.24939,0.999957,0.00802503,-0.00469968,-48.3022,0,0,0,1</mat>
				</frame>
				<frame num='1'>
					<mat>0.0312569,-0.864737,0.501251,0.0165556,-4.79262e-005,-0.501497,-0.865159,0.558139,0.999511,0.0270182,-0.0157167,-43.7549,0,0,0,1</mat>
				</frame>
				<frame num='2'>
					<mat>0.057881,-0.86371,0.500655,0.0162128,-5.57556e-005,-0.501499,-0.865158,-0.486691,0.998324,0.0500483,-0.0290754,-42.721,0,0,0,1</mat>
				</frame>
				<frame num='3'>
					<mat>0.0816172,-0.862274,0.499822,0.0156695,-6.25097e-005,-0.5015,-0.865158,-2.57436,0.996664,0.0705805,-0.0409849,-44.1902,0,0,0,1</mat>
				</frame>
				<frame num='4'>
					<mat>0.097607,-0.861029,0.4991,0.0153936,-6.71771e-005,-0.501501,-0.865157,-3.73342,0.995225,0.0844119,-0.0490078,-45.6508,0,0,0,1</mat>
				</frame>
				<frame num='5'>
					<mat>0.0991134,-0.860901,0.499026,0.0153672,-6.74531e-005,-0.501501,-0.865157,-3.85074,0.995076,0.085715,-0.0497635,-45.8359,0,0,0,1</mat>
				</frame>
				<frame num='6'>
					<mat>0.101546,-0.860688,0.498903,0.0153648,-6.82227e-005,-0.501501,-0.865157,-3.83643,0.994831,0.0878194,-0.0509842,-45.6729,0,0,0,1</mat>
				</frame>
				<frame num='7'>
					<mat>0.118047,-0.859166,0.497894,0.0153714,-7.25746e-005,-0.501408,-0.865211,-3.69313,0.993008,0.1021,-0.0592521,-44.8055,0,0,0,1</mat>
				</frame>
				<frame num='8'>
					<mat>0.138702,-0.856312,0.497485,0.0147318,-8.22822e-005,-0.502351,-0.864664,-5.77242,0.990334,0.119889,-0.0697472,-43.8097,0,0,0,1</mat>
				</frame>
				<frame num='9'>
					<mat>0.153692,-0.852659,0.499352,0.0151693,-9.03858e-005,-0.505368,-0.862904,-4.26125,0.988119,0.132576,-0.0777481,-43.8504,0,0,0,1</mat>
				</frame>
				<frame num='10'>
					<mat>0.156986,-0.851706,0.499953,0.020004,-8.31909e-005,-0.506241,-0.862392,12.2917,0.987601,0.135342,-0.0795434,-45.3528,0,0,0,1</mat>
				</frame>
				<frame num='11'>
					<mat>0.149195,-0.853026,0.500088,0.0221559,-8.23433e-005,-0.505759,-0.862675,19.6404,0.988808,0.128666,-0.0755272,-46.1584,0,0,0,1</mat>
				</frame>
				<frame num='12'>
					<mat>0.13511,-0.855083,0.500578,0.02187,-7.9153e-005,-0.50522,-0.862991,18.6289,0.990831,0.116559,-0.0683277,-46.3049,0,0,0,1</mat>
				</frame>
				<frame num='13'>
					<mat>0.117513,-0.857398,0.501058,0.0214807,-7.4573e-005,-0.504562,-0.863375,17.2643,0.993071,0.101421,-0.0593566,-46.4113,0,0,0,1</mat>
				</frame>
				<frame num='14'>
					<mat>0.0978052,-0.859657,0.501422,0.0208738,-6.89502e-005,-0.503844,-0.863795,15.1524,0.995206,0.0844491,-0.0493378,-46.468,0,0,0,1</mat>
				</frame>
				<frame num='15'>
					<mat>0.0775465,-0.861615,0.501603,0.0201428,-6.32402e-005,-0.503122,-0.864215,12.6111,0.996989,0.0669851,-0.0390699,-46.5181,0,0,0,1</mat>
				</frame>
				<frame num='16'>
					<mat>0.058311,-0.863133,0.501599,0.019381,-5.74012e-005,-0.502456,-0.864603,9.95821,0.998298,0.0503871,-0.0293483,-46.6044,0,0,0,1</mat>
				</frame>
				<frame num='17'>
					<mat>0.0417232,-0.864171,0.501465,0.018686,-5.18807e-005,-0.501904,-0.864923,7.52558,0.999129,0.0360614,-0.0209859,-46.7696,0,0,0,1</mat>
				</frame>
				<frame num='18'>
					<mat>0.0290376,-0.864784,0.501303,0.0181197,-4.77762e-005,-0.501516,-0.865149,5.522,0.999578,0.0250979,-0.0146041,-47.0614,0,0,0,1</mat>
				</frame>
				<frame num='19'>
					<mat>0.019943,-0.865107,0.501191,0.0176144,-4.51462e-005,-0.501291,-0.865279,3.70549,0.999801,0.0172336,-0.0100363,-47.5277,0,0,0,1</mat>
				</frame>
				<frame num='20'>
					<mat>0.0131211,-0.865265,0.501144,0.0170679,-4.28336e-005,-0.501187,-0.865339,1.72331,0.999914,0.0113327,-0.00661317,-48.1569,0,0,0,1</mat>
				</frame>
				<frame num='21'>
					<mat>0.00802144,-0.865321,0.501154,0.0164901,-4.15324e-005,-0.501171,-0.865348,-0.381152,0.999968,0.00692053,-0.00405605,-48.889,0,0,0,1</mat>
				</frame>
				<frame num='22'>
					<mat>0.00442782,-0.865313,0.501212,0.0159256,-4.02885e-005,-0.501217,-0.865322,-2.44415,0.99999,0.0038113,-0.00225416,-49.6504,0,0,0,1</mat>
				</frame>
				<frame num='23'>
					<mat>0.00208532,-0.865273,0.501297,0.0154151,-3.98106e-005,-0.501298,-0.865274,-4.31358,0.999998,0.00178442,-0.00107982,-50.3688,0,0,0,1</mat>
				</frame>
				<frame num='24'>
					<mat>0.000733389,-0.865221,0.50139,0.0149992,-3.92181e-005,-0.50139,-0.865222,-5.83924,1,0.000614881,-0.000401646,-50.9725,0,0,0,1</mat>
				</frame>
			</track>
			<track id = '2' name='JNT_Hip'>
				<frame num='0'>
					<mat>0.486781,0.0796131,0.869889,0.0241029,-0.855727,-0.156532,0.493182,-3.24942,0.175429,-0.984459,-0.00806968,-47.3922,0,0,0,1</mat>
				</frame>
				<frame num='1'>
					<mat>0.490516,0.057975,0.869501,0.045002,-0.855728,-0.156526,0.493183,0.558096,0.164691,-0.985971,-0.0271675,-42.8453,0,0,0,1</mat>
				</frame>
				<frame num='2'>
					<mat>0.494732,0.0316802,0.868468,0.0688894,-0.855729,-0.156518,0.493184,-0.486742,0.151555,-0.987167,-0.0503247,-41.8124,0,0,0,1</mat>
				</frame>
				<frame num='3'>
					<mat>0.498198,0.0081842,0.867024,0.089948,-0.855729,-0.156511,0.493185,-2.57442,0.139735,-0.987642,-0.0709701,-43.2832,0,0,0,1</mat>
				</frame>
				<frame num='4'>
					<mat>0.500378,-0.00767222,0.865773,0.104224,-0.855729,-0.156506,0.493186,-3.73348,0.131715,-0.987647,-0.0848777,-44.7451,0,0,0,1</mat>
				</frame>
				<frame num='5'>
					<mat>0.500577,-0.0091672,0.865644,0.105569,-0.85573,-0.156506,0.493186,-3.8508,0.130957,-0.987634,-0.0861879,-44.9303,0,0,0,1</mat>
				</frame>
				<frame num='6'>
					<mat>0.500896,-0.0115821,0.86543,0.10778,-0.85573,-0.156505,0.493187,-3.83649,0.129732,-0.987609,-0.0883039,-44.7675,0,0,0,1</mat>
				</frame>
				<frame num='7'>
					<mat>0.502888,-0.0279923,0.863898,0.122804,-0.855783,-0.156511,0.493093,-3.6932,0.121406,-0.98728,-0.102663,-43.9017,0,0,0,1</mat>
				</frame>
				<frame num='8'>
					<mat>0.50623,-0.0483783,0.861041,0.140962,-0.855255,-0.156404,0.494041,-5.77249,0.110769,-0.986508,-0.120552,-42.9084,0,0,0,1</mat>
				</frame>
				<frame num='9'>
					<mat>0.510798,-0.0627817,0.857405,0.155042,-0.853554,-0.156085,0.497075,-4.26133,0.102621,-0.985746,-0.133315,-42.9512,0,0,0,1</mat>
				</frame>
				<frame num='10'>
					<mat>0.511992,-0.0659117,0.856458,0.162874,-0.853057,-0.156001,0.497953,12.2917,0.100787,-0.985555,-0.136098,-44.454,0,0,0,1</mat>
				</frame>
				<frame num='11'>
					<mat>0.51071,-0.0582266,0.857779,0.157936,-0.85333,-0.156052,0.497469,19.6403,0.104892,-0.986031,-0.129384,-45.2585,0,0,0,1</mat>
				</frame>
				<frame num='12'>
					<mat>0.508637,-0.0442862,0.859841,0.144831,-0.853636,-0.156111,0.496926,18.6288,0.112224,-0.986746,-0.117208,-45.4031,0,0,0,1</mat>
				</frame>
				<frame num='13'>
					<mat>0.505921,-0.0268947,0.86216,0.128427,-0.854007,-0.156184,0.496265,17.2643,0.121308,-0.987362,-0.101985,-45.5075,0,0,0,1</mat>
				</frame>
				<frame num='14'>
					<mat>0.50271,-0.00744696,0.864423,0.109885,-0.854412,-0.156263,0.495542,15.1524,0.131387,-0.987687,-0.084918,-45.5623,0,0,0,1</mat>
				</frame>
				<frame num='15'>
					<mat>0.499224,0.0125101,0.866383,0.0907165,-0.854817,-0.156343,0.494817,12.611,0.141643,-0.987624,-0.0673564,-45.6107,0,0,0,1</mat>
				</frame>
				<frame num='16'>
					<mat>0.495743,0.0314281,0.867901,0.0724489,-0.855191,-0.156418,0.494147,9.95816,0.151285,-0.987191,-0.0506659,-45.6959,0,0,0,1</mat>
				</frame>
				<frame num='17'>
					<mat>0.492617,0.0477191,0.868937,0.0566576,-0.8555,-0.15648,0.493592,7.52553,0.159525,-0.986528,-0.0362609,-45.8604,0,0,0,1</mat>
				</frame>
				<frame num='18'>
					<mat>0.490168,0.0601674,0.869549,0.0445463,-0.855718,-0.156524,0.493201,5.52196,0.16578,-0.98584,-0.0252366,-46.1517,0,0,0,1</mat>
				</frame>
				<frame num='19'>
					<mat>0.488418,0.0690927,0.86987,0.0357642,-0.855843,-0.156549,0.492976,3.70545,0.170239,-0.98525,-0.017329,-46.6178,0,0,0,1</mat>
				</frame>
				<frame num='20'>
					<mat>0.487142,0.0757944,0.870028,0.0290091,-0.855901,-0.156562,0.492871,1.72327,0.173571,-0.984756,-0.0113956,-47.2469,0,0,0,1</mat>
				</frame>
				<frame num='21'>
					<mat>0.486234,0.0808126,0.870084,0.0237903,-0.85591,-0.156565,0.492855,-0.38119,0.176054,-0.984356,-0.00695906,-47.979,0,0,0,1</mat>
				</frame>
				<frame num='22'>
					<mat>0.485644,0.0843579,0.870077,0.0199553,-0.855884,-0.156562,0.492901,-2.44418,0.177801,-0.984059,-0.00383271,-48.7404,0,0,0,1</mat>
				</frame>
				<frame num='23'>
					<mat>0.485307,0.0866776,0.870037,0.0173129,-0.855838,-0.156554,0.492983,-4.31361,0.178938,-0.983859,-0.00179467,-49.4588,0,0,0,1</mat>
				</frame>
				<frame num='24'>
					<mat>0.485155,0.0880242,0.869987,0.0156666,-0.855787,-0.156545,0.493075,-5.83928,0.179595,-0.983741,-0.000618681,-50.0625,0,0,0,1</mat>
				</frame>
			</track>
			<track id = '3' name='JNT_L_LEG'>
				<frame num='0'>
					<mat>0.150789,-0.0915233,0.98432,3.42751,-0.509222,-0.860633,-0.00201471,-9.23238,0.847323,-0.500934,-0.176379,-46.1656,0,0,0,1</mat>
				</frame>
				<frame num='1'>
					<mat>0.135964,-0.138539,0.98098,3.47452,-0.735831,-0.677135,0.0063573,-5.42486,0.663375,-0.7227,-0.194007,-41.6938,0,0,0,1</mat>
				</frame>
				<frame num='2'>
					<mat>0.134669,-0.14414,0.980351,3.52788,-0.758907,-0.651143,0.008513,-6.4697,0.637121,-0.745142,-0.197077,-40.7528,0,0,0,1</mat>
				</frame>
				<frame num='3'>
					<mat>0.139776,-0.127564,0.981932,3.57318,-0.690366,-0.723447,0.00428795,-8.55739,0.709829,-0.678492,-0.189187,-42.3062,0,0,0,1</mat>
				</frame>
				<frame num='4'>
					<mat>0.14178,-0.1147,0.983231,3.6027,-0.622374,-0.782718,-0.00156355,-9.71644,0.769772,-0.611715,-0.18236,-43.8242,0,0,0,1</mat>
				</frame>
				<frame num='5'>
					<mat>0.139773,-0.117991,0.983128,3.60543,-0.613658,-0.789536,-0.00751189,-9.83377,0.777102,-0.602254,-0.182762,-44.0147,0,0,0,1</mat>
				</frame>
				<frame num='6'>
					<mat>0.135772,-0.127173,0.982544,3.60987,-0.61988,-0.784536,-0.0158866,-9.81945,0.772861,-0.606903,-0.18535,-43.8604,0,0,0,1</mat>
				</frame>
				<frame num='7'>
					<mat>0.128763,-0.143043,0.981305,3.63883,-0.652981,-0.756973,-0.024661,-9.67653,0.746349,-0.637598,-0.190875,-43.0529,0,0,0,1</mat>
				</frame>
				<frame num='8'>
					<mat>0.124721,-0.153315,0.980275,3.68035,-0.658553,-0.751775,-0.0337893,-11.7521,0.742127,-0.641349,-0.194728,-42.134,0,0,0,1</mat>
				</frame>
				<frame num='9'>
					<mat>0.131443,-0.149,0.980062,3.72637,-0.606869,-0.79383,-0.0392956,-10.2291,0.783858,-0.589604,-0.194767,-42.2337,0,0,0,1</mat>
				</frame>
				<frame num='10'>
					<mat>0.13576,-0.152588,0.978921,3.74254,-0.6219,-0.782283,-0.0356899,6.32738,0.771239,-0.603946,-0.201098,-43.7493,0,0,0,1</mat>
				</frame>
				<frame num='11'>
					<mat>0.134861,-0.155117,0.978648,3.72865,-0.643306,-0.764915,-0.0325903,13.6741,0.753638,-0.625175,-0.202945,-44.5251,0,0,0,1</mat>
				</frame>
				<frame num='12'>
					<mat>0.135443,-0.151201,0.97918,3.70105,-0.637368,-0.769946,-0.0307296,12.6605,0.758562,-0.619936,-0.200655,-44.6185,0,0,0,1</mat>
				</frame>
				<frame num='13'>
					<mat>0.138529,-0.144686,0.979732,3.66565,-0.619886,-0.784187,-0.0281593,11.2933,0.772367,-0.603421,-0.198322,-44.6594,0,0,0,1</mat>
				</frame>
				<frame num='14'>
					<mat>0.143222,-0.135926,0.980312,3.62466,-0.591892,-0.805622,-0.0252301,9.17863,0.793191,-0.576625,-0.195836,-44.6437,0,0,0,1</mat>
				</frame>
				<frame num='15'>
					<mat>0.148799,-0.125459,0.980877,3.58112,-0.555267,-0.831378,-0.0221035,6.63444,0.818253,-0.54136,-0.193372,-44.6204,0,0,0,1</mat>
				</frame>
				<frame num='16'>
					<mat>0.154817,-0.113385,0.981415,3.53851,-0.510281,-0.859801,-0.018839,3.97895,0.845958,-0.497881,-0.19097,-44.6382,0,0,0,1</mat>
				</frame>
				<frame num='17'>
					<mat>0.156801,-0.106197,0.981904,3.50086,-0.489286,-0.871973,-0.0161727,1.54417,0.857911,-0.477896,-0.188687,-44.745,0,0,0,1</mat>
				</frame>
				<frame num='18'>
					<mat>0.150594,-0.110173,0.982437,3.47163,-0.532412,-0.846381,-0.0133042,-0.460924,0.832982,-0.521058,-0.186118,-44.9926,0,0,0,1</mat>
				</frame>
				<frame num='19'>
					<mat>0.147665,-0.10886,0.983028,3.45061,-0.54359,-0.839275,-0.0112854,-2.27831,0.826259,-0.532698,-0.183107,-45.4275,0,0,0,1</mat>
				</frame>
				<frame num='20'>
					<mat>0.148642,-0.101336,0.983685,3.43494,-0.518208,-0.855199,-0.00979429,-4.26089,0.842239,-0.508297,-0.179632,-46.0334,0,0,0,1</mat>
				</frame>
				<frame num='21'>
					<mat>0.150931,-0.0908843,0.984358,3.42337,-0.472991,-0.881023,-0.00882025,-6.36542,0.868043,-0.464261,-0.175961,-46.7481,0,0,0,1</mat>
				</frame>
				<frame num='22'>
					<mat>0.153794,-0.0783147,0.984995,3.41541,-0.411378,-0.911428,-0.00823437,-8.42823,0.898396,-0.403939,-0.172389,-47.4972,0,0,0,1</mat>
				</frame>
				<frame num='23'>
					<mat>0.156678,-0.0643134,0.985554,3.41041,-0.336599,-0.941615,-0.00793565,-10.2973,0.928522,-0.330493,-0.169178,-48.2077,0,0,0,1</mat>
				</frame>
				<frame num='24'>
					<mat>0.159395,-0.0490005,0.985998,3.4077,-0.249244,-0.968409,-0.00783394,-11.8226,0.955233,-0.244505,-0.166573,-48.8068,0,0,0,1</mat>
				</frame>
			</track>
