<?xml version='1.0' encoding='UTF-8' ?>
<itpanim>
	<skeleton count='30'>
		<joint id='0' name='JNT_Root' parent='-1'>
			<mat>6.12323e-017,1,0,0,-1,6.12323e-017,0,0,-0,-0,1,-0,0,0,0,1</mat>
		</joint>
		<joint id='1' name='JNT_COG' parent='0'>
			<mat>6.12323e-017,1,0,-21.2473,-1,6.12323e-017,0,-1.30102e-015,-0,-0,1,-0,0,0,0,1</mat>
		</joint>
		<joint id='2' name='JNT_Spine01' parent='1'>
			<mat>6.12323e-017,1,0,-23.2595,-1,6.12323e-017,0,-1.42424e-015,-0,-0,1,-0,0,0,0,1</mat>
		</joint>
		<joint id='3' name='JNT_Spine02' parent='2'>
			<mat>6.12323e-017,1,0,-26.8784,-1,6.12323e-017,0,-1.64583e-015,-0,-0,1,-0,0,0,0,1</mat>
		</joint>
		<joint id='4' name='JNT_Spine03' parent='3'>
			<mat>0.995753,0.0641037,0.0660864,-2.7303,-0.063963,0.997943,-0.00424511,-42.5043,-0.0662226,-3.60483e-009,0.997805,1.53537e-007,0,0,0,1</mat>
		</joint>
		<joint id='5' name='JNT_L_Shoulder' parent='4'>
			<mat>1,-0,0,-24.4723,0,1,0,-44.1674,-0,-0,1,-1.62419,0,0,0,1</mat>
		</joint>
		<joint id='6' name='JNT_L_Wrist' parent='5'>
			<mat>0.999472,-0.0314389,-0.00821328,-32.3452,0.0314378,0.999506,-0.000258343,-45.2066,0.00821734,-4.38884e-010,0.999966,-1.90159,0,0,0,1</mat>
		</joint>
		<joint id='7' name='JNT_L_Hand' parent='6'>
			<mat>-0.0427715,0.464703,-0.884433,-16.5715,0.022447,0.885467,0.46416,-40.4232,0.998833,-4.66777e-008,-0.0483039,-55.0289,0,0,0,1</mat>
		</joint>
		<joint id='8' name='JNT_L_Flap1' parent='7'>
			<mat>-0.0187014,0.43529,-0.900096,-25.3649,0.00904219,0.90029,0.435196,-40.5768,0.999784,-7.49011e-008,-0.0207726,-54.9072,0,0,0,1</mat>
		</joint>
		<joint id='9' name='JNT_L_Flap1_tip' parent='8'>
			<mat>1,-0,0,-54.6706,0,1,0,-50.3025,-0,-0,1,11.9586,0,0,0,1</mat>
		</joint>
		<joint id='10' name='JNT_L_Flap2' parent='7'>
			<mat>-0.000958299,0.560067,0.828447,-34.1649,0.00064785,0.828448,-0.560066,-35.3463,-0.999999,-1.07966e-009,-0.00115674,54.6868,0,0,0,1</mat>
		</joint>
		<joint id='11' name='JNT_L_Flap2_Tip' parent='10'>
			<mat>1,-0,0,-54.6708,0,1,0,-51.9784,-0,-0,1,-13.8386,0,0,0,1</mat>
		</joint>
		<joint id='12' name='JNT_L_Flap3' parent='7'>
			<mat>-0.00501418,-0.996533,0.0830444,35.208,-0.0600607,0.0831956,0.994722,-1.60694,-0.998182,7.18524e-009,-0.0602697,54.7112,0,0,0,1</mat>
		</joint>
		<joint id='13' name='JNT_L_Flap3_Tip' parent='12'>
			<mat>1,-0,0,-54.6602,0,1,0,-28.9351,-0,-0,1,-2.49576,0,0,0,1</mat>
		</joint>
		<joint id='14' name='JNT_R_Shoulder' parent='4'>
			<mat>-1,1.22465e-016,0,-24.4723,1.22465e-016,1,1.22465e-016,-44.1674,1.49976e-032,1.22465e-016,-1,1.62419,0,0,0,1</mat>
		</joint>
		<joint id='15' name='JNT_R_Wrist' parent='14'>
			<mat>-0.999472,-0.0314393,-0.00821363,-32.3452,-0.0314382,0.999506,-0.000258359,-45.2067,0.0082177,-3.80014e-010,-0.999966,1.90161,0,0,0,1</mat>
		</joint>
		<joint id='16' name='JNT_R_Hand' parent='15'>
			<mat>0.0427695,0.464697,-0.884436,-16.5714,-0.0224455,0.885469,0.464155,-40.4233,0.998833,-2.65802e-008,0.0483015,55.0289,0,0,0,1</mat>
		</joint>
		<joint id='17' name='JNT_R_Flap1' parent='16'>
			<mat>0.0187,0.435296,-0.900093,-25.3652,-0.00904138,0.900288,0.435202,-40.5766,0.999784,-1.74416e-007,0.020771,54.9072,0,0,0,1</mat>
		</joint>
		<joint id='18' name='JNT_R_Flap1_tip' parent='17'>
			<mat>1,0,-0,54.6706,0,-1,1.22465e-016,50.3025,-0,-1.22465e-016,-1,-11.9586,0,0,0,1</mat>
		</joint>
		<joint id='19' name='JNT_R_Flap2' parent='16'>
			<mat>0.000959322,0.560071,0.828444,-34.165,-0.000648552,0.828444,-0.560071,-35.3461,-0.999999,-3.60598e-010,0.00115798,-54.6868,0,0,0,1</mat>
		</joint>
		<joint id='20' name='JNT_R_Flap2_Tip' parent='19'>
			<mat>1,0,-0,54.6708,0,-1,1.22465e-016,51.9784,-0,-1.22465e-016,-1,13.8386,0,0,0,1</mat>
		</joint>
		<joint id='21' name='JNT_R_Flap3' parent='16'>
			<mat>0.00501081,-0.996533,0.0830447,35.2078,0.0600204,0.0831957,0.994724,-1.60914,-0.998185,2.68812e-009,0.0602292,-54.7113,0,0,0,1</mat>
		</joint>
		<joint id='22' name='JNT_R_Flap3_Tip' parent='21'>
			<mat>1,0,-0,54.6602,0,-1,1.22465e-016,28.9351,-0,-1.22465e-016,-1,2.49576,0,0,0,1</mat>
		</joint>
		<joint id='23' name='JNT_Lid' parent='4'>
			<mat>1,-0,0,0,0,1,0,-58.4099,-0,-0,1,-1.24447,0,0,0,1</mat>
		</joint>
		<joint id='24' name='JNT_L_Hip' parent='1'>
			<mat>0.690854,-0.722995,0,6.23246,0.722995,0.690854,0,-15.8943,-0,-0,1,-0,0,0,0,1</mat>
		</joint>
		<joint id='25' name='JNT_L_Knee' parent='24'>
			<mat>0.196117,-0.980581,0,7.26494,0.980581,0.196117,0,-14.214,-0,-0,1,-0,0,0,0,1</mat>
		</joint>
		<joint id='26' name='JNT_L_Foot' parent='25'>
			<mat>1,0,-0,-14.4955,0,-1,1.22465e-016,0,-0,-1.22465e-016,-1,0,0,0,0,1</mat>
		</joint>
		<joint id='27' name='JNT_R_Hip' parent='1'>
			<mat>-0.690854,-0.722995,-2.73723e-017,6.23246,-0.722995,0.690854,1.4862e-016,-15.8943,-8.85413e-017,1.22465e-016,-1,-1.94649e-015,0,0,0,1</mat>
		</joint>
		<joint id='28' name='JNT_R_Knee' parent='27'>
			<mat>-0.196117,-0.980581,-9.65355e-017,7.26494,-0.980581,0.196117,1.41772e-016,-14.214,-1.20086e-016,1.22465e-016,-1,-1.74071e-015,0,0,0,1</mat>
		</joint>
		<joint id='29' name='JNT_R_Foot' parent='28'>
			<mat>1,0,-0,14.4955,0,-1,1.22465e-016,0,-0,-1.22465e-016,-1,0,0,0,0,1</mat>
		</joint>
	</skeleton>
	<animations>
		<animation name='Take 001' length='30'>
			<track id = '0' name='JNT_Root'>
				<frame num='0'>
					<mat>6.12323e-017,-1,6.12323e-017,0,1,6.12323e-017,-3.7494e-033,0,-0,6.12323e-017,1,0,0,0,0,1</mat>
				</frame>
				<frame num='1'>
					<mat>6.12323e-017,-1,6.12323e-017,0,1,6.12323e-017,-3.7494e-033,0,-0,6.12323e-017,1,0,0,0,0,1</mat>
				</frame>
				<frame num='2'>
					<mat>6.12323e-017,-1,6.12323e-017,0,1,6.12323e-017,-3.7494e-033,0,-0,6.12323e-017,1,0,0,0,0,1</mat>
				</frame>
				<frame num='3'>
					<mat>6.12323e-017,-1,6.12323e-017,0,1,6.12323e-017,-3.7494e-033,0,-0,6.12323e-017,1,0,0,0,0,1</mat>
				</frame>
				<frame num='4'>
					<mat>6.12323e-017,-1,6.12323e-017,0,1,6.12323e-017,-3.7494e-033,0,-0,6.12323e-017,1,0,0,0,0,1</mat>
				</frame>
				<frame num='5'>
					<mat>6.12323e-017,-1,6.12323e-017,0,1,6.12323e-017,-3.7494e-033,0,-0,6.12323e-017,1,0,0,0,0,1</mat>
				</frame>
				<frame num='6'>
					<mat>6.12323e-017,-1,6.12323e-017,0,1,6.12323e-017,-3.7494e-033,0,-0,6.12323e-017,1,0,0,0,0,1</mat>
				</frame>
				<frame num='7'>
					<mat>6.12323e-017,-1,6.12323e-017,0,1,6.12323e-017,-3.7494e-033,0,-0,6.12323e-017,1,0,0,0,0,1</mat>
				</frame>
				<frame num='8'>
					<mat>6.12323e-017,-1,6.12323e-017,0,1,6.12323e-017,-3.7494e-033,0,-0,6.12323e-017,1,0,0,0,0,1</mat>
				</frame>
				<frame num='9'>
					<mat>6.12323e-017,-1,6.12323e-017,0,1,6.12323e-017,-3.7494e-033,0,-0,6.12323e-017,1,0,0,0,0,1</mat>
				</frame>
				<frame num='10'>
					<mat>6.12323e-017,-1,6.12323e-017,0,1,6.12323e-017,-3.7494e-033,0,-0,6.12323e-017,1,0,0,0,0,1</mat>
				</frame>
				<frame num='11'>
					<mat>6.12323e-017,-1,6.12323e-017,0,1,6.12323e-017,-3.7494e-033,0,-0,6.12323e-017,1,0,0,0,0,1</mat>
				</frame>
				<frame num='12'>
					<mat>6.12323e-017,-1,6.12323e-017,0,1,6.12323e-017,-3.7494e-033,0,-0,6.12323e-017,1,0,0,0,0,1</mat>
				</frame>
				<frame num='13'>
					<mat>6.12323e-017,-1,6.12323e-017,0,1,6.12323e-017,-3.7494e-033,0,-0,6.12323e-017,1,0,0,0,0,1</mat>
				</frame>
				<frame num='14'>
					<mat>6.12323e-017,-1,6.12323e-017,0,1,6.12323e-017,-3.7494e-033,0,-0,6.12323e-017,1,0,0,0,0,1</mat>
				</frame>
				<frame num='15'>
					<mat>6.12323e-017,-1,6.12323e-017,0,1,6.12323e-017,-3.7494e-033,0,-0,6.12323e-017,1,0,0,0,0,1</mat>
				</frame>
				<frame num='16'>
					<mat>6.12323e-017,-1,6.12323e-017,0,1,6.12323e-017,-3.7494e-033,0,-0,6.12323e-017,1,0,0,0,0,1</mat>
				</frame>
				<frame num='17'>
					<mat>6.12323e-017,-1,6.12323e-017,0,1,6.12323e-017,-3.7494e-033,0,-0,6.12323e-017,1,0,0,0,0,1</mat>
				</frame>
				<frame num='18'>
					<mat>6.12323e-017,-1,6.12323e-017,0,1,6.12323e-017,-3.7494e-033,0,-0,6.12323e-017,1,0,0,0,0,1</mat>
				</frame>
				<frame num='19'>
					<mat>6.12323e-017,-1,6.12323e-017,0,1,6.12323e-017,-3.7494e-033,0,-0,6.12323e-017,1,0,0,0,0,1</mat>
				</frame>
				<frame num='20'>
					<mat>6.12323e-017,-1,6.12323e-017,0,1,6.12323e-017,-3.7494e-033,0,-0,6.12323e-017,1,0,0,0,0,1</mat>
				</frame>
				<frame num='21'>
					<mat>6.12323e-017,-1,6.12323e-017,0,1,6.12323e-017,-3.7494e-033,0,-0,6.12323e-017,1,0,0,0,0,1</mat>
				</frame>
				<frame num='22'>
					<mat>6.12323e-017,-1,6.12323e-017,0,1,6.12323e-017,-3.7494e-033,0,-0,6.12323e-017,1,0,0,0,0,1</mat>
				</frame>
				<frame num='23'>
					<mat>6.12323e-017,-1,6.12323e-017,0,1,6.12323e-017,-3.7494e-033,0,-0,6.12323e-017,1,0,0,0,0,1</mat>
				</frame>
				<frame num='24'>
					<mat>6.12323e-017,-1,6.12323e-017,0,1,6.12323e-017,-3.7494e-033,0,-0,6.12323e-017,1,0,0,0,0,1</mat>
				</frame>
				<frame num='25'>
					<mat>6.12323e-017,-1,6.12323e-017,0,1,6.12323e-017,-3.7494e-033,0,-0,6.12323e-017,1,0,0,0,0,1</mat>
				</frame>
				<frame num='26'>
					<mat>6.12323e-017,-1,6.12323e-017,0,1,6.12323e-017,-3.7494e-033,0,-0,6.12323e-017,1,0,0,0,0,1</mat>
				</frame>
				<frame num='27'>
					<mat>6.12323e-017,-1,6.12323e-017,0,1,6.12323e-017,-3.7494e-033,0,-0,6.12323e-017,1,0,0,0,0,1</mat>
				</frame>
				<frame num='28'>
					<mat>6.12323e-017,-1,6.12323e-017,0,1,6.12323e-017,-3.7494e-033,0,-0,6.12323e-017,1,0,0,0,0,1</mat>
				</frame>
				<frame num='29'>
					<mat>6.12323e-017,-1,6.12323e-017,0,1,6.12323e-017,-3.7494e-033,0,-0,6.12323e-017,1,0,0,0,0,1</mat>
				</frame>
			</track>
			<track id = '1' name='JNT_COG'>
				<frame num='0'>
					<mat>6.08982e-017,-1,7.60824e-017,-4.53935e-015,0.994544,5.26291e-017,-0.104319,28.2383,0.104319,8.20202e-017,0.994544,-0.0161158,0,0,0,1</mat>
				</frame>
				<frame num='1'>
					<mat>6.09387e-017,-1,7.64291e-017,-4.51459e-015,0.995205,5.31707e-017,-0.0978136,27.9468,0.0978136,8.20233e-017,0.995205,-0.432251,0,0,0,1</mat>
				</frame>
				<frame num='2'>
					<mat>6.10178e-017,-1,7.13272e-017,-4.45884e-015,0.996496,5.48384e-017,-0.0836376,27.3124,0.0836376,7.61807e-017,0.996496,-1.33809,0,0,0,1</mat>
				</frame>
				<frame num='3'>
					<mat>6.1107e-017,-1,6.43916e-017,-4.40955e-015,0.997953,5.6864e-017,-0.0639517,26.4327,0.0639517,6.81677e-017,0.997953,-2.59427,0,0,0,1</mat>
				</frame>
				<frame num='4'>
					<mat>6.11813e-017,-1,6.51845e-017,-4.35114e-015,0.999166,5.84684e-017,-0.0408351,25.401,0.0408351,6.76285e-017,0.999166,-4.06737,0,0,0,1</mat>
				</frame>
				<frame num='5'>
					<mat>6.12241e-017,-1,6.2623e-017,-4.25453e-015,0.999866,6.01899e-017,-0.0163845,24.3109,0.0163845,6.36177e-017,0.999866,-5.62398,0,0,0,1</mat>
				</frame>
				<frame num='6'>
					<mat>6.12307e-017,-1,5.96839e-017,-4.16139e-015,0.999974,6.16603e-017,0.00722386,23.2587,-0.00722386,5.92401e-017,0.999974,-7.12637,0,0,0,1</mat>
				</frame>
				<frame num='7'>
					<mat>6.12087e-017,-1,5.77534e-017,-4.10932e-015,0.999613,6.27912e-017,0.0278126,22.3411,-0.0278126,5.60287e-017,0.999613,-8.43677,0,0,0,1</mat>
				</frame>
				<frame num='8'>
					<mat>6.1175e-017,-1,5.75391e-017,-4.07093e-015,0.999063,6.3608e-017,0.0432817,21.6513,-0.0432817,5.48374e-017,0.999063,-9.42179,0,0,0,1</mat>
				</frame>
				<frame num='9'>
					<mat>6.1151e-017,-1,5.75226e-017,-4.03885e-015,0.998672,6.40333e-017,0.0515189,21.2838,-0.0515189,5.42957e-017,0.998672,-9.94519,0,0,0,1</mat>
				</frame>
				<frame num='10'>
					<mat>6.1231e-017,-1,7.09478e-017,-4.02933e-015,0.999979,6.07654e-017,-0.00654491,21.2474,0.00654491,7.13471e-017,0.999979,-10.0022,0,0,0,1</mat>
				</frame>
				<frame num='11'>
					<mat>1.72448e-016,-1,1.20075e-016,-3.46522e-015,0.608762,9.71828e-018,-0.793353,21.7308,0.793353,2.09909e-016,0.608762,0.479644,0,0,0,1</mat>
				</frame>
				<frame num='12'>
					<mat>2.90896e-016,-1,8.16533e-017,-2.60448e-015,0.0361145,-7.10945e-017,-0.999348,23.0728,0.999348,2.93655e-016,0.0361145,17.7062,0,0,0,1</mat>
				</frame>
				<frame num='13'>
					<mat>2.78092e-016,-1,1.20907e-016,-3.1331e-015,0.0724954,-1.00429e-016,-0.997369,24.8055,0.997369,2.86125e-016,0.0724954,14.0524,0,0,0,1</mat>
				</frame>
				<frame num='14'>
					<mat>2.39416e-016,-1,-6.47987e-017,-3.70633e-015,0.148195,9.95635e-017,-0.988958,26.8047,0.988958,2.27169e-016,0.148195,10.4026,0,0,0,1</mat>
				</frame>
				<frame num='15'>
					<mat>1.24188e-016,-1,1.94977e-016,-4.19811e-015,0.245761,-1.58476e-016,-0.96933,28.7392,0.96933,1.68297e-016,0.245761,6.91643,0,0,0,1</mat>
				</frame>
				<frame num='16'>
					<mat>9.86171e-017,-1,2.81887e-016,-4.59648e-015,0.34813,-2.29922e-016,-0.937446,30.2996,0.937446,1.90581e-016,0.34813,4.05439,0,0,0,1</mat>
				</frame>
				<frame num='17'>
					<mat>1.24308e-016,-1,2.16002e-016,-4.85444e-015,0.43882,-1.39546e-016,-0.898575,31.1726,0.898575,2.06486e-016,0.43882,2.31016,0,0,0,1</mat>
				</frame>
				<frame num='18'>
					<mat>1.44487e-016,-1,1.42549e-016,-4.8945e-015,0.510057,-4.89151e-017,-0.860141,31.163,0.860141,1.96987e-016,0.510057,1.75664,0,0,0,1</mat>
				</frame>
				<frame num='19'>
					<mat>1.62198e-016,-1,1.32601e-016,-4.83646e-015,0.572577,-1.58421e-017,-0.819851,30.6648,0.819851,2.08902e-016,0.572577,1.54852,0,0,0,1</mat>
				</frame>
				<frame num='20'>
					<mat>1.78729e-016,-1,1.05188e-016,-4.73585e-015,0.630933,3.1157e-017,-0.775837,29.9201,0.775837,2.05031e-016,0.630933,1.44426,0,0,0,1</mat>
				</frame>
				<frame num='21'>
					<mat>1.94506e-016,-1,6.80653e-017,-4.60214e-015,0.686628,8.40689e-017,-0.727009,29.1311,0.727009,1.88143e-016,0.686628,1.39486,0,0,0,1</mat>
				</frame>
				<frame num='22'>
					<mat>2.09876e-016,-1,8.68853e-017,-4.49812e-015,0.740888,9.71402e-017,-0.671629,28.5062,0.671629,2.05331e-016,0.740888,1.33897,0,0,0,1</mat>
				</frame>
				<frame num='23'>
					<mat>4.86386e-017,-1,1.72276e-016,-4.4691e-015,0.794328,-6.6021e-017,-0.607489,28.2535,0.607489,1.66391e-016,0.794328,1.21524,0,0,0,1</mat>
				</frame>
				<frame num='24'>
					<mat>5.22666e-017,-1,1.60888e-016,-4.48243e-015,0.853578,-3.92034e-017,-0.520966,28.2518,0.520966,1.64559e-016,0.853578,0.993612,0,0,0,1</mat>
				</frame>
				<frame num='25'>
					<mat>5.58869e-017,-1,1.16786e-016,-4.49927e-015,0.912701,3.28631e-018,-0.408627,28.2502,0.408627,1.29427e-016,0.912701,0.713847,0,0,0,1</mat>
				</frame>
				<frame num='26'>
					<mat>5.86246e-017,-1,1.03566e-016,-4.51665e-015,0.957413,2.62263e-017,-0.288722,28.2488,0.288722,1.16081e-016,0.957413,0.42623,0,0,0,1</mat>
				</frame>
				<frame num='27'>
					<mat>6.01886e-017,-1,6.50948e-017,-4.53155e-015,0.982954,4.7195e-017,-0.183849,28.248,0.183849,7.50509e-017,0.982954,0.180918,0,0,0,1</mat>
				</frame>
				<frame num='28'>
					<mat>6.08102e-017,-1,8.13061e-017,-4.54095e-015,0.993106,5.08603e-017,-0.11722,28.2477,0.11722,8.78737e-017,0.993106,0.0266428,0,0,0,1</mat>
				</frame>
				<frame num='29'>
					<mat>6.08969e-017,-1,7.60718e-017,-4.54273e-015,0.994522,5.26116e-017,-0.104528,28.2476,0.104528,8.20205e-017,0.994522,-0.0027387,0,0,0,1</mat>
				</frame>
			</track>
			<track id = '2' name='JNT_Spine01'>
				<frame num='0'>
					<mat>6.04765e-017,-1,3.64515e-017,-4.84857e-015,0.987655,6.54397e-017,0.156642,30.2395,-0.156642,2.65283e-017,0.987655,0.193795,0,0,0,1</mat>
				</frame>
				<frame num='1'>
					<mat>6.04124e-017,-1,3.68893e-017,-4.82467e-015,0.98661,6.56201e-017,0.163097,29.9494,-0.163097,2.65422e-017,0.98661,-0.235431,0,0,0,1</mat>
				</frame>
				<frame num='2'>
					<mat>6.02642e-017,-1,3.19101e-017,-4.7713e-015,0.984188,6.49633e-017,0.177124,29.3176,-0.177124,2.07313e-017,0.984188,-1.1698,0,0,0,1</mat>
				</frame>
				<frame num='3'>
					<mat>6.00383e-017,-1,2.50681e-017,-4.72506e-015,0.980501,6.37939e-017,0.196517,28.4407,-0.196517,1.27807e-017,0.980501,-2.46559,0,0,0,1</mat>
				</frame>
				<frame num='4'>
					<mat>5.97437e-017,-1,2.60695e-017,-4.66951e-015,0.975689,6.40047e-017,0.219159,27.4115,-0.219159,1.23423e-017,0.975689,-3.9852,0,0,0,1</mat>
				</frame>
				<frame num='5'>
					<mat>5.93976e-017,-1,2.36087e-017,-4.57607e-015,0.970037,6.33538e-017,0.242958,26.3228,-0.242958,8.47015e-018,0.970037,-5.59101,0,0,0,1</mat>
				</frame>
				<frame num='6'>
					<mat>5.90299e-017,-1,2.06914e-017,-4.48584e-015,0.964031,6.24062e-017,0.26579,25.2709,-0.26579,4.25759e-018,0.964031,-7.1409,0,0,0,1</mat>
				</frame>
				<frame num='7'>
					<mat>5.86822e-017,-1,1.8755e-017,-4.43624e-015,0.958354,6.15945e-017,0.285584,24.3525,-0.285584,1.21524e-018,0.958354,-8.49273,0,0,0,1</mat>
				</frame>
				<frame num='8'>
					<mat>5.84045e-017,-1,1.85676e-017,-4.3997e-015,0.953819,6.12847e-017,0.300383,23.6616,-0.300383,1.66341e-019,0.953819,-9.50888,0,0,0,1</mat>
				</frame>
				<frame num='9'>
					<mat>5.82509e-017,-1,1.8565e-017,-4.36859e-015,0.951309,6.1137e-017,0.308239,23.2933,-0.308239,-2.94136e-019,0.951309,-10.0489,0,0,0,1</mat>
				</frame>
				<frame num='10'>
					<mat>5.89316e-017,-1,3.34859e-017,-4.35099e-015,0.962425,6.58102e-017,0.271546,23.2596,-0.271546,1.62251e-017,0.962425,-9.98906,0,0,0,1</mat>
				</frame>
				<frame num='11'>
					<mat>2.44611e-016,-1,2.78826e-017,-3.44009e-015,0.863506,1.97161e-016,-0.504339,22.9558,0.504339,1.47444e-016,0.863506,2.07602,0,0,0,1</mat>
				</frame>
				<frame num='12'>
					<mat>2.84549e-016,-1,4.13772e-017,-2.46172e-015,0.563105,1.26038e-016,-0.826385,23.1455,0.826385,2.58447e-016,0.563105,19.7171,0,0,0,1</mat>
				</frame>
				<frame num='13'>
					<mat>2.12648e-016,-1,1.13592e-016,-3.01275e-015,0.750673,8.45825e-017,-0.660674,24.9514,0.660674,2.25761e-016,0.750673,16.0593,0,0,0,1</mat>
				</frame>
				<frame num='14'>
					<mat>5.59186e-017,-1,3.23306e-017,-3.72609e-015,0.91322,3.78923e-017,-0.407468,27.1029,0.407468,5.231e-017,0.91322,12.3925,0,0,0,1</mat>
				</frame>
				<frame num='15'>
					<mat>6.08505e-017,-1,-5.8807e-018,-4.39713e-015,0.993764,6.11267e-017,-0.111507,29.2337,0.111507,9.41256e-019,0.993764,8.86691,0,0,0,1</mat>
				</frame>
				<frame num='16'>
					<mat>-1.58796e-016,-1,-7.56195e-017,-4.78334e-015,0.987462,-1.68742e-016,0.157855,31.0001,-0.157855,-4.96046e-017,0.987462,5.94071,0,0,0,1</mat>
				</frame>
				<frame num='17'>
					<mat>5.75909e-017,-1,4.52489e-017,-4.95075e-015,0.94053,6.95375e-017,0.33971,32.0556,-0.33971,2.29938e-017,0.94053,4.11827,0,0,0,1</mat>
				</frame>
				<frame num='18'>
					<mat>5.59455e-017,-1,1.78127e-017,-5.01824e-015,0.913659,5.83556e-017,0.406481,32.1893,-0.406481,-6.46605e-018,0.913659,3.4874,0,0,0,1</mat>
				</frame>
				<frame num='19'>
					<mat>5.64352e-017,-1,1.89712e-017,-4.95679e-015,0.921657,5.93748e-017,0.388006,31.817,-0.388006,-4.41228e-018,0.921657,3.19822,0,0,0,1</mat>
				</frame>
				<frame num='20'>
					<mat>5.80875e-017,-1,6.97688e-018,-4.87015e-015,0.948641,5.73113e-017,0.316356,31.1897,-0.316356,-1.17578e-017,0.948641,3.00539,0,0,0,1</mat>
				</frame>
				<frame num='21'>
					<mat>5.9735e-017,-1,1.34828e-017,-4.7655e-015,0.975546,6.12377e-017,0.219794,30.5128,-0.219794,2.37417e-020,0.975546,2.85775,0,0,0,1</mat>
				</frame>
				<frame num='22'>
					<mat>6.0704e-017,-1,5.50257e-017,-4.51063e-015,0.991372,6.73931e-017,0.131082,29.997,-0.131082,4.65937e-017,0.991372,2.69042,0,0,0,1</mat>
				</frame>
				<frame num='23'>
					<mat>6.10097e-017,-1,6.5245e-017,-4.67154e-015,0.996364,6.63465e-017,0.0851961,29.8518,-0.0851961,5.981e-017,0.996364,2.43763,0,0,0,1</mat>
				</frame>
				<frame num='24'>
					<mat>6.09997e-017,-1,7.01508e-017,-4.7001e-015,0.9962,6.68775e-017,0.0870933,29.9694,-0.0870933,6.45716e-017,0.9962,2.0419,0,0,0,1</mat>
				</frame>
				<frame num='25'>
					<mat>6.08528e-017,-1,6.81049e-017,-4.75312e-015,0.993801,6.8047e-017,0.111173,30.0867,-0.111173,6.09175e-017,0.993801,1.53608,0,0,0,1</mat>
				</frame>
				<frame num='26'>
					<mat>6.0599e-017,-1,4.22425e-017,-4.79406e-015,0.989657,6.60321e-017,0.143454,30.1753,-0.143454,3.31125e-017,0.989657,1.00719,0,0,0,1</mat>
				</frame>
				<frame num='27'>
					<mat>6.03404e-017,-1,2.07824e-018,-4.83201e-015,0.985433,5.98148e-017,0.170065,30.2259,-0.170065,-8.21382e-018,0.985433,0.550858,0,0,0,1</mat>
				</frame>
				<frame num='28'>
					<mat>6.02578e-017,-1,4.81332e-017,-4.84761e-015,0.984085,6.7852e-017,0.177699,30.246,-0.177699,3.66594e-017,0.984085,0.262512,0,0,0,1</mat>
				</frame>
				<frame num='29'>
					<mat>6.04489e-017,-1,5.0685e-017,-4.85192e-015,0.987205,6.77575e-017,0.159457,30.2488,-0.159457,4.03975e-017,0.987205,0.207593,0,0,0,1</mat>
				</frame>
			</track>
			<track id = '3' name='JNT_Spine02'>
				<frame num='0'>
					<mat>6.07775e-017,-1,4.72362e-017,-5.45743e-015,0.992572,5.45792e-017,-0.121661,33.8137,0.121661,5.42796e-017,0.992572,-0.373074,0,0,0,1</mat>
				</frame>
				<frame num='1'>
					<mat>6.08249e-017,-1,4.76013e-017,-5.43545e-015,0.993346,5.49381e-017,-0.115167,33.5198,0.115167,5.42897e-017,0.993346,-0.825661,0,0,0,1</mat>
				</frame>
				<frame num='2'>
					<mat>6.09191e-017,-1,4.25301e-017,-5.38163e-015,0.994885,5.63113e-017,-0.101016,32.8792,0.101016,4.84663e-017,0.994885,-1.81079,0,0,0,1</mat>
				</frame>
				<frame num='3'>
					<mat>6.10293e-017,-1,3.56422e-017,-5.33439e-015,0.996685,5.79272e-017,-0.0813587,31.9891,0.0813587,4.04893e-017,0.996685,-3.17676,0,0,0,1</mat>
				</frame>
				<frame num='4'>
					<mat>6.11283e-017,-1,3.65064e-017,-5.2847e-015,0.998301,5.88973e-017,-0.0582668,30.9424,0.0582668,4.00061e-017,0.998301,-4.77831,0,0,0,1</mat>
				</frame>
				<frame num='5'>
					<mat>6.11973e-017,-1,3.40196e-017,-5.19443e-015,0.999428,6.00113e-017,-0.033832,29.8333,0.033832,3.60706e-017,0.999428,-6.47025,0,0,0,1</mat>
				</frame>
				<frame num='6'>
					<mat>6.12291e-017,-1,3.11564e-017,-5.10654e-015,0.999948,6.09072e-017,-0.0102292,28.7596,0.0102292,3.17811e-017,0.999948,-8.10276,0,0,0,1</mat>
				</frame>
				<frame num='7'>
					<mat>6.12291e-017,-1,2.92953e-017,-5.05936e-015,0.999946,6.15293e-017,0.0103627,27.8207,-0.0103627,2.86592e-017,0.999946,-9.52623,0,0,0,1</mat>
				</frame>
				<frame num='8'>
					<mat>6.12119e-017,-1,2.91342e-017,-5.02578e-015,0.999666,6.19443e-017,0.025839,27.1133,-0.025839,2.75428e-017,0.999666,-10.5959,0,0,0,1</mat>
				</frame>
				<frame num='9'>
					<mat>6.11968e-017,-1,2.91463e-017,-4.9963e-015,0.999419,6.21546e-017,0.0340819,26.736,-0.0340819,2.70437e-017,0.999419,-11.1643,0,0,0,1</mat>
				</frame>
				<frame num='10'>
					<mat>6.12321e-017,-1,6.67389e-017,-4.98054e-015,0.999995,6.10291e-017,-0.00303617,26.7425,0.00303617,6.69245e-017,0.999995,-10.9718,0,0,0,1</mat>
				</frame>
				<frame num='11'>
					<mat>1.97339e-016,-1,7.11585e-017,-3.45342e-015,0.69663,8.6421e-017,-0.717431,26.0807,0.717431,1.91148e-016,0.69663,3.90117,0,0,0,1</mat>
				</frame>
				<frame num='12'>
					<mat>2.40782e-016,-1,1.32215e-016,-2.3049e-015,0.331032,-4.50542e-017,-0.943619,25.1833,0.943619,2.70974e-016,0.331032,22.7077,0,0,0,1</mat>
				</frame>
				<frame num='13'>
					<mat>1.60316e-016,-1,2.06006e-016,-3.06181e-015,0.565934,-7.91134e-017,-0.824451,27.668,0.824451,2.48758e-016,0.565934,18.4502,0,0,0,1</mat>
				</frame>
				<frame num='14'>
					<mat>4.86247e-017,-1,6.10423e-017,-4.48168e-015,0.794102,1.51241e-018,-0.607785,30.4077,0.607785,7.80271e-017,0.794102,13.8671,0,0,0,1</mat>
				</frame>
				<frame num='15'>
					<mat>5.7879e-017,-1,2.39738e-017,-5.26078e-015,0.945236,4.68845e-017,-0.326388,32.83,0.326388,4.15519e-017,0.945236,9.27044,0,0,0,1</mat>
				</frame>
				<frame num='16'>
					<mat>-1.60593e-016,-1,3.47841e-019,-5.94241e-015,0.998639,-1.60393e-016,-0.0521485,34.5736,0.0521485,-8.02734e-018,0.998639,5.36945,0,0,0,1</mat>
				</frame>
				<frame num='17'>
					<mat>6.0621e-017,-1,6.58625e-017,-5.42394e-015,0.990016,6.92996e-017,0.140958,35.4593,-0.140958,5.66599e-017,0.990016,2.8889,0,0,0,1</mat>
				</frame>
				<frame num='18'>
					<mat>5.98503e-017,-1,4.46998e-017,-5.61087e-015,0.977429,6.79428e-017,0.211262,35.4957,-0.211262,3.10468e-017,0.977429,2.0164,0,0,0,1</mat>
				</frame>
				<frame num='19'>
					<mat>6.01659e-017,-1,4.7457e-017,-5.60107e-015,0.982584,6.79365e-017,0.185819,35.1524,-0.185819,3.54505e-017,0.982584,1.79407,0,0,0,1</mat>
				</frame>
				<frame num='20'>
					<mat>6.09197e-017,-1,3.52763e-017,-5.44468e-015,0.994894,6.41688e-017,0.100923,34.6227,-0.100923,2.89481e-017,0.994894,1.86054,0,0,0,1</mat>
				</frame>
				<frame num='21'>
					<mat>6.12293e-017,-1,4.08178e-017,-5.33197e-015,0.999951,6.08206e-017,-0.00993925,34.0431,0.00993925,4.14244e-017,0.999951,2.06234,0,0,0,1</mat>
				</frame>
				<frame num='22'>
					<mat>6.08594e-017,-1,7.02378e-017,-4.78454e-015,0.99391,5.27487e-017,-0.110198,33.5846,0.110198,7.65166e-017,0.99391,2.21605,0,0,0,1</mat>
				</frame>
				<frame num='23'>
					<mat>6.04049e-017,-1,9.27676e-017,-5.28903e-015,0.986488,4.439e-017,-0.163837,33.4576,0.163837,1.01411e-016,0.986488,2.12931,0,0,0,1</mat>
				</frame>
				<frame num='24'>
					<mat>6.03597e-017,-1,1.11467e-016,-5.31725e-015,0.985749,4.07483e-017,-0.168222,33.5745,0.168222,1.20032e-016,0.985749,1.72671,0,0,0,1</mat>
				</frame>
				<frame num='25'>
					<mat>6.0534e-017,-1,9.44993e-017,-5.37425e-015,0.988596,4.56129e-017,-0.150592,33.6831,0.150592,1.02538e-016,0.988596,1.13376,0,0,0,1</mat>
				</frame>
				<frame num='26'>
					<mat>6.07583e-017,-1,7.73425e-017,-5.40405e-015,0.992259,5.0683e-017,-0.124188,33.7568,0.124188,8.42892e-017,0.992259,0.488052,0,0,0,1</mat>
				</frame>
				<frame num='27'>
					<mat>6.09106e-017,-1,4.12456e-017,-5.41463e-015,0.994745,5.63677e-017,-0.102381,33.7921,0.102381,4.72649e-017,0.994745,-0.0645875,0,0,0,1</mat>
				</frame>
				<frame num='28'>
					<mat>6.09356e-017,-1,8.65517e-017,-5.46685e-015,0.995154,5.21298e-017,-0.0983282,33.8073,0.0983282,9.2124e-017,0.995154,-0.380561,0,0,0,1</mat>
				</frame>
				<frame num='29'>
					<mat>6.07999e-017,-1,7.5339e-017,-5.46798e-015,0.992937,5.1432e-017,-0.118643,33.8214,0.118643,8.20204e-017,0.992937,-0.369464,0,0,0,1</mat>
				</frame>
			</track>
			<track id = '4' name='JNT_Spine03'>
				<frame num='0'>
					<mat>0.995753,-0.063963,-0.0662226,-7.91994e-015,0.0696322,0.993757,0.0871734,49.4104,0.0602333,-0.0914143,0.99399,1.53864,0,0,0,1</mat>
				</frame>
				<frame num='1'>
					<mat>0.995753,-0.063963,-0.0662226,-7.90458e-015,0.0700246,0.993138,0.0936715,49.1287,0.0597767,-0.0979108,0.993398,0.984019,0,0,0,1</mat>
				</frame>
				<frame num='2'>
					<mat>0.995753,-0.063963,-0.0662226,-7.87066e-015,0.0708684,0.991643,0.107802,48.5123,0.0587739,-0.112038,0.991964,-0.223477,0,0,0,1</mat>
				</frame>
				<frame num='3'>
					<mat>0.995753,-0.063963,-0.0662226,-7.84906e-015,0.0720147,0.989239,0.127361,47.6504,0.0573636,-0.13159,0.989643,-1.89833,0,0,0,1</mat>
				</frame>
				<frame num='4'>
					<mat>0.995753,-0.063963,-0.0662226,-7.82146e-015,0.0733232,0.985928,0.150234,46.6292,0.0556813,-0.154452,0.98643,-3.86274,0,0,0,1</mat>
				</frame>
				<frame num='5'>
					<mat>0.995753,-0.063963,-0.0662226,-7.75653e-015,0.0746632,0.981855,0.174316,45.5377,0.0538712,-0.17852,0.98246,-5.93863,0,0,0,1</mat>
				</frame>
				<frame num='6'>
					<mat>0.995753,-0.063963,-0.0662226,-7.69223e-015,0.0759141,0.977367,0.197461,44.4723,0.0520936,-0.201649,0.978071,-7.94203,0,0,0,1</mat>
				</frame>
				<frame num='7'>
					<mat>0.995753,-0.063963,-0.0662226,-7.66482e-015,0.0769707,0.973008,0.217558,43.5333,0.0505195,-0.221731,0.973798,-9.68906,0,0,0,1</mat>
				</frame>
				<frame num='8'>
					<mat>0.995753,-0.063963,-0.0662226,-7.64579e-015,0.0777434,0.969459,0.232605,42.8216,0.049322,-0.236765,0.970314,-11.002,0,0,0,1</mat>
				</frame>
				<frame num='9'>
					<mat>0.995753,-0.063963,-0.0662226,-7.62389e-015,0.0781475,0.967474,0.240599,42.4403,0.0486792,-0.244752,0.968363,-11.6999,0,0,0,1</mat>
				</frame>
				<frame num='10'>
					<mat>0.995753,-0.063963,-0.0662227,-7.50075e-015,0.0763496,0.975636,0.20568,42.4559,0.0514534,-0.209862,0.976376,-10.924,0,0,0,1</mat>
				</frame>
				<frame num='11'>
					<mat>0.995753,-0.063963,-0.0662226,-3.33686e-015,0.0171406,0.835486,-0.549244,37.0272,0.0904594,0.545776,0.833034,15.1745,0,0,0,1</mat>
				</frame>
				<frame num='12'>
					<mat>0.995753,-0.0639629,-0.0662226,-1.42647e-015,-0.0214625,0.538193,-0.842549,30.3849,0.0895323,0.840391,0.534534,37.5353,0,0,0,1</mat>
				</frame>
				<frame num='13'>
					<mat>0.995753,-0.0639629,-0.0662226,-2.85632e-015,0.00387645,0.747761,-0.663957,36.5608,0.0919873,0.66088,0.744832,31.4052,0,0,0,1</mat>
				</frame>
				<frame num='14'>
					<mat>0.995753,-0.0639629,-0.0662226,-7.5266e-015,0.0334656,0.921524,-0.386876,42.8858,0.0857714,0.383017,0.919751,23.4175,0,0,0,1</mat>
				</frame>
				<frame num='15'>
					<mat>0.995753,-0.063963,-0.0662226,-8.92276e-015,0.0597088,0.99614,-0.0643416,47.683,0.0700825,0.0601143,0.995728,14.3991,0,0,0,1</mat>
				</frame>
				<frame num='16'>
					<mat>0.995753,-0.063963,-0.0662227,-1.10887e-014,0.0772738,0.971654,0.223424,50.2657,0.0500547,-0.227592,0.972469,6.18888,0,0,0,1</mat>
				</frame>
				<frame num='17'>
					<mat>0.995753,-0.063963,-0.0662227,-7.26878e-015,0.0856479,0.907439,0.411363,51.0158,0.033781,-0.415288,0.909063,0.673954,0,0,0,1</mat>
				</frame>
				<frame num='18'>
					<mat>0.995753,-0.063963,-0.0662227,-8.07908e-015,0.0878253,0.875747,0.474714,50.8545,0.0276302,-0.478514,0.877645,-1.30327,0,0,0,1</mat>
				</frame>
				<frame num='19'>
					<mat>0.995753,-0.063963,-0.0662226,-8.29959e-015,0.0869027,0.890514,0.446579,50.5922,0.0304076,-0.450437,0.89229,-1.1258,0,0,0,1</mat>
				</frame>
				<frame num='20'>
					<mat>0.995753,-0.0639629,-0.0662226,-7.86166e-015,0.0836248,0.929241,0.359887,50.2559,0.0385173,-0.363897,0.930643,0.274691,0,0,0,1</mat>
				</frame>
				<frame num='21'>
					<mat>0.995753,-0.0639629,-0.0662226,-7.6902e-015,0.0783261,0.966566,0.244163,49.7558,0.0483911,-0.248313,0.96747,2.21852,0,0,0,1</mat>
				</frame>
				<frame num='22'>
					<mat>0.995753,-0.0639629,-0.0662226,-5.73431e-015,0.0724938,0.988099,0.135667,49.2024,0.0567568,-0.139891,0.988539,3.94764,0,0,0,1</mat>
				</frame>
				<frame num='23'>
					<mat>0.995753,-0.063963,-0.0662226,-7.66345e-015,0.0688286,0.99488,0.0740047,48.9587,0.06115,-0.0782483,0.995057,4.70375,0,0,0,1</mat>
				</frame>
				<frame num='24'>
					<mat>0.995753,-0.063963,-0.0662226,-7.6361e-015,0.0681642,0.995667,0.063255,49.0641,0.0618897,-0.0675003,0.995798,4.37007,0,0,0,1</mat>
				</frame>
				<frame num='25'>
					<mat>0.995753,-0.063963,-0.0662226,-7.74004e-015,0.0688725,0.994823,0.0747204,49.2174,0.0611005,-0.078964,0.995003,3.50008,0,0,0,1</mat>
				</frame>
				<frame num='26'>
					<mat>0.995753,-0.063963,-0.0662226,-7.80311e-015,0.0701266,0.992969,0.0953673,49.3486,0.059657,-0.0996062,0.993237,2.43948,0,0,0,1</mat>
				</frame>
				<frame num='27'>
					<mat>0.995753,-0.063963,-0.0662226,-7.85184e-015,0.0711277,0.991138,0.112189,49.423,0.0584598,-0.116423,0.991478,1.54418,0,0,0,1</mat>
				</frame>
				<frame num='28'>
					<mat>0.995753,-0.063963,-0.0662226,-7.86612e-015,0.0711508,0.991092,0.112581,49.4446,0.0584317,-0.116815,0.991433,1.16452,0,0,0,1</mat>
				</frame>
				<frame num='29'>
					<mat>0.995753,-0.063963,-0.0662226,-7.87022e-015,0.0698263,0.993456,0.0903819,49.4239,0.0600082,-0.0946221,0.993703,1.49483,0,0,0,1</mat>
				</frame>
			</track>
			<track id = '5' name='JNT_L_Shoulder'>
				<frame num='0'>
					<mat>0.146845,0.820868,-0.551916,24.4723,-0.953941,0.265084,0.140452,51.1218,0.261596,0.505871,0.821986,3.01897,0,0,0,1</mat>
				</frame>
				<frame num='1'>
					<mat>0.154716,0.867461,-0.472837,24.4723,-0.942783,0.272704,0.191814,50.8497,0.295336,0.416106,0.860019,2.45313,0,0,0,1</mat>
				</frame>
				<frame num='2'>
					<mat>0.184777,0.936428,-0.298261,24.4723,-0.91295,0.275908,0.30066,50.254,0.363839,0.216743,0.905894,1.22099,0,0,0,1</mat>
				</frame>
				<frame num='3'>
					<mat>0.251485,0.965696,-0.0647056,24.4723,-0.861823,0.253856,0.43911,49.4203,0.440473,-0.0546647,0.8961,-0.488522,0,0,0,1</mat>
				</frame>
				<frame num='4'>
					<mat>0.352469,0.920123,0.170703,24.4723,-0.794543,0.197862,0.574066,48.4312,0.494435,-0.337971,0.800818,-2.49428,0,0,0,1</mat>
				</frame>
				<frame num='5'>
					<mat>0.464059,0.812809,0.352123,24.4723,-0.725183,0.120326,0.677961,47.3727,0.508684,-0.569967,0.645273,-4.61466,0,0,0,1</mat>
				</frame>
				<frame num='6'>
					<mat>0.551327,0.701186,0.45208,24.4723,-0.668508,0.0471022,0.742212,46.338,0.499135,-0.711421,0.494717,-6.66174,0,0,0,1</mat>
				</frame>
				<frame num='7'>
					<mat>0.61847,0.629754,0.470004,24.4723,-0.613143,0.0126519,0.789871,45.425,0.491478,-0.776691,0.393954,-8.44746,0,0,0,1</mat>
				</frame>
				<frame num='8'>
					<mat>0.683205,0.588966,0.431683,24.4723,-0.54426,0.0165826,0.838752,44.7322,0.486838,-0.807988,0.33188,-9.78978,0,0,0,1</mat>
				</frame>
				<frame num='9'>
					<mat>0.721753,0.572156,0.389499,24.4723,-0.493386,0.0306251,0.869271,44.3609,0.48543,-0.819573,0.304398,-10.5035,0,0,0,1</mat>
				</frame>
				<frame num='10'>
					<mat>0.53213,0.68037,0.503919,24.4723,-0.749054,0.100881,0.654783,44.3323,0.394659,-0.725892,0.563316,-9.65949,0,0,0,1</mat>
				</frame>
				<frame num='11'>
					<mat>0.0547218,0.925297,0.375276,24.4723,-0.288306,0.374473,-0.881277,37.4484,-0.955973,-0.0599693,0.287261,17.3977,0,0,0,1</mat>
				</frame>
				<frame num='12'>
					<mat>0.00165905,0.966741,0.255753,24.4723,0.767724,0.16265,-0.619794,29.8574,-0.640779,0.197376,-0.74192,39.7357,0,0,0,1</mat>
				</frame>
				<frame num='13'>
					<mat>0.150502,0.954442,0.257663,24.4723,0.674275,0.0915021,-0.73279,36.656,-0.722982,0.284022,-0.629785,33.6659,0,0,0,1</mat>
				</frame>
				<frame num='14'>
					<mat>0.122675,0.952156,0.279911,24.4723,0.548336,0.170056,-0.818785,43.7083,-0.827212,0.25393,-0.501239,25.5255,0,0,0,1</mat>
				</frame>
				<frame num='15'>
					<mat>0.120786,0.948604,0.292508,24.4723,0.321083,0.241492,-0.915744,49.1504,-0.939317,0.204529,-0.275412,16.1215,0,0,0,1</mat>
				</frame>
				<frame num='16'>
					<mat>0.124267,0.946095,0.299103,24.4723,0.0734161,0.291846,-0.953644,52.1648,-0.989529,0.140466,-0.0331916,7.41906,0,0,0,1</mat>
				</frame>
				<frame num='17'>
					<mat>0.141416,0.941552,0.305747,24.4723,-0.104124,0.321285,-0.941241,53.1208,-0.984459,0.101271,0.143473,1.50418,0,0,0,1</mat>
				</frame>
				<frame num='18'>
					<mat>0.255885,0.92106,0.293548,24.4723,-0.266766,0.359145,-0.894344,53.013,-0.929171,0.150541,0.337607,-0.62421,0,0,0,1</mat>
				</frame>
				<frame num='19'>
					<mat>0.389236,0.908828,0.150092,24.4723,-0.583559,0.369366,-0.723206,52.7279,-0.712709,0.19391,0.674125,-0.378479,0,0,0,1</mat>
				</frame>
				<frame num='20'>
					<mat>0.42225,0.884391,-0.198892,24.4723,-0.887743,0.359066,-0.28807,52.3111,-0.183351,0.298202,0.936727,1.22132,0,0,0,1</mat>
				</frame>
				<frame num='21'>
					<mat>0.170499,0.854629,-0.490448,24.4723,-0.904881,0.332815,0.265375,51.6808,0.390025,0.398551,0.830083,3.40781,0,0,0,1</mat>
				</frame>
				<frame num='22'>
					<mat>-0.163585,0.827167,-0.53762,24.4723,-0.698261,0.287889,0.655402,50.9841,0.696902,0.482613,0.530484,5.34254,0,0,0,1</mat>
				</frame>
				<frame num='23'>
					<mat>-0.294529,0.819152,-0.492182,24.4723,-0.576899,0.258189,0.774936,50.6503,0.761866,0.512181,0.396523,6.20662,0,0,0,1</mat>
				</frame>
				<frame num='24'>
					<mat>-0.272012,0.819074,-0.505101,24.4723,-0.619507,0.252599,0.743239,50.7393,0.736356,0.515084,0.438713,5.89112,0,0,0,1</mat>
				</frame>
				<frame num='25'>
					<mat>-0.2116,0.819072,-0.533242,24.4723,-0.69367,0.258493,0.672312,50.9101,0.688511,0.512155,0.513468,5.00173,0,0,0,1</mat>
				</frame>
				<frame num='26'>
					<mat>-0.126737,0.819105,-0.559468,24.4723,-0.776447,0.269082,0.569847,51.0721,0.617307,0.506618,0.601889,3.90565,0,0,0,1</mat>
				</frame>
				<frame num='27'>
					<mat>-0.0350927,0.819152,-0.572503,24.4723,-0.849098,0.277681,0.449361,51.1711,0.527068,0.50188,0.685796,2.98093,0,0,0,1</mat>
				</frame>
				<frame num='28'>
					<mat>0.0480561,0.819059,-0.571692,24.4723,-0.905041,0.277862,0.322014,51.1933,0.4226,0.501931,0.754636,2.60058,0,0,0,1</mat>
				</frame>
				<frame num='29'>
					<mat>0.132168,0.819186,-0.558091,24.4723,-0.94929,0.266646,0.16658,51.14,0.285273,0.507773,0.812887,2.96964,0,0,0,1</mat>
				</frame>
			</track>
			<track id = '6' name='JNT_L_Wrist'>
				<frame num='0'>
					<mat>0.118192,0.736141,0.666429,25.8369,-0.953943,-0.102178,0.282049,42.2571,0.275723,-0.669071,0.69016,5.4499,0,0,0,1</mat>
				</frame>
				<frame num='1'>
					<mat>0.154557,0.505362,-0.848953,25.91,-0.9475,0.319275,0.0175585,42.0887,0.279923,0.801669,0.528176,5.19759,0,0,0,1</mat>
				</frame>
				<frame num='2'>
					<mat>0.169816,0.150072,0.973982,26.1894,-0.909251,-0.357277,0.213579,41.7703,0.380034,-0.921863,0.0757817,4.60202,0,0,0,1</mat>
				</frame>
				<frame num='3'>
					<mat>0.268783,-0.307102,-0.912931,26.8093,-0.869644,0.330106,-0.367083,41.4117,0.414096,0.892591,-0.178343,3.60464,0,0,0,1</mat>
				</frame>
				<frame num='4'>
					<mat>0.347183,0.140038,0.927283,27.7477,-0.78014,-0.505598,0.368446,41.0478,0.520428,-0.851329,-0.0662858,2.10034,0,0,0,1</mat>
				</frame>
				<frame num='5'>
					<mat>0.434972,0.885424,0.163776,28.7847,-0.737818,0.246207,0.628495,40.6338,0.516162,-0.394215,0.760375,0.112365,0,0,0,1</mat>
				</frame>
				<frame num='6'>
					<mat>0.527535,0.822206,-0.213738,29.5956,-0.690215,0.561499,0.456424,40.1258,0.495288,-0.0932548,0.863709,-2.02345,0,0,0,1</mat>
				</frame>
				<frame num='7'>
					<mat>0.600618,0.685516,-0.411492,30.2195,-0.638362,0.721039,0.26944,39.7272,0.481407,0.100851,0.870676,-3.88033,0,0,0,1</mat>
				</frame>
				<frame num='8'>
					<mat>0.669648,0.567522,-0.479051,30.8211,-0.571188,0.805821,0.156196,39.6746,0.474674,0.169032,0.863778,-5.26576,0,0,0,1</mat>
				</frame>
				<frame num='9'>
					<mat>0.71024,0.505971,-0.48944,31.1793,-0.521208,0.845301,0.117511,39.7761,0.473182,0.171639,0.864083,-5.99257,0,0,0,1</mat>
				</frame>
				<frame num='10'>
					<mat>0.511505,0.756142,-0.40818,29.4172,-0.770013,0.614178,0.172817,37.3716,0.381369,0.225908,0.896395,-5.99206,0,0,0,1</mat>
				</frame>
				<frame num='11'>
					<mat>0.024007,0.832877,0.552938,24.9808,-0.298745,0.533801,-0.79108,34.7693,-0.954031,-0.146196,0.261633,8.51417,0,0,0,1</mat>
				</frame>
				<frame num='12'>
					<mat>0.0184293,-0.891432,0.45278,24.4877,0.754116,0.309736,0.579114,36.9916,-0.656483,0.330775,0.677951,33.7811,0,0,0,1</mat>
				</frame>
				<frame num='13'>
					<mat>0.143921,0.628905,-0.764045,25.8709,0.686019,-0.619856,-0.380996,42.9218,-0.713208,-0.469316,-0.520651,26.9475,0,0,0,1</mat>
				</frame>
				<frame num='14'>
					<mat>0.134327,-0.413389,0.900592,25.6123,0.528908,0.798456,0.287618,48.8038,-0.837981,0.437695,0.325899,17.8385,0,0,0,1</mat>
				</frame>
				<frame num='15'>
					<mat>0.130467,-0.0468781,-0.990344,25.5947,0.349841,-0.932454,0.0902255,52.1341,-0.92768,-0.358234,-0.105254,7.39279,0,0,0,1</mat>
				</frame>
				<frame num='16'>
					<mat>0.0950179,0.895075,0.435675,25.6271,0.071109,0.430435,-0.899816,52.8471,-0.992933,0.116479,-0.0227489,-1.77628,0,0,0,1</mat>
				</frame>
				<frame num='17'>
					<mat>0.132878,-0.019735,0.990936,25.7864,-0.13634,0.989933,0.0379974,52.1532,-0.98171,-0.140153,0.12885,-7.64405,0,0,0,1</mat>
				</frame>
				<frame num='18'>
					<mat>0.251942,-0.121287,0.960112,26.8502,-0.297905,0.934218,0.196189,50.534,-0.920749,-0.33545,0.199237,-9.25867,0,0,0,1</mat>
				</frame>
