<?xml version='1.0' encoding='UTF-8' ?>
<itpanim>
	<skeleton count='3'>
		<joint id='0' name='joint1' parent='-1'>
			<mat>6.11451e-017,5.79651e-017,-1,0,-0.998576,0.053359,-5.7965e-017,0,-0.053359,-0.998576,-6.11451e-017,0,0,0,-0,1</mat>
		</joint>
		<joint id='1' name='joint2' parent='0'>
			<mat>5.66112e-017,3.78964e-017,1,0,-0.924532,0.381105,3.78964e-017,0,0.381105,0.924532,-5.66112e-017,0,0,0,-0,1</mat>
		</joint>
		<joint id='2' name='joint3' parent='1'>
			<mat>1,-0,-0,0,0,1,0,0,0,0,-1,0,0,0,-0,1</mat>
		</joint>
	</skeleton>
	<animations>
		<animation name='Take 001' length='16'>
			<track id = '0' name='joint1'>
				<frame num='0'>
					<mat>2.82873e-016,-0.998575,0.053359,0,4.6117e-017,0.053359,0.998575,0,1,2.8001e-016,-6.11451e-017,0,0,2.8767,-0.00533421,1</mat>
				</frame>
				<frame num='1'>
					<mat>2.82873e-016,-0.998575,0.053359,0,4.6117e-017,0.053359,0.998575,0,1,2.8001e-016,-6.11451e-017,0,0,2.8767,-0.00533421,1</mat>
				</frame>
				<frame num='2'>
					<mat>2.82873e-016,-0.998575,0.053359,0,4.6117e-017,0.053359,0.998575,0,1,2.8001e-016,-6.11451e-017,0,0,2.8767,-0.00533421,1</mat>
				</frame>
				<frame num='3'>
					<mat>2.82873e-016,-0.998575,0.053359,0,4.6117e-017,0.053359,0.998575,0,1,2.8001e-016,-6.11451e-017,0,0,2.8767,-0.00533421,1</mat>
				</frame>
				<frame num='4'>
					<mat>2.82873e-016,-0.998575,0.053359,0,4.6117e-017,0.053359,0.998575,0,1,2.8001e-016,-6.11451e-017,0,0,2.8767,-0.00533421,1</mat>
				</frame>
				<frame num='5'>
					<mat>2.82873e-016,-0.998575,0.053359,0,4.6117e-017,0.053359,0.998575,0,1,2.8001e-016,-6.11451e-017,0,0,2.8767,-0.00533421,1</mat>
				</frame>
				<frame num='6'>
					<mat>2.82873e-016,-0.998575,0.053359,0,4.6117e-017,0.053359,0.998575,0,1,2.8001e-016,-6.11451e-017,0,0,2.8767,-0.00533421,1</mat>
				</frame>
				<frame num='7'>
					<mat>2.82873e-016,-0.998575,0.053359,0,4.6117e-017,0.053359,0.998575,0,1,2.8001e-016,-6.11451e-017,0,0,2.8767,-0.00533421,1</mat>
				</frame>
				<frame num='8'>
					<mat>2.82873e-016,-0.998575,0.053359,0,4.6117e-017,0.053359,0.998575,0,1,2.8001e-016,-6.11451e-017,0,0,2.8767,-0.00533421,1</mat>
				</frame>
				<frame num='9'>
					<mat>2.82873e-016,-0.998575,0.053359,0,4.6117e-017,0.053359,0.998575,0,1,2.8001e-016,-6.11451e-017,0,0,2.8767,-0.00533421,1</mat>
				</frame>
				<frame num='10'>
					<mat>2.82873e-016,-0.998575,0.053359,0,4.6117e-017,0.053359,0.998575,0,1,2.8001e-016,-6.11451e-017,0,0,2.8767,-0.00533421,1</mat>
				</frame>
				<frame num='11'>
					<mat>2.82873e-016,-0.998575,0.053359,0,4.6117e-017,0.053359,0.998575,0,1,2.8001e-016,-6.11451e-017,0,0,2.8767,-0.00533421,1</mat>
				</frame>
				<frame num='12'>
					<mat>2.82873e-016,-0.998575,0.053359,0,4.6117e-017,0.053359,0.998575,0,1,2.8001e-016,-6.11451e-017,0,0,2.8767,-0.00533421,1</mat>
				</frame>
				<frame num='13'>
					<mat>2.82873e-016,-0.998575,0.053359,0,4.6117e-017,0.053359,0.998575,0,1,2.8001e-016,-6.11451e-017,0,0,2.8767,-0.00533421,1</mat>
				</frame>
				<frame num='14'>
					<mat>2.82873e-016,-0.998575,0.053359,0,4.6117e-017,0.053359,0.998575,0,1,2.8001e-016,-6.11451e-017,0,0,2.8767,-0.00533421,1</mat>
				</frame>
				<frame num='15'>
					<mat>2.82873e-016,-0.998575,0.053359,0,4.6117e-017,0.053359,0.998575,0,1,2.8001e-016,-6.11451e-017,0,0,2.8767,-0.00533421,1</mat>
				</frame>
			</track>
			<track id = '1' name='joint2'>
				<frame num='0'>
					<mat>8.28235e-017,-0.924532,-0.381105,0,-4.07789e-017,0.381105,-0.924532,0,-1,-9.2114e-017,6.137e-018,0,7.38063e-017,1.66508,0.0594086,1</mat>
				</frame>
				<frame num='1'>
					<mat>8.28235e-017,-0.924532,-0.381105,0,-4.07789e-017,0.381105,-0.924532,0,-1,-9.2114e-017,6.137e-018,0,7.38063e-017,1.66508,0.0594086,1</mat>
				</frame>
				<frame num='2'>
					<mat>8.28235e-017,-0.924532,-0.381105,0,-4.07789e-017,0.381105,-0.924532,0,-1,-9.2114e-017,6.137e-018,0,7.38063e-017,1.66508,0.0594086,1</mat>
				</frame>
				<frame num='3'>
					<mat>8.28235e-017,-0.924532,-0.381105,0,-4.07789e-017,0.381105,-0.924532,0,-1,-9.2114e-017,6.137e-018,0,7.38063e-017,1.66508,0.0594086,1</mat>
				</frame>
				<frame num='4'>
					<mat>8.28235e-017,-0.924532,-0.381105,0,-4.07789e-017,0.381105,-0.924532,0,-1,-9.2114e-017,6.137e-018,0,7.38063e-017,1.66508,0.0594086,1</mat>
				</frame>
				<frame num='5'>
					<mat>8.28235e-017,-0.924532,-0.381105,0,-4.07789e-017,0.381105,-0.924532,0,-1,-9.2114e-017,6.137e-018,0,7.38063e-017,1.66508,0.0594086,1</mat>
				</frame>
				<frame num='6'>
					<mat>8.28235e-017,-0.924532,-0.381105,0,-4.07789e-017,0.381105,-0.924532,0,-1,-9.2114e-017,6.137e-018,0,7.38063e-017,1.66508,0.0594086,1</mat>
				</frame>
				<frame num='7'>
					<mat>8.28235e-017,-0.924532,-0.381105,0,-4.07789e-017,0.381105,-0.924532,0,-1,-9.2114e-017,6.137e-018,0,7.38063e-017,1.66508,0.0594086,1</mat>
				</frame>
				<frame num='8'>
					<mat>8.28235e-017,-0.924532,-0.381105,0,-4.07789e-017,0.381105,-0.924532,0,-1,-9.2114e-017,6.137e-018,0,7.38063e-017,1.66508,0.0594086,1</mat>
				</frame>
				<frame num='9'>
					<mat>8.28235e-017,-0.924532,-0.381105,0,-4.07789e-017,0.381105,-0.924532,0,-1,-9.2114e-017,6.137e-018,0,7.38063e-017,1.66508,0.0594086,1</mat>
				</frame>
				<frame num='10'>
					<mat>8.28235e-017,-0.924532,-0.381105,0,-4.07789e-017,0.381105,-0.924532,0,-1,-9.2114e-017,6.137e-018,0,7.38063e-017,1.66508,0.0594086,1</mat>
				</frame>
				<frame num='11'>
					<mat>8.28235e-017,-0.924532,-0.381105,0,-4.07789e-017,0.381105,-0.924532,0,-1,-9.2114e-017,6.137e-018,0,7.38063e-017,1.66508,0.0594086,1</mat>
				</frame>
				<frame num='12'>
					<mat>8.28235e-017,-0.924532,-0.381105,0,-4.07789e-017,0.381105,-0.924532,0,-1,-9.2114e-017,6.137e-018,0,7.38063e-017,1.66508,0.0594086,1</mat>
				</frame>
				<frame num='13'>
					<mat>8.28235e-017,-0.924532,-0.381105,0,-4.07789e-017,0.381105,-0.924532,0,-1,-9.2114e-017,6.137e-018,0,7.38063e-017,1.66508,0.0594086,1</mat>
				</frame>
				<frame num='14'>
					<mat>8.28235e-017,-0.924532,-0.381105,0,-4.07789e-017,0.381105,-0.924532,0,-1,-9.2114e-017,6.137e-018,0,7.38063e-017,1.66508,0.0594086,1</mat>
				</frame>
				<frame num='15'>
					<mat>8.28235e-017,-0.924532,-0.381105,0,-4.07789e-017,0.381105,-0.924532,0,-1,-9.2114e-017,6.137e-018,0,7.38063e-017,1.66508,0.0594086,1</mat>
				</frame>
			</track>
			<track id = '2' name='joint3'>
				<frame num='0'>
					<mat>1,-1.69785e-016,-1.14095e-016,0,1.69785e-016,1,3.33067e-016,0,-1.14095e-016,3.33067e-016,-1,0,-1.7836e-017,0.453464,-0.440036,1</mat>
				</frame>
				<frame num='1'>
					<mat>1,-1.69785e-016,-1.14095e-016,0,1.69785e-016,1,3.33067e-016,0,-1.14095e-016,3.33067e-016,-1,0,-1.943e-017,0.465016,-0.361298,1</mat>
				</frame>
				<frame num='2'>
					<mat>1,-1.69785e-016,-1.14095e-016,0,1.69785e-016,1,3.33067e-016,0,-1.14095e-016,3.33067e-016,-1,0,-2.34795e-017,0.493896,-0.145235,1</mat>
				</frame>
				<frame num='3'>
					<mat>1,-1.69785e-016,-1.14095e-016,0,1.69785e-016,1,3.33067e-016,0,-1.14095e-016,3.33067e-016,-1,0,-2.88855e-017,0.531439,0.177924,1</mat>
				</frame>
				<frame num='4'>
					<mat>1,-1.69785e-016,-1.14095e-016,0,1.69785e-016,1,3.33067e-016,0,-1.14095e-016,3.33067e-016,-1,0,-3.45493e-017,0.568983,0.577952,1</mat>
				</frame>
				<frame num='5'>
					<mat>1,-1.69785e-016,-1.14095e-016,0,1.69785e-016,1,3.33067e-016,0,-1.14095e-016,3.33067e-016,-1,0,-3.93719e-017,0.597863,1.02462,1</mat>
				</frame>
				<frame num='6'>
					<mat>1,-1.69785e-016,-1.14095e-016,0,1.69785e-016,1,3.33067e-016,0,-1.14095e-016,3.33067e-016,-1,0,-4.22545e-017,0.609414,1.4877,1</mat>
				</frame>
				<frame num='7'>
					<mat>1,-1.69785e-016,-1.14095e-016,0,1.69785e-016,1,3.33067e-016,0,-1.14095e-016,3.33067e-016,-1,0,-4.20982e-017,0.594975,1.93697,1</mat>
				</frame>
				<frame num='8'>
					<mat>1,-1.69785e-016,-1.14095e-016,0,1.69785e-016,1,3.33067e-016,0,-1.14095e-016,3.33067e-016,-1,0,-3.78042e-017,0.545879,2.3422,1</mat>
				</frame>
				<frame num='9'>
					<mat>1,-1.69785e-016,-1.14095e-016,0,1.69785e-016,1,3.33067e-016,0,-1.14095e-016,3.33067e-016,-1,0,-2.82736e-017,0.453464,2.67315,1</mat>
				</frame>
				<frame num='10'>
					<mat>1,-1.69785e-016,-1.14095e-016,0,1.69785e-016,1,3.33067e-016,0,-1.14095e-016,3.33067e-016,-1,0,-5.00757e-017,-0.00846532,2.85474,1</mat>
				</frame>
				<frame num='11'>
					<mat>1,-1.69785e-016,-1.14095e-016,0,1.69785e-016,1,3.33067e-016,0,-1.14095e-016,3.33067e-016,-1,0,-1.20164e-016,-0.940844,2.87744,1</mat>
				</frame>
				<frame num='12'>
					<mat>1,-1.69785e-016,-1.14095e-016,0,1.69785e-016,1,3.33067e-016,0,-1.14095e-016,3.33067e-016,-1,0,-2.08017e-016,-2.01444,2.80935,1</mat>
				</frame>
				<frame num='13'>
					<mat>1,-1.69785e-016,-1.14095e-016,0,1.69785e-016,1,3.33067e-016,0,-1.14095e-016,3.33067e-016,-1,0,-2.83111e-016,-2.90004,2.71855,1</mat>
				</frame>
				<frame num='14'>
					<mat>1,-1.69785e-016,-1.14095e-016,0,1.69785e-016,1,3.33067e-016,0,-1.14095e-016,3.33067e-016,-1,0,-3.14925e-016,-3.2684,2.67315,1</mat>
				</frame>
				<frame num='15'>
					<mat>1,-1.69785e-016,-1.14095e-016,0,1.69785e-016,1,3.33067e-016,0,-1.14095e-016,3.33067e-016,-1,0,-3.14925e-016,-3.2684,2.67315,1</mat>
				</frame>
			</track>
		</animation>
</animations>
</itpanim>