<?xml version='1.0' encoding='UTF-8' ?>
<itpanim>
	<skeleton count='30'>
		<joint id='0' name='JNT_Root' parent='-1'>
			<mat>6.12323e-017,-1,-0,0,1,6.12323e-017,0,0,0,0,-1,0,0,0,-0,1</mat>
		</joint>
		<joint id='1' name='JNT_COG' parent='0'>
			<mat>6.12323e-017,-1,-0,0,1,6.12323e-017,0,0,0,0,-1,0,0,0,-0,1</mat>
		</joint>
		<joint id='2' name='JNT_Spine01' parent='1'>
			<mat>6.12323e-017,-1,-0,0,1,6.12323e-017,0,0,0,0,-1,0,0,0,-0,1</mat>
		</joint>
		<joint id='3' name='JNT_Spine02' parent='2'>
			<mat>6.12323e-017,-1,-0,0,1,6.12323e-017,0,0,0,0,-1,0,0,0,-0,1</mat>
		</joint>
		<joint id='4' name='JNT_Spine03' parent='3'>
			<mat>0.995752,-0.063963,-0.0662226,0,0.0641037,0.997943,-6.13824e-010,0,-0.0660864,0.00424512,-0.997805,0,0,0,-0,1</mat>
		</joint>
		<joint id='5' name='JNT_L_Shoulder' parent='4'>
			<mat>1,-0,-0,0,0,1,0,0,0,0,-1,0,0,0,-0,1</mat>
		</joint>
		<joint id='6' name='JNT_L_Wrist' parent='5'>
			<mat>0.999472,0.0314378,0.00821734,0,-0.0314388,0.999505,-5.71569e-011,0,0.00821328,0.000258344,-0.999967,0,0,0,-0,1</mat>
		</joint>
		<joint id='7' name='JNT_L_Hand' parent='6'>
			<mat>-0.0427715,0.0224471,0.998832,0,0.464703,0.885467,-1.81594e-007,0,0.884434,-0.46416,0.0483039,0,0,0,-0,1</mat>
		</joint>
		<joint id='8' name='JNT_L_Flap1' parent='7'>
			<mat>-0.0187013,0.00904232,0.999784,0,0.43529,0.900291,-2.03785e-007,0,0.900096,-0.435196,0.0207727,0,0,0,-0,1</mat>
		</joint>
		<joint id='9' name='JNT_L_Flap1_tip' parent='8'>
			<mat>1,-0,-0,0,0,1,0,0,0,0,-1,0,0,0,-0,1</mat>
		</joint>
		<joint id='10' name='JNT_L_Flap2' parent='7'>
			<mat>-0.0009583,0.000647849,-1,0,0.560066,0.828448,-1.76234e-009,0,-0.828448,0.560066,0.00115674,0,0,0,-0,1</mat>
		</joint>
		<joint id='11' name='JNT_L_Flap2_Tip' parent='10'>
			<mat>1,-0,-0,0,0,1,0,0,0,0,-1,0,0,0,-0,1</mat>
		</joint>
		<joint id='12' name='JNT_L_Flap3' parent='7'>
			<mat>-0.00501418,-0.0600607,-0.998182,0,-0.996533,0.0831956,6.06763e-009,0,-0.0830445,-0.994721,0.0602696,0,0,0,-0,1</mat>
		</joint>
		<joint id='13' name='JNT_L_Flap3_Tip' parent='12'>
			<mat>1,-0,-0,0,0,1,0,0,0,0,-1,0,0,0,-0,1</mat>
		</joint>
		<joint id='14' name='JNT_R_Shoulder' parent='4'>
			<mat>-1,1.22465e-016,1.49976e-032,0,1.22465e-016,1,1.22465e-016,0,-0,-1.22465e-016,1,0,0,0,-0,1</mat>
		</joint>
		<joint id='15' name='JNT_R_Wrist' parent='14'>
			<mat>-0.999472,-0.0314382,0.0082177,0,-0.0314392,0.999505,-7.60028e-010,0,0.00821364,0.000258359,0.999966,0,0,0,-0,1</mat>
		</joint>
		<joint id='16' name='JNT_R_Hand' parent='15'>
			<mat>0.0427695,-0.0224454,0.998833,0,0.464698,0.88547,-1.41399e-007,0,0.884436,-0.464155,-0.0483014,0,0,0,-0,1</mat>
		</joint>
		<joint id='17' name='JNT_R_Flap1' parent='16'>
			<mat>0.0187,-0.00904144,0.999785,0,0.435296,0.900287,-1.09658e-007,0,0.900093,-0.435202,-0.020771,0,0,0,-0,1</mat>
		</joint>
		<joint id='18' name='JNT_R_Flap1_tip' parent='17'>
			<mat>1,-0,-0,0,-0,-1,-1.22465e-016,0,-0,-1.22465e-016,1,0,0,0,-0,1</mat>
		</joint>
		<joint id='19' name='JNT_R_Flap2' parent='16'>
			<mat>0.000959322,-0.000648551,-1,0,0.560071,0.828444,5.49313e-010,0,-0.828443,0.560071,-0.00115798,0,0,0,-0,1</mat>
		</joint>
		<joint id='20' name='JNT_R_Flap2_Tip' parent='19'>
			<mat>1,-0,-0,0,-0,-1,-1.22465e-016,0,-0,-1.22465e-016,1,0,0,0,-0,1</mat>
		</joint>
		<joint id='21' name='JNT_R_Flap3' parent='16'>
			<mat>0.00501081,0.0600204,-0.998184,0,-0.996533,0.0831957,5.37624e-009,0,-0.0830447,-0.994724,-0.0602292,0,0,0,-0,1</mat>
		</joint>
		<joint id='22' name='JNT_R_Flap3_Tip' parent='21'>
			<mat>1,-0,-0,0,-0,-1,-1.22465e-016,0,-0,-1.22465e-016,1,0,0,0,-0,1</mat>
		</joint>
		<joint id='23' name='JNT_Lid' parent='4'>
			<mat>1,-0,-0,0,0,1,0,0,0,0,-1,0,0,0,-0,1</mat>
		</joint>
		<joint id='24' name='JNT_L_Hip' parent='1'>
			<mat>0.690853,0.722994,0,0,-0.722994,0.690853,-0,0,0,0,-1,0,0,0,-0,1</mat>
		</joint>
		<joint id='25' name='JNT_L_Knee' parent='24'>
			<mat>0.196117,0.98058,0,0,-0.98058,0.196117,-0,0,0,0,-1,0,0,0,-0,1</mat>
		</joint>
		<joint id='26' name='JNT_L_Foot' parent='25'>
			<mat>1,-0,-0,0,-0,-1,-1.22465e-016,0,-0,-1.22465e-016,1,0,0,0,-0,1</mat>
		</joint>
		<joint id='27' name='JNT_R_Hip' parent='1'>
			<mat>-0.690853,-0.722994,-8.85413e-017,0,-0.722994,0.690853,8.46052e-017,0,-0,-1.22465e-016,1,0,0,0,-0,1</mat>
		</joint>
		<joint id='28' name='JNT_R_Knee' parent='27'>
			<mat>-0.196117,-0.98058,-1.20086e-016,0,-0.98058,0.196117,2.40174e-017,0,-0,-1.22465e-016,1,0,0,0,-0,1</mat>
		</joint>
		<joint id='29' name='JNT_R_Foot' parent='28'>
			<mat>1,-0,-0,0,-0,-1,-1.22465e-016,0,-0,-1.22465e-016,1,0,0,0,-0,1</mat>
		</joint>
	</skeleton>
	<animations>
		<animation name='Take 001' length='48'>
			<track id = '0' name='JNT_Root'>
				<frame num='0'>
					<mat>6.12323e-017,1,-0,0,-1,6.12323e-017,6.12323e-017,0,-6.12323e-017,3.7494e-033,-1,0,0,0,-0,1</mat>
				</frame>
				<frame num='1'>
					<mat>6.12323e-017,1,-0,0,-1,6.12323e-017,6.12323e-017,0,-6.12323e-017,3.7494e-033,-1,0,0,0,-0,1</mat>
				</frame>
				<frame num='2'>
					<mat>6.12323e-017,1,-0,0,-1,6.12323e-017,6.12323e-017,0,-6.12323e-017,3.7494e-033,-1,0,0,0,-0,1</mat>
				</frame>
				<frame num='3'>
					<mat>6.12323e-017,1,-0,0,-1,6.12323e-017,6.12323e-017,0,-6.12323e-017,3.7494e-033,-1,0,0,0,-0,1</mat>
				</frame>
				<frame num='4'>
					<mat>6.12323e-017,1,-0,0,-1,6.12323e-017,6.12323e-017,0,-6.12323e-017,3.7494e-033,-1,0,0,0,-0,1</mat>
				</frame>
				<frame num='5'>
					<mat>6.12323e-017,1,-0,0,-1,6.12323e-017,6.12323e-017,0,-6.12323e-017,3.7494e-033,-1,0,0,0,-0,1</mat>
				</frame>
				<frame num='6'>
					<mat>6.12323e-017,1,-0,0,-1,6.12323e-017,6.12323e-017,0,-6.12323e-017,3.7494e-033,-1,0,0,0,-0,1</mat>
				</frame>
				<frame num='7'>
					<mat>6.12323e-017,1,-0,0,-1,6.12323e-017,6.12323e-017,0,-6.12323e-017,3.7494e-033,-1,0,0,0,-0,1</mat>
				</frame>
				<frame num='8'>
					<mat>6.12323e-017,1,-0,0,-1,6.12323e-017,6.12323e-017,0,-6.12323e-017,3.7494e-033,-1,0,0,0,-0,1</mat>
				</frame>
				<frame num='9'>
					<mat>6.12323e-017,1,-0,0,-1,6.12323e-017,6.12323e-017,0,-6.12323e-017,3.7494e-033,-1,0,0,0,-0,1</mat>
				</frame>
				<frame num='10'>
					<mat>6.12323e-017,1,-0,0,-1,6.12323e-017,6.12323e-017,0,-6.12323e-017,3.7494e-033,-1,0,0,0,-0,1</mat>
				</frame>
				<frame num='11'>
					<mat>6.12323e-017,1,-0,0,-1,6.12323e-017,6.12323e-017,0,-6.12323e-017,3.7494e-033,-1,0,0,0,-0,1</mat>
				</frame>
				<frame num='12'>
					<mat>6.12323e-017,1,-0,0,-1,6.12323e-017,6.12323e-017,0,-6.12323e-017,3.7494e-033,-1,0,0,0,-0,1</mat>
				</frame>
				<frame num='13'>
					<mat>6.12323e-017,1,-0,0,-1,6.12323e-017,6.12323e-017,0,-6.12323e-017,3.7494e-033,-1,0,0,0,-0,1</mat>
				</frame>
				<frame num='14'>
					<mat>6.12323e-017,1,-0,0,-1,6.12323e-017,6.12323e-017,0,-6.12323e-017,3.7494e-033,-1,0,0,0,-0,1</mat>
				</frame>
				<frame num='15'>
					<mat>6.12323e-017,1,-0,0,-1,6.12323e-017,6.12323e-017,0,-6.12323e-017,3.7494e-033,-1,0,0,0,-0,1</mat>
				</frame>
				<frame num='16'>
					<mat>6.12323e-017,1,-0,0,-1,6.12323e-017,6.12323e-017,0,-6.12323e-017,3.7494e-033,-1,0,0,0,-0,1</mat>
				</frame>
				<frame num='17'>
					<mat>6.12323e-017,1,-0,0,-1,6.12323e-017,6.12323e-017,0,-6.12323e-017,3.7494e-033,-1,0,0,0,-0,1</mat>
				</frame>
				<frame num='18'>
					<mat>6.12323e-017,1,-0,0,-1,6.12323e-017,6.12323e-017,0,-6.12323e-017,3.7494e-033,-1,0,0,0,-0,1</mat>
				</frame>
				<frame num='19'>
					<mat>6.12323e-017,1,-0,0,-1,6.12323e-017,6.12323e-017,0,-6.12323e-017,3.7494e-033,-1,0,0,0,-0,1</mat>
				</frame>
				<frame num='20'>
					<mat>6.12323e-017,1,-0,0,-1,6.12323e-017,6.12323e-017,0,-6.12323e-017,3.7494e-033,-1,0,0,0,-0,1</mat>
				</frame>
				<frame num='21'>
					<mat>6.12323e-017,1,-0,0,-1,6.12323e-017,6.12323e-017,0,-6.12323e-017,3.7494e-033,-1,0,0,0,-0,1</mat>
				</frame>
				<frame num='22'>
					<mat>6.12323e-017,1,-0,0,-1,6.12323e-017,6.12323e-017,0,-6.12323e-017,3.7494e-033,-1,0,0,0,-0,1</mat>
				</frame>
				<frame num='23'>
					<mat>6.12323e-017,1,-0,0,-1,6.12323e-017,6.12323e-017,0,-6.12323e-017,3.7494e-033,-1,0,0,0,-0,1</mat>
				</frame>
				<frame num='24'>
					<mat>6.12323e-017,1,-0,0,-1,6.12323e-017,6.12323e-017,0,-6.12323e-017,3.7494e-033,-1,0,0,0,-0,1</mat>
				</frame>
				<frame num='25'>
					<mat>6.12323e-017,1,-0,0,-1,6.12323e-017,6.12323e-017,0,-6.12323e-017,3.7494e-033,-1,0,0,0,-0,1</mat>
				</frame>
				<frame num='26'>
					<mat>6.12323e-017,1,-0,0,-1,6.12323e-017,6.12323e-017,0,-6.12323e-017,3.7494e-033,-1,0,0,0,-0,1</mat>
				</frame>
				<frame num='27'>
					<mat>6.12323e-017,1,-0,0,-1,6.12323e-017,6.12323e-017,0,-6.12323e-017,3.7494e-033,-1,0,0,0,-0,1</mat>
				</frame>
				<frame num='28'>
					<mat>6.12323e-017,1,-0,0,-1,6.12323e-017,6.12323e-017,0,-6.12323e-017,3.7494e-033,-1,0,0,0,-0,1</mat>
				</frame>
				<frame num='29'>
					<mat>6.12323e-017,1,-0,0,-1,6.12323e-017,6.12323e-017,0,-6.12323e-017,3.7494e-033,-1,0,0,0,-0,1</mat>
				</frame>
				<frame num='30'>
					<mat>6.12323e-017,1,-0,0,-1,6.12323e-017,6.12323e-017,0,-6.12323e-017,3.7494e-033,-1,0,0,0,-0,1</mat>
				</frame>
				<frame num='31'>
					<mat>6.12323e-017,1,-0,0,-1,6.12323e-017,6.12323e-017,0,-6.12323e-017,3.7494e-033,-1,0,0,0,-0,1</mat>
				</frame>
				<frame num='32'>
					<mat>6.12323e-017,1,-0,0,-1,6.12323e-017,6.12323e-017,0,-6.12323e-017,3.7494e-033,-1,0,0,0,-0,1</mat>
				</frame>
				<frame num='33'>
					<mat>6.12323e-017,1,-0,0,-1,6.12323e-017,6.12323e-017,0,-6.12323e-017,3.7494e-033,-1,0,0,0,-0,1</mat>
				</frame>
				<frame num='34'>
					<mat>6.12323e-017,1,-0,0,-1,6.12323e-017,6.12323e-017,0,-6.12323e-017,3.7494e-033,-1,0,0,0,-0,1</mat>
				</frame>
				<frame num='35'>
					<mat>6.12323e-017,1,-0,0,-1,6.12323e-017,6.12323e-017,0,-6.12323e-017,3.7494e-033,-1,0,0,0,-0,1</mat>
				</frame>
				<frame num='36'>
					<mat>6.12323e-017,1,-0,0,-1,6.12323e-017,6.12323e-017,0,-6.12323e-017,3.7494e-033,-1,0,0,0,-0,1</mat>
				</frame>
				<frame num='37'>
					<mat>6.12323e-017,1,-0,0,-1,6.12323e-017,6.12323e-017,0,-6.12323e-017,3.7494e-033,-1,0,0,0,-0,1</mat>
				</frame>
				<frame num='38'>
					<mat>6.12323e-017,1,-0,0,-1,6.12323e-017,6.12323e-017,0,-6.12323e-017,3.7494e-033,-1,0,0,0,-0,1</mat>
				</frame>
				<frame num='39'>
					<mat>6.12323e-017,1,-0,0,-1,6.12323e-017,6.12323e-017,0,-6.12323e-017,3.7494e-033,-1,0,0,0,-0,1</mat>
				</frame>
				<frame num='40'>
					<mat>6.12323e-017,1,-0,0,-1,6.12323e-017,6.12323e-017,0,-6.12323e-017,3.7494e-033,-1,0,0,0,-0,1</mat>
				</frame>
				<frame num='41'>
					<mat>6.12323e-017,1,-0,0,-1,6.12323e-017,6.12323e-017,0,-6.12323e-017,3.7494e-033,-1,0,0,0,-0,1</mat>
				</frame>
				<frame num='42'>
					<mat>6.12323e-017,1,-0,0,-1,6.12323e-017,6.12323e-017,0,-6.12323e-017,3.7494e-033,-1,0,0,0,-0,1</mat>
				</frame>
				<frame num='43'>
					<mat>6.12323e-017,1,-0,0,-1,6.12323e-017,6.12323e-017,0,-6.12323e-017,3.7494e-033,-1,0,0,0,-0,1</mat>
				</frame>
				<frame num='44'>
					<mat>6.12323e-017,1,-0,0,-1,6.12323e-017,6.12323e-017,0,-6.12323e-017,3.7494e-033,-1,0,0,0,-0,1</mat>
				</frame>
				<frame num='45'>
					<mat>6.12323e-017,1,-0,0,-1,6.12323e-017,6.12323e-017,0,-6.12323e-017,3.7494e-033,-1,0,0,0,-0,1</mat>
				</frame>
				<frame num='46'>
					<mat>6.12323e-017,1,-0,0,-1,6.12323e-017,6.12323e-017,0,-6.12323e-017,3.7494e-033,-1,0,0,0,-0,1</mat>
				</frame>
				<frame num='47'>
					<mat>6.12323e-017,1,-0,0,-1,6.12323e-017,6.12323e-017,0,-6.12323e-017,3.7494e-033,-1,0,0,0,-0,1</mat>
				</frame>
			</track>
			<track id = '1' name='JNT_COG'>
				<frame num='0'>
					<mat>6.83704e-017,0.994544,0.104319,0,-1,6.01422e-017,8.20202e-017,0,-7.52987e-017,0.104319,-0.994544,0,-4.53935e-015,28.2383,-0.0161158,1</mat>
				</frame>
				<frame num='1'>
					<mat>6.7941e-017,0.995205,0.0978136,0,-1,6.02067e-017,8.20233e-017,0,-7.57409e-017,0.0978136,-0.995205,0,-4.51459e-015,27.9468,-0.432251,1</mat>
				</frame>
				<frame num='2'>
					<mat>6.67597e-017,0.996496,0.0836376,0,-1,6.06005e-017,7.61807e-017,0,-7.08453e-017,0.0836376,-0.996496,0,-4.45884e-015,27.3124,-1.33809,1</mat>
				</frame>
				<frame num='3'>
					<mat>6.52449e-017,0.997953,0.0639517,0,-1,6.10103e-017,6.81677e-017,0,-6.41264e-017,0.0639517,-0.997953,0,-4.40955e-015,26.4327,-2.59427,1</mat>
				</frame>
				<frame num='4'>
					<mat>6.38224e-017,0.999166,0.0408351,0,-1,6.11117e-017,6.76285e-017,0,-6.50766e-017,0.0408351,-0.999166,0,-4.35114e-015,25.401,-4.06737,1</mat>
				</frame>
				<frame num='5'>
					<mat>6.22523e-017,0.999866,0.0163845,0,-1,6.12182e-017,6.36177e-017,0,-6.26062e-017,0.0163845,-0.999866,0,-4.25453e-015,24.3109,-5.62398,1</mat>
				</frame>
				<frame num='6'>
					<mat>6.08019e-017,0.999974,-0.00722386,0,-1,6.12314e-017,5.92401e-017,0,-5.96808e-017,-0.00722386,-0.999974,0,-4.16139e-015,23.2587,-7.12637,1</mat>
				</frame>
				<frame num='7'>
					<mat>5.9578e-017,0.999613,-0.0278126,0,-1,6.116e-017,5.60287e-017,0,-5.7708e-017,-0.0278126,-0.999613,0,-4.10932e-015,22.3411,-8.43677,1</mat>
				</frame>
				<frame num='8'>
					<mat>5.86573e-017,0.999063,-0.0432817,0,-1,6.1088e-017,5.48374e-017,0,-5.743e-017,-0.0432817,-0.999063,0,-4.07093e-015,21.6513,-9.42179,1</mat>
				</frame>
				<frame num='9'>
					<mat>5.81754e-017,0.998672,-0.0515189,0,-1,6.10537e-017,5.42957e-017,0,-5.73691e-017,-0.0515189,-0.998672,0,-4.03885e-015,21.2838,-9.94519,1</mat>
				</frame>
				<frame num='10'>
					<mat>6.21871e-017,0.999979,0.00654491,0,-1,6.17215e-017,7.13471e-017,0,-7.09416e-017,0.00654491,-0.999979,0,-4.02933e-015,21.2474,-10.0022,1</mat>
				</frame>
				<frame num='11'>
					<mat>2.34532e-016,0.608762,0.793353,0,-1,1.11701e-016,2.09909e-016,0,-3.9166e-017,0.793353,-0.608762,0,-3.46522e-015,21.7308,0.479644,1</mat>
				</frame>
				<frame num='12'>
					<mat>2.92991e-016,0.0361145,0.999348,0,-1,-1.3088e-017,2.93655e-016,0,-2.36847e-017,0.999348,-0.0361145,0,-2.60448e-015,23.0728,17.7062,1</mat>
				</frame>
				<frame num='13'>
					<mat>2.81858e-016,0.0724954,0.997369,0,-1,-4.8472e-017,2.86125e-016,0,-6.90872e-017,0.997369,-0.0724954,0,-3.1331e-015,24.8055,14.0524,1</mat>
				</frame>
				<frame num='14'>
					<mat>2.12226e-016,0.148195,0.988958,0,-1,-8.39075e-017,2.27169e-016,0,-1.16646e-016,0.988958,-0.148195,0,-3.70633e-015,26.8047,10.4026,1</mat>
				</frame>
				<frame num='15'>
					<mat>1.23139e-016,0.245761,0.96933,0,-1,-1.62747e-016,1.68297e-016,0,-1.99117e-016,0.96933,-0.245761,0,-4.19811e-015,28.7392,6.91643,1</mat>
				</frame>
				<frame num='16'>
					<mat>1.29181e-016,0.34813,0.937446,0,-1,-1.42127e-016,1.90581e-016,0,-1.99583e-016,0.937446,-0.34813,0,-4.59648e-015,30.2996,4.05439,1</mat>
				</frame>
				<frame num='17'>
					<mat>1.7418e-016,0.43882,0.898575,0,-1,-2.58933e-017,2.06486e-016,0,-1.13877e-016,0.898575,-0.43882,0,-4.85444e-015,31.1726,2.31016,1</mat>
				</frame>
				<frame num='18'>
					<mat>1.60549e-016,0.510057,0.860141,0,-1,-1.74252e-017,1.96987e-016,0,-1.15463e-016,0.860141,-0.510057,0,-4.8945e-015,31.163,1.75664,1</mat>
				</frame>
				<frame num='19'>
					<mat>1.62248e-016,0.572577,0.819851,0,-1,-1.57543e-017,2.08902e-016,0,-1.32529e-016,0.819851,-0.572577,0,-4.83646e-015,30.6648,1.54852,1</mat>
				</frame>
				<frame num='20'>
					<mat>1.55302e-016,0.630933,0.775837,0,-1,-5.97268e-018,2.05031e-016,0,-1.33995e-016,0.775837,-0.630933,0,-4.73585e-015,29.9201,1.44426,1</mat>
				</frame>
				<frame num='21'>
					<mat>1.4086e-016,0.686628,0.727009,0,-1,5.93897e-018,1.88143e-016,0,-1.24866e-016,0.727009,-0.686628,0,-4.60214e-015,29.1311,1.39486,1</mat>
				</frame>
				<frame num='22'>
					<mat>2.1583e-016,0.740888,0.671629,0,-1,1.05175e-016,2.05331e-016,0,-8.14886e-017,0.671629,-0.740888,0,-4.49812e-015,28.5062,1.33897,1</mat>
				</frame>
				<frame num='23'>
					<mat>1.21439e-016,0.794328,0.607489,0,-1,2.56296e-017,1.66391e-016,0,-1.16599e-016,0.607489,-0.794328,0,-4.4691e-015,28.2535,1.21524,1</mat>
				</frame>
				<frame num='24'>
					<mat>1.1387e-016,0.853578,0.520966,0,-1,3.29672e-017,1.64559e-016,0,-1.23289e-016,0.520966,-0.853578,0,-4.48243e-015,28.2518,0.993612,1</mat>
				</frame>
				<frame num='25'>
					<mat>9.58878e-017,0.912701,0.408627,0,-1,4.71133e-017,1.29427e-016,0,-9.88766e-017,0.408627,-0.912701,0,-4.49927e-015,28.2502,0.713847,1</mat>
				</frame>
				<frame num='26'>
					<mat>8.41779e-017,0.957413,0.288722,0,-1,5.29163e-017,1.16081e-016,0,-9.58599e-017,0.288722,-0.957413,0,-4.51665e-015,28.2488,0.42623,1</mat>
				</frame>
				<frame num='27'>
					<mat>7.27273e-017,0.982954,0.183849,0,-1,5.99512e-017,7.50509e-017,0,-6.27496e-017,0.183849,-0.982954,0,-4.53155e-015,28.248,0.180918,1</mat>
				</frame>
				<frame num='28'>
					<mat>6.96402e-017,0.993106,0.11722,0,-1,5.97515e-017,8.78737e-017,0,-8.02638e-017,0.11722,-0.993106,0,-4.54095e-015,28.2477,0.0266428,1</mat>
				</frame>
				<frame num='29'>
					<mat>6.83869e-017,0.994522,0.104528,0,-1,6.01429e-017,8.20205e-017,0,-7.52845e-017,0.104528,-0.994522,0,-4.54273e-015,28.2476,-0.0027387,1</mat>
				</frame>
				<frame num='30'>
					<mat>6.83869e-017,0.994522,0.104528,0,-1,6.01429e-017,8.20205e-017,0,-7.52845e-017,0.104528,-0.994522,0,-4.54273e-015,28.2476,-0.0027387,1</mat>
				</frame>
				<frame num='31'>
					<mat>6.83869e-017,0.994522,0.104528,0,-1,6.01429e-017,8.20205e-017,0,-7.52845e-017,0.104528,-0.994522,0,-4.54273e-015,28.2476,-0.0027387,1</mat>
				</frame>
				<frame num='32'>
					<mat>6.83869e-017,0.994522,0.104528,0,-1,6.01429e-017,8.20205e-017,0,-7.52845e-017,0.104528,-0.994522,0,-4.54273e-015,28.2476,-0.0027387,1</mat>
				</frame>
				<frame num='33'>
					<mat>6.83869e-017,0.994522,0.104528,0,-1,6.01429e-017,8.20205e-017,0,-7.52845e-017,0.104528,-0.994522,0,-4.54273e-015,28.2476,-0.0027387,1</mat>
				</frame>
				<frame num='34'>
					<mat>6.83869e-017,0.994522,0.104528,0,-1,6.01429e-017,8.20205e-017,0,-7.52845e-017,0.104528,-0.994522,0,-4.54273e-015,28.2476,-0.0027387,1</mat>
				</frame>
				<frame num='35'>
					<mat>6.83869e-017,0.994522,0.104528,0,-1,6.01429e-017,8.20205e-017,0,-7.52845e-017,0.104528,-0.994522,0,-4.54273e-015,28.2476,-0.0027387,1</mat>
				</frame>
				<frame num='36'>
					<mat>6.83869e-017,0.994522,0.104528,0,-1,6.01429e-017,8.20205e-017,0,-7.52845e-017,0.104528,-0.994522,0,-4.54273e-015,28.2476,-0.0027387,1</mat>
				</frame>
				<frame num='37'>
					<mat>6.83869e-017,0.994522,0.104528,0,-1,6.01429e-017,8.20205e-017,0,-7.52845e-017,0.104528,-0.994522,0,-4.54273e-015,28.2476,-0.0027387,1</mat>
				</frame>
				<frame num='38'>
					<mat>6.83869e-017,0.994522,0.104528,0,-1,6.01429e-017,8.20205e-017,0,-7.52845e-017,0.104528,-0.994522,0,-4.54273e-015,28.2476,-0.0027387,1</mat>
				</frame>
				<frame num='39'>
					<mat>6.83869e-017,0.994522,0.104528,0,-1,6.01429e-017,8.20205e-017,0,-7.52845e-017,0.104528,-0.994522,0,-4.54273e-015,28.2476,-0.0027387,1</mat>
				</frame>
				<frame num='40'>
					<mat>6.83869e-017,0.994522,0.104528,0,-1,6.01429e-017,8.20205e-017,0,-7.52845e-017,0.104528,-0.994522,0,-4.54273e-015,28.2476,-0.0027387,1</mat>
				</frame>
				<frame num='41'>
					<mat>6.83869e-017,0.994522,0.104528,0,-1,6.01429e-017,8.20205e-017,0,-7.52845e-017,0.104528,-0.994522,0,-4.54273e-015,28.2476,-0.0027387,1</mat>
				</frame>
				<frame num='42'>
					<mat>6.83869e-017,0.994522,0.104528,0,-1,6.01429e-017,8.20205e-017,0,-7.52845e-017,0.104528,-0.994522,0,-4.54273e-015,28.2476,-0.0027387,1</mat>
				</frame>
				<frame num='43'>
					<mat>6.83869e-017,0.994522,0.104528,0,-1,6.01429e-017,8.20205e-017,0,-7.52845e-017,0.104528,-0.994522,0,-4.54273e-015,28.2476,-0.0027387,1</mat>
				</frame>
				<frame num='44'>
					<mat>6.83869e-017,0.994522,0.104528,0,-1,6.01429e-017,8.20205e-017,0,-7.52845e-017,0.104528,-0.994522,0,-4.54273e-015,28.2476,-0.0027387,1</mat>
				</frame>
				<frame num='45'>
					<mat>6.83869e-017,0.994522,0.104528,0,-1,6.01429e-017,8.20205e-017,0,-7.52845e-017,0.104528,-0.994522,0,-4.54273e-015,28.2476,-0.0027387,1</mat>
				</frame>
				<frame num='46'>
					<mat>6.83869e-017,0.994522,0.104528,0,-1,6.01429e-017,8.20205e-017,0,-7.52845e-017,0.104528,-0.994522,0,-4.54273e-015,28.2476,-0.0027387,1</mat>
				</frame>
				<frame num='47'>
					<mat>6.83869e-017,0.994522,0.104528,0,-1,6.01429e-017,8.20205e-017,0,-7.52845e-017,0.104528,-0.994522,0,-4.54273e-015,28.2476,-0.0027387,1</mat>
				</frame>
			</track>
			<track id = '2' name='JNT_Spine01'>
				<frame num='0'>
					<mat>5.37976e-017,0.987655,-0.156642,0,-1,5.86775e-017,2.65283e-017,0,-3.53922e-017,-0.156642,-0.987655,0,-4.84857e-015,30.2395,0.193795,1</mat>
				</frame>
				<frame num='1'>
					<mat>5.32684e-017,0.98661,-0.163097,0,-1,5.83791e-017,2.65422e-017,0,-3.57083e-017,-0.163097,-0.98661,0,-4.82467e-015,29.9494,-0.235431,1</mat>
				</frame>
				<frame num='2'>
					<mat>5.33945e-017,0.984188,-0.177124,0,-1,5.79833e-017,2.07313e-017,0,-3.06737e-017,-0.177124,-0.984188,0,-4.7713e-015,29.3176,-1.1698,1</mat>
				</frame>
				<frame num='3'>
					<mat>5.36703e-017,0.980501,-0.196517,0,-1,5.72992e-017,1.27807e-017,0,-2.37917e-017,-0.196517,-0.980501,0,-4.72506e-015,28.4407,-2.46559,1</mat>
				</frame>
				<frame num='4'>
					<mat>5.20503e-017,0.975689,-0.219159,0,-1,5.61195e-017,1.23423e-017,0,-2.43414e-017,-0.219159,-0.975689,0,-4.66951e-015,27.4115,-3.9852,1</mat>
				</frame>
				<frame num='5'>
					<mat>5.11731e-017,0.970037,-0.242958,0,-1,5.48752e-017,8.47015e-018,0,-2.15487e-017,-0.242958,-0.970037,0,-4.57607e-015,26.3228,-5.59102,1</mat>
				</frame>
				<frame num='6'>
					<mat>5.05292e-017,0.964031,-0.26579,0,-1,5.35884e-017,4.25759e-018,0,-1.83477e-017,-0.26579,-0.964031,0,-4.48584e-015,25.2709,-7.1409,1</mat>
				</frame>
				<frame num='7'>
					<mat>4.98577e-017,0.958354,-0.285584,0,-1,5.23864e-017,1.21524e-018,0,-1.61253e-017,-0.285584,-0.958354,0,-4.43624e-015,24.3525,-8.49273,1</mat>
				</frame>
				<frame num='8'>
					<mat>4.90403e-017,0.953819,-0.300383,0,-1,5.1467e-017,1.66341e-019,0,-1.56185e-017,-0.300383,-0.953819,0,-4.3997e-015,23.6616,-9.50888,1</mat>
				</frame>
				<frame num='9'>
					<mat>4.85905e-017,0.951309,-0.308239,0,-1,5.09823e-017,-2.94136e-019,0,-1.54349e-017,-0.308239,-0.951309,0,-4.36859e-015,23.2933,-10.0489,1</mat>
				</frame>
				<frame num='10'>
					<mat>4.80828e-017,0.962425,-0.271546,0,-1,5.45379e-017,1.62251e-017,0,-3.0425e-017,-0.271546,-0.962425,0,-4.35099e-015,23.2596,-9.98906,1</mat>
				</frame>
				<frame num='11'>
					<mat>2.1836e-016,0.863506,0.504339,0,-1,1.6676e-016,1.47444e-016,0,-4.3215e-017,0.504339,-0.863506,0,-3.44009e-015,22.9558,2.07602,1</mat>
				</frame>
				<frame num='12'>
					<mat>2.65378e-016,0.563105,0.826385,0,-1,9.19917e-017,2.58447e-016,0,-6.95122e-017,0.826385,-0.563105,0,-2.46172e-015,23.1455,19.7171,1</mat>
				</frame>
				<frame num='13'>
					<mat>2.08487e-016,0.750673,0.660674,0,-1,7.90392e-017,2.25761e-016,0,-1.17254e-016,0.660674,-0.750673,0,-3.01275e-015,24.9514,16.0593,1</mat>
				</frame>
				<frame num='14'>
					<mat>1.32545e-017,0.91322,0.407468,0,-1,-8.82607e-018,5.231e-017,0,-5.13668e-017,0.407468,-0.91322,0,-3.72609e-015,27.1029,12.3925,1</mat>
				</frame>
				<frame num='15'>
					<mat>-1.66067e-017,0.993764,0.111507,0,-1,-1.68166e-017,9.41256e-019,0,-2.81056e-018,0.111507,-0.993764,0,-4.39713e-015,29.2337,8.86691,1</mat>
				</frame>
				<frame num='16'>
					<mat>-9.824e-017,0.987462,-0.157855,0,-1,-1.07417e-016,-4.96046e-017,0,6.5939e-017,-0.157855,-0.987462,0,-4.78334e-015,31.0001,5.94071,1</mat>
				</frame>
				<frame num='17'>
					<mat>9.12898e-017,0.94053,-0.33971,0,-1,1.05367e-016,2.29937e-017,0,-5.74205e-017,-0.33971,-0.94053,0,-4.95075e-015,32.0556,4.11827,1</mat>
				</frame>
				<frame num='18'>
					<mat>5.82825e-017,0.913659,-0.406481,0,-1,6.09135e-017,-6.46605e-018,0,-1.88524e-017,-0.406481,-0.913659,0,-5.01824e-015,32.1893,3.4874,1</mat>
				</frame>
				<frame num='19'>
					<mat>4.40117e-017,0.921657,-0.388006,0,-1,4.58953e-017,-4.41228e-018,0,-1.3741e-017,-0.388006,-0.921657,0,-4.95679e-015,31.817,3.19822,1</mat>
				</frame>
				<frame num='20'>
					<mat>6.3286e-017,0.948641,-0.316356,0,-1,6.27912e-017,-1.17578e-017,0,-8.71048e-018,-0.316356,-0.948641,0,-4.87015e-015,31.1897,3.00539,1</mat>
				</frame>
				<frame num='21'>
					<mat>6.55145e-017,0.975546,-0.219794,0,-1,6.71621e-017,2.37417e-020,0,-1.4785e-017,-0.219794,-0.975546,0,-4.7655e-015,30.5128,2.85775,1</mat>
				</frame>
				<frame num='22'>
					<mat>1.46356e-016,0.991372,-0.131082,0,-1,1.53791e-016,4.65937e-017,0,-6.6351e-017,-0.131082,-0.991372,0,-4.51063e-015,29.997,2.69042,1</mat>
				</frame>
				<frame num='23'>
					<mat>5.14145e-017,0.996364,-0.0851961,0,-1,5.67163e-017,5.981e-017,0,-6.44245e-017,-0.0851961,-0.996364,0,-4.67154e-015,29.8518,2.43763,1</mat>
				</frame>
				<frame num='24'>
					<mat>5.15085e-017,0.9962,-0.0870933,0,-1,5.73502e-017,6.45716e-017,0,-6.93211e-017,-0.0870933,-0.9962,0,-4.7001e-015,29.9694,2.0419,1</mat>
				</frame>
				<frame num='25'>
					<mat>5.04087e-017,0.993801,-0.111173,0,-1,5.75378e-017,6.09175e-017,0,-6.69366e-017,-0.111173,-0.993801,0,-4.75312e-015,30.0867,1.53608,1</mat>
				</frame>
				<frame num='26'>
					<mat>5.34864e-017,0.989657,-0.143454,0,-1,5.88451e-017,3.31125e-017,0,-4.12116e-017,-0.143454,-0.989657,0,-4.79406e-015,30.1753,1.00719,1</mat>
				</frame>
				<frame num='27'>
					<mat>6.10493e-017,0.985433,-0.170065,0,-1,6.05342e-017,-8.21382e-018,0,-2.20059e-018,-0.170065,-0.985433,0,-4.83201e-015,30.2259,0.550858,1</mat>
				</frame>
				<frame num='28'>
					<mat>5.09322e-017,0.984085,-0.177699,0,-1,5.83756e-017,3.66594e-017,0,-4.64492e-017,-0.177699,-0.984085,0,-4.84761e-015,30.246,0.262512,1</mat>
				</frame>
				<frame num='29'>
					<mat>5.18104e-017,0.987205,-0.159457,0,-1,5.90071e-017,4.03975e-017,0,-4.92897e-017,-0.159457,-0.987205,0,-4.85192e-015,30.2488,0.207593,1</mat>
				</frame>
				<frame num='30'>
					<mat>5.38172e-017,0.987688,-0.156434,0,-1,5.86898e-017,2.65284e-017,0,-3.53829e-017,-0.156434,-0.987688,0,-4.85192e-015,30.2488,0.207593,1</mat>
				</frame>
				<frame num='31'>
					<mat>5.38172e-017,0.987688,-0.156434,0,-1,5.86898e-017,2.65284e-017,0,-3.53829e-017,-0.156434,-0.987688,0,-4.85192e-015,30.2488,0.207593,1</mat>
				</frame>
				<frame num='32'>
					<mat>5.38172e-017,0.987688,-0.156434,0,-1,5.86898e-017,2.65284e-017,0,-3.53829e-017,-0.156434,-0.987688,0,-4.85192e-015,30.2488,0.207593,1</mat>
				</frame>
				<frame num='33'>
					<mat>5.38172e-017,0.987688,-0.156434,0,-1,5.86898e-017,2.65284e-017,0,-3.53829e-017,-0.156434,-0.987688,0,-4.85192e-015,30.2488,0.207593,1</mat>
				</frame>
				<frame num='34'>
					<mat>5.38172e-017,0.987688,-0.156434,0,-1,5.86898e-017,2.65284e-017,0,-3.53829e-017,-0.156434,-0.987688,0,-4.85192e-015,30.2488,0.207593,1</mat>
				</frame>
				<frame num='35'>
					<mat>5.38172e-017,0.987688,-0.156434,0,-1,5.86898e-017,2.65284e-017,0,-3.53829e-017,-0.156434,-0.987688,0,-4.85192e-015,30.2488,0.207593,1</mat>
				</frame>
				<frame num='36'>
					<mat>5.38172e-017,0.987688,-0.156434,0,-1,5.86898e-017,2.65284e-017,0,-3.53829e-017,-0.156434,-0.987688,0,-4.85192e-015,30.2488,0.207593,1</mat>
				</frame>
				<frame num='37'>
					<mat>5.38172e-017,0.987688,-0.156434,0,-1,5.86898e-017,2.65284e-017,0,-3.53829e-017,-0.156434,-0.987688,0,-4.85192e-015,30.2488,0.207593,1</mat>
				</frame>
				<frame num='38'>
					<mat>5.38172e-017,0.987688,-0.156434,0,-1,5.86898e-017,2.65284e-017,0,-3.53829e-017,-0.156434,-0.987688,0,-4.85192e-015,30.2488,0.207593,1</mat>
				</frame>
				<frame num='39'>
					<mat>5.38172e-017,0.987688,-0.156434,0,-1,5.86898e-017,2.65284e-017,0,-3.53829e-017,-0.156434,-0.987688,0,-4.85192e-015,30.2488,0.207593,1</mat>
				</frame>
				<frame num='40'>
					<mat>5.38172e-017,0.987688,-0.156434,0,-1,5.86898e-017,2.65284e-017,0,-3.53829e-017,-0.156434,-0.987688,0,-4.85192e-015,30.2488,0.207593,1</mat>
				</frame>
				<frame num='41'>
					<mat>5.38172e-017,0.987688,-0.156434,0,-1,5.86898e-017,2.65284e-017,0,-3.53829e-017,-0.156434,-0.987688,0,-4.85192e-015,30.2488,0.207593,1</mat>
				</frame>
				<frame num='42'>
					<mat>5.38172e-017,0.987688,-0.156434,0,-1,5.86898e-017,2.65284e-017,0,-3.53829e-017,-0.156434,-0.987688,0,-4.85192e-015,30.2488,0.207593,1</mat>
				</frame>
				<frame num='43'>
					<mat>5.38172e-017,0.987688,-0.156434,0,-1,5.86898e-017,2.65284e-017,0,-3.53829e-017,-0.156434,-0.987688,0,-4.85192e-015,30.2488,0.207593,1</mat>
				</frame>
				<frame num='44'>
					<mat>5.38172e-017,0.987688,-0.156434,0,-1,5.86898e-017,2.65284e-017,0,-3.53829e-017,-0.156434,-0.987688,0,-4.85192e-015,30.2488,0.207593,1</mat>
				</frame>
				<frame num='45'>
					<mat>5.38172e-017,0.987688,-0.156434,0,-1,5.86898e-017,2.65284e-017,0,-3.53829e-017,-0.156434,-0.987688,0,-4.85192e-015,30.2488,0.207593,1</mat>
				</frame>
				<frame num='46'>
					<mat>5.38172e-017,0.987688,-0.156434,0,-1,5.86898e-017,2.65284e-017,0,-3.53829e-017,-0.156434,-0.987688,0,-4.85192e-015,30.2488,0.207593,1</mat>
				</frame>
				<frame num='47'>
					<mat>5.38172e-017,0.987688,-0.156434,0,-1,5.86898e-017,2.65284e-017,0,-3.53829e-017,-0.156434,-0.987688,0,-4.85192e-015,30.2488,0.207593,1</mat>
				</frame>
			</track>
			<track id = '3' name='JNT_Spine02'>
				<frame num='0'>
					<mat>6.53319e-017,0.992572,0.121661,0,-1,5.91677e-017,5.42796e-017,0,-4.6678e-017,0.121661,-0.992572,0,-5.45743e-015,33.8137,-0.373074,1</mat>
				</frame>
				<frame num='1'>
					<mat>6.49102e-017,0.993346,0.115167,0,-1,5.90507e-017,5.42897e-017,0,-4.71277e-017,0.115167,-0.993346,0,-5.43545e-015,33.5198,-0.825661,1</mat>
				</frame>
				<frame num='2'>
					<mat>6.36437e-017,0.994885,0.101016,0,-1,5.90499e-017,4.84663e-017,0,-4.22534e-017,0.101016,-0.994885,0,-5.38163e-015,32.8792,-1.81079,1</mat>
				</frame>
				<frame num='3'>
					<mat>6.20119e-017,0.996685,0.0813587,0,-1,5.8913e-017,4.04893e-017,0,-3.5562e-017,0.0813587,-0.996685,0,-5.33439e-015,31.9891,-3.17676,1</mat>
				</frame>
				<frame num='4'>
					<mat>6.06062e-017,0.998301,0.0582668,0,-1,5.83743e-017,4.00061e-017,0,-3.65369e-017,0.0582668,-0.998301,0,-5.2847e-015,30.9424,-4.77831,1</mat>
				</frame>
				<frame num='5'>
					<mat>5.89932e-017,0.999428,0.033832,0,-1,5.78059e-017,3.60706e-017,0,-3.40942e-017,0.033832,-0.999428,0,-5.19443e-015,29.8333,-6.47025,1</mat>
				</frame>
				<frame num='6'>
					<mat>5.74919e-017,0.999948,0.0102292,0,-1,5.71698e-017,3.17811e-017,0,-3.11947e-017,0.0102292,-0.999948,0,-5.10654e-015,28.7596,-8.10276,1</mat>
				</frame>
				<frame num='7'>
					<mat>5.62338e-017,0.999946,-0.0103627,0,-1,5.65339e-017,2.86592e-017,0,-2.92435e-017,-0.0103627,-0.999946,0,-5.05936e-015,27.8207,-9.52623,1</mat>
				</frame>
				<frame num='8'>
					<mat>5.53084e-017,0.999666,-0.025839,0,-1,5.60388e-017,2.75428e-017,0,-2.89816e-017,-0.025839,-0.999666,0,-5.02578e-015,27.1133,-10.5959,1</mat>
				</frame>
				<frame num='9'>
					<mat>5.48255e-017,0.999419,-0.0340819,0,-1,5.57796e-017,2.70437e-017,0,-2.89291e-017,-0.0340819,-0.999419,0,-4.9963e-015,26.736,-11.1643,1</mat>
				</frame>
				<frame num='10'>
					<mat>6.16591e-017,0.999995,0.00303617,0,-1,6.14562e-017,6.69245e-017,0,-6.67376e-017,0.00303617,-0.999995,0,-4.98054e-015,26.7425,-10.9718,1</mat>
				</frame>
				<frame num='11'>
					<mat>2.29463e-016,0.69663,0.717431,0,-1,1.32534e-016,1.91148e-016,0,-3.80756e-017,0.717431,-0.69663,0,-3.45342e-015,26.0807,3.90117,1</mat>
				</frame>
				<frame num='12'>
					<mat>2.77948e-016,0.331032,0.943619,0,-1,6.72201e-017,2.70974e-016,0,-2.62707e-017,0.943619,-0.331032,0,-2.3049e-015,25.1833,22.7077,1</mat>
				</frame>
				<frame num='13'>
					<mat>2.35122e-016,0.565934,0.824451,0,-1,5.30676e-017,2.48758e-016,0,-9.70291e-017,0.824451,-0.565934,0,-3.06181e-015,27.668,18.4502,1</mat>
				</frame>
				<frame num='14'>
					<mat>2.82669e-017,0.794102,0.607785,0,-1,-2.41239e-017,7.80271e-017,0,-7.66236e-017,0.607785,-0.794102,0,-4.48168e-015,30.4077,13.8671,1</mat>
				</frame>
				<frame num='15'>
					<mat>-1.10026e-017,0.945236,0.326388,0,-1,-2.59879e-017,4.15519e-017,0,-4.77585e-017,0.326388,-0.945236,0,-5.26078e-015,32.83,9.27044,1</mat>
				</frame>
				<frame num='16'>
					<mat>-1.05463e-016,0.998639,0.0521485,0,-1,-1.05187e-016,-8.02734e-018,0,2.53107e-018,0.0521485,-0.998639,0,-5.94241e-015,34.5736,5.36945,1</mat>
				</frame>
				<frame num='17'>
					<mat>1.0464e-016,0.990016,-0.140958,0,-1,1.13762e-016,5.66598e-017,0,-7.21298e-017,-0.140958,-0.990016,0,-5.42394e-015,35.4593,2.8889,1</mat>
				</frame>
				<frame num='18'>
					<mat>6.49689e-017,0.977429,-0.211262,0,-1,7.31797e-017,3.10468e-017,0,-4.58062e-017,-0.211262,-0.977429,0,-5.61087e-015,35.4957,2.0164,1</mat>
				</frame>
				<frame num='19'>
					<mat>5.03116e-017,0.982584,-0.185819,0,-1,5.79075e-017,3.54505e-017,0,-4.55934e-017,-0.185819,-0.982584,0,-5.60107e-015,35.1524,1.79407,1</mat>
				</frame>
				<frame num='20'>
					<mat>6.82289e-017,0.994894,-0.100923,0,-1,7.15156e-017,2.89481e-017,0,-3.60178e-017,-0.100923,-0.994894,0,-5.44468e-015,34.6227,1.86054,1</mat>
				</frame>
				<frame num='21'>
					<mat>7.19676e-017,0.999951,0.00993925,0,-1,7.15594e-017,4.14244e-017,0,-4.07111e-017,0.00993925,-0.999951,0,-5.33197e-015,34.0431,2.06234,1</mat>
				</frame>
				<frame num='22'>
					<mat>1.61601e-016,0.99391,0.110198,0,-1,1.54108e-016,7.65166e-017,0,-5.90683e-017,0.110198,-0.99391,0,-4.78454e-015,33.5846,2.21605,1</mat>
				</frame>
				<frame num='23'>
					<mat>7.09371e-017,0.986488,0.163837,0,-1,5.50664e-017,1.01411e-016,0,-9.10184e-017,0.163837,-0.986488,0,-5.28903e-015,33.4576,2.12931,1</mat>
				</frame>
				<frame num='24'>
					<mat>7.44735e-017,0.985749,0.168222,0,-1,5.50662e-017,1.20032e-016,0,-1.09058e-016,0.168222,-0.985749,0,-5.31725e-015,33.5745,1.72671,1</mat>
				</frame>
				<frame num='25'>
					<mat>7.14865e-017,0.988596,0.150592,0,-1,5.66917e-017,1.02538e-016,0,-9.2831e-017,0.150592,-0.988596,0,-5.37425e-015,33.6831,1.13376,1</mat>
				</frame>
				<frame num='26'>
					<mat>6.93693e-017,0.992259,0.124188,0,-1,5.93611e-017,8.42892e-017,0,-7.62647e-017,0.124188,-0.992259,0,-5.40405e-015,33.7568,0.488052,1</mat>
				</frame>
				<frame num='27'>
					<mat>6.69415e-017,0.994745,0.102381,0,-1,6.24305e-017,4.72649e-017,0,-4.06248e-017,0.102381,-0.994745,0,-5.41463e-015,33.7921,-0.0645875,1</mat>
				</frame>
				<frame num='28'>
					<mat>6.93561e-017,0.995154,0.0983282,0,-1,6.05913e-017,9.2124e-017,0,-8.57197e-017,0.0983282,-0.995154,0,-5.46685e-015,33.8073,-0.380561,1</mat>
				</frame>
				<frame num='29'>
					<mat>6.91671e-017,0.992937,0.118643,0,-1,5.98587e-017,8.20204e-017,0,-7.43393e-017,0.118643,-0.992937,0,-5.46798e-015,33.8214,-0.369464,1</mat>
				</frame>
				<frame num='30'>
					<mat>6.53481e-017,0.992546,0.121869,0,-1,5.91742e-017,5.42797e-017,0,-4.66636e-017,0.121869,-0.992546,0,-5.46072e-015,33.8231,-0.358525,1</mat>
				</frame>
				<frame num='31'>
					<mat>6.53481e-017,0.992546,0.121869,0,-1,5.91742e-017,5.42797e-017,0,-4.66636e-017,0.121869,-0.992546,0,-5.46072e-015,33.8231,-0.358525,1</mat>
				</frame>
				<frame num='32'>
					<mat>6.53481e-017,0.992546,0.121869,0,-1,5.91742e-017,5.42797e-017,0,-4.66636e-017,0.121869,-0.992546,0,-5.46072e-015,33.8231,-0.358525,1</mat>
				</frame>
				<frame num='33'>
					<mat>6.53481e-017,0.992546,0.121869,0,-1,5.91742e-017,5.42797e-017,0,-4.66636e-017,0.121869,-0.992546,0,-5.46072e-015,33.8231,-0.358525,1</mat>
				</frame>
				<frame num='34'>
					<mat>6.53481e-017,0.992546,0.121869,0,-1,5.91742e-017,5.42797e-017,0,-4.66636e-017,0.121869,-0.992546,0,-5.46072e-015,33.8231,-0.358525,1</mat>
				</frame>
				<frame num='35'>
					<mat>6.53481e-017,0.992546,0.121869,0,-1,5.91742e-017,5.42797e-017,0,-4.66636e-017,0.121869,-0.992546,0,-5.46072e-015,33.8231,-0.358525,1</mat>
				</frame>
				<frame num='36'>
					<mat>6.53481e-017,0.992546,0.121869,0,-1,5.91742e-017,5.42797e-017,0,-4.66636e-017,0.121869,-0.992546,0,-5.46072e-015,33.8231,-0.358525,1</mat>
				</frame>
				<frame num='37'>
					<mat>6.53481e-017,0.992546,0.121869,0,-1,5.91742e-017,5.42797e-017,0,-4.66636e-017,0.121869,-0.992546,0,-5.46072e-015,33.8231,-0.358525,1</mat>
				</frame>
				<frame num='38'>
					<mat>6.53481e-017,0.992546,0.121869,0,-1,5.91742e-017,5.42797e-017,0,-4.66636e-017,0.121869,-0.992546,0,-5.46072e-015,33.8231,-0.358525,1</mat>
				</frame>
				<frame num='39'>
					<mat>6.53481e-017,0.992546,0.121869,0,-1,5.91742e-017,5.42797e-017,0,-4.66636e-017,0.121869,-0.992546,0,-5.46072e-015,33.8231,-0.358525,1</mat>
				</frame>
				<frame num='40'>
					<mat>6.53481e-017,0.992546,0.121869,0,-1,5.91742e-017,5.42797e-017,0,-4.66636e-017,0.121869,-0.992546,0,-5.46072e-015,33.8231,-0.358525,1</mat>
				</frame>
				<frame num='41'>
					<mat>6.53481e-017,0.992546,0.121869,0,-1,5.91742e-017,5.42797e-017,0,-4.66636e-017,0.121869,-0.992546,0,-5.46072e-015,33.8231,-0.358525,1</mat>
				</frame>
				<frame num='42'>
					<mat>6.53481e-017,0.992546,0.121869,0,-1,5.91742e-017,5.42797e-017,0,-4.66636e-017,0.121869,-0.992546,0,-5.46072e-015,33.8231,-0.358525,1</mat>
				</frame>
				<frame num='43'>
					<mat>6.53481e-017,0.992546,0.121869,0,-1,5.91742e-017,5.42797e-017,0,-4.66636e-017,0.121869,-0.992546,0,-5.46072e-015,33.8231,-0.358525,1</mat>
				</frame>
				<frame num='44'>
					<mat>6.53481e-017,0.992546,0.121869,0,-1,5.91742e-017,5.42797e-017,0,-4.66636e-017,0.121869,-0.992546,0,-5.46072e-015,33.8231,-0.358525,1</mat>
				</frame>
				<frame num='45'>
					<mat>6.53481e-017,0.992546,0.121869,0,-1,5.91742e-017,5.42797e-017,0,-4.66636e-017,0.121869,-0.992546,0,-5.46072e-015,33.8231,-0.358525,1</mat>
				</frame>
				<frame num='46'>
					<mat>6.53481e-017,0.992546,0.121869,0,-1,5.91742e-017,5.42797e-017,0,-4.66636e-017,0.121869,-0.992546,0,-5.46072e-015,33.8231,-0.358525,1</mat>
				</frame>
				<frame num='47'>
					<mat>6.53481e-017,0.992546,0.121869,0,-1,5.91742e-017,5.42797e-017,0,-4.66636e-017,0.121869,-0.992546,0,-5.46072e-015,33.8231,-0.358525,1</mat>
				</frame>
			</track>
			<track id = '4' name='JNT_Spine03'>
				<frame num='0'>
					<mat>0.995753,0.0696322,0.0602333,0,-0.063963,0.993757,-0.0914143,0,0.0662226,-0.0871734,-0.99399,0,-7.91994e-015,49.4104,1.53864,1</mat>
				</frame>
				<frame num='1'>
					<mat>0.995753,0.0700246,0.0597767,0,-0.063963,0.993138,-0.0979108,0,0.0662226,-0.0936715,-0.993398,0,-7.90458e-015,49.1287,0.984019,1</mat>
				</frame>
				<frame num='2'>
					<mat>0.995753,0.0708684,0.0587739,0,-0.063963,0.991643,-0.112038,0,0.0662226,-0.107802,-0.991964,0,-7.87066e-015,48.5123,-0.223476,1</mat>
				</frame>
				<frame num='3'>
					<mat>0.995753,0.0720147,0.0573636,0,-0.063963,0.989239,-0.13159,0,0.0662226,-0.127361,-0.989643,0,-7.84906e-015,47.6504,-1.89833,1</mat>
				</frame>
				<frame num='4'>
					<mat>0.995753,0.0733232,0.0556813,0,-0.063963,0.985928,-0.154452,0,0.0662226,-0.150234,-0.98643,0,-7.82146e-015,46.6292,-3.86274,1</mat>
				</frame>
				<frame num='5'>
					<mat>0.995753,0.0746632,0.0538712,0,-0.063963,0.981855,-0.17852,0,0.0662226,-0.174316,-0.98246,0,-7.75653e-015,45.5377,-5.93863,1</mat>
				</frame>
				<frame num='6'>
					<mat>0.995753,0.0759141,0.0520936,0,-0.063963,0.977367,-0.201649,0,0.0662226,-0.197461,-0.978071,0,-7.69223e-015,44.4723,-7.94203,1</mat>
				</frame>
				<frame num='7'>
