<?xml version='1.0' encoding='UTF-8' ?>
<itpanim>
	<skeleton count='38'>
		<joint id='0' name='JNT_Root' parent='0'>
			<mat>6.12323e-017,-0.1167,-0.993167,0,0,0.993167,-0.1167,0,1,7.14578e-018,6.0814e-017,0,0,0,0,1</mat>
		</joint>
		<joint id='1' name='JNT_COG' parent='0'>
			<mat>2.83277e-016,0.193115,0.981176,96.3711,0,0.981176,-0.193115,-7.47116,-1,5.47051e-017,2.77945e-016,-3.20144e-014,0,0,0,1</mat>
		</joint>
		<joint id='2' name='JNT_TailA' parent='1'>
			<mat>2.83277e-016,0.255236,0.966879,76.2686,0,0.966879,-0.255236,-12.3556,-1,7.23026e-017,2.73894e-016,9.52192e-013,0,0,0,1</mat>
		</joint>
		<joint id='3' name='JNT_TailB' parent='2'>
			<mat>2.83277e-016,0.254402,0.967099,57.8627,0,0.967099,-0.254402,-12.3056,-1,7.20662e-017,2.73957e-016,9.36168e-013,0,0,0,1</mat>
		</joint>
		<joint id='4' name='JNT_TailC' parent='3'>
			<mat>6.12323e-017,0.359,0.933337,42.7602,0,0.933337,-0.359,-17.1017,-1,2.19824e-017,5.71504e-017,9.29155e-013,0,0,0,1</mat>
		</joint>
		<joint id='5' name='JNT_TailD' parent='4'>
			<mat>2.83277e-016,0.600616,0.799537,23.4731,0,0.799537,-0.600616,-24.4554,-1,1.70141e-016,2.2649e-016,9.10112e-013,0,0,0,1</mat>
		</joint>
		<joint id='6' name='JNT_TailE' parent='5'>
			<mat>6.12323e-017,0.840414,0.541945,-4.57352,0,0.541945,-0.840414,-24.3808,-1,5.14605e-017,3.31846e-017,8.84015e-013,0,0,0,1</mat>
		</joint>
		<joint id='7' name='JNT_TailTip' parent='6'>
			<mat>1,-2.4955e-017,-7.32938e-017,-8.25568e-013,-7.35459e-017,-0.0102583,-0.999947,-3.53651,2.42018e-017,0.999947,-0.0102583,-38.9227,0,0,0,1</mat>
		</joint>
		<joint id='8' name='JNT_SpineA' parent='1'>
			<mat>2.83277e-016,0.428075,-0.903743,-97.9737,0,-0.903743,-0.428075,-54.7962,-1,1.21264e-016,-2.5601e-016,-1.07587e-013,0,0,0,1</mat>
		</joint>
		<joint id='9' name='JNT_Chest' parent='8'>
			<mat>6.12323e-017,1.22465e-016,-1,-128,0,-1,-1.22465e-016,-0.00268519,-1,7.4988e-033,-6.12323e-017,-1.37806e-013,0,0,0,1</mat>
		</joint>
		<joint id='10' name='JNT_Neck' parent='9'>
			<mat>6.12323e-017,0.180589,-0.983559,-157.369,0,-0.983559,-0.180589,-28.8999,-1,1.10579e-017,-6.02256e-017,-1.30316e-013,0,0,0,1</mat>
		</joint>
		<joint id='11' name='JNT_Head' parent='10'>
			<mat>1,-1.12268e-016,3.04952e-016,2.04268e-013,3.04941e-016,-9.58738e-005,-1,-176,1.12297e-016,1,-9.58738e-005,-2.94888,0,0,0,1</mat>
		</joint>
		<joint id='12' name='JNT_L_Shoulder' parent='9'>
			<mat>0.902838,0.0523607,0.426781,48.8338,0.426051,0.024951,-0.904355,-136.004,-0.0580013,0.998316,0.000218368,-3.18963,0,0,0,1</mat>
		</joint>
		<joint id='13' name='JNT_L_Arm' parent='12'>
			<mat>0.967318,-0.097665,0.234001,8.72578,0.232843,-0.0232604,-0.972236,-140.359,0.100396,0.994947,0.000240344,-7.12382,0,0,0,1</mat>
		</joint>
		<joint id='14' name='JNT_L_Elbow' parent='13'>
			<mat>0.832823,-0.544456,0.0998641,-40.8831,0.0836675,-0.0545217,-0.995001,-133.582,0.547179,0.837015,0.000146396,-36.0555,0,0,0,1</mat>
		</joint>
		<joint id='15' name='JNT_L_Wrist' parent='14'>
			<mat>0.544097,-0.817048,0.190763,-37.9706,0.105825,-0.158719,-0.981636,-135.547,0.832322,0.554293,0.000105065,-66.2352,0,0,0,1</mat>
		</joint>
		<joint id='16' name='JNT_L_FingerMiddleA' parent='15'>
			<mat>0.550596,-0.812106,0.193204,-54.1069,0.10853,-0.159841,-0.981159,-135.788,0.827687,0.561191,0.000129706,-65.5752,0,0,0,1</mat>
		</joint>
		<joint id='17' name='JNT_L_FingerMiddleB' parent='16'>
			<mat>0.386998,-0.640784,0.663045,14.9823,0.342889,-0.5675,-0.74858,-147.833,0.855955,0.51705,9.58233e-005,-70.2243,0,0,0,1</mat>
		</joint>
		<joint id='18' name='JNT_L_FingerMiddleC' parent='17'>
			<mat>1,8.37912e-005,-2.88132e-005,-109.559,-2.88247e-005,0.000137185,-1,-112.772,-8.37873e-005,1,0.000137187,45.5587,0,0,0,1</mat>
		</joint>
		<joint id='19' name='JNT_L_FingerOutsideA' parent='15'>
			<mat>0.948911,-0.257431,0.182475,-82.0913,0.176146,-0.0476402,-0.983211,-140.098,0.261802,0.965122,0.000139077,-8.54979,0,0,0,1</mat>
		</joint>
		<joint id='20' name='JNT_L_FingerOutsideB' parent='19'>
			<mat>0.668683,-0.258009,0.697348,2.25824,0.650674,-0.250834,-0.716733,-166.564,0.359843,0.933013,0.000151432,-20.4575,0,0,0,1</mat>
		</joint>
		<joint id='21' name='JNT_L_FingerOutsideC' parent='20'>
			<mat>1,5.61281e-005,-0.000121868,-122.258,-0.00012188,0.00020931,-1,-112.575,-5.61025e-005,1,0.000209317,25.2334,0,0,0,1</mat>
		</joint>
		<joint id='22' name='JNT_L_FingerInsideA' parent='15'>
			<mat>-0.11469,-0.921906,0.370048,26.4594,-0.0457729,-0.367206,-0.929013,-121.6,0.992346,-0.123487,-8.32581e-005,-91.6553,0,0,0,1</mat>
		</joint>
		<joint id='23' name='JNT_L_FingerInsideB' parent='22'>
			<mat>-0.139656,-0.350021,0.926273,108.892,-0.343529,-0.860214,-0.376854,-49.2761,0.9287,-0.370832,-0.00010891,-95.9545,0,0,0,1</mat>
		</joint>
		<joint id='24' name='JNT_L_FingerInsideC' parent='23'>
			<mat>1,4.35384e-005,-2.04809e-005,-85.6933,-2.04914e-005,0.000242374,-1,-108.159,-4.35334e-005,1,0.000242375,44.146,0,0,0,1</mat>
		</joint>
		<joint id='25' name='JNT_R_Shoulder' parent='9'>
			<mat>0.902838,-0.0523607,-0.426781,-48.8339,0.426051,-0.024951,0.904355,136.004,-0.0580013,-0.998316,-0.000218368,3.18963,0,0,0,1</mat>
		</joint>
		<joint id='26' name='JNT_R_Arm' parent='25'>
			<mat>0.967318,0.097665,-0.234001,-8.72576,0.232843,0.0232604,0.972236,140.359,0.100396,-0.994947,-0.000240344,7.12382,0,0,0,1</mat>
		</joint>
		<joint id='27' name='JNT_R_Elbow' parent='26'>
			<mat>0.832823,0.544456,-0.0998641,40.8831,0.0836675,0.0545217,0.995001,133.582,0.547179,-0.837015,-0.000146396,36.0556,0,0,0,1</mat>
		</joint>
		<joint id='28' name='JNT_R_Wrist' parent='27'>
			<mat>0.544097,0.817048,-0.190763,37.9706,0.105825,0.158719,0.981636,135.546,0.832322,-0.554293,-0.000105065,66.2352,0,0,0,1</mat>
		</joint>
		<joint id='29' name='JNT_R_FingerMiddleA' parent='28'>
			<mat>0.550596,0.812106,-0.193204,54.1069,0.10853,0.159841,0.981159,135.787,0.827687,-0.561191,-0.000129706,65.5753,0,0,0,1</mat>
		</joint>
		<joint id='30' name='JNT_R_FingerMiddleB' parent='29'>
			<mat>0.386998,0.640784,-0.663045,-14.9822,0.342889,0.5675,0.74858,147.833,0.855955,-0.51705,-9.58233e-005,70.2243,0,0,0,1</mat>
		</joint>
		<joint id='31' name='JNT_R_FingerMiddleC' parent='30'>
			<mat>1,-8.37912e-005,2.88132e-005,109.559,-2.88247e-005,-0.000137185,1,112.772,-8.37873e-005,-1,-0.000137187,-45.5587,0,0,0,1</mat>
		</joint>
		<joint id='32' name='JNT_R_FingerOutsideA' parent='28'>
			<mat>0.948911,0.257431,-0.182475,82.0917,0.176146,0.0476402,0.983211,140.097,0.261802,-0.965122,-0.000139077,8.54986,0,0,0,1</mat>
		</joint>
		<joint id='33' name='JNT_R_FingerOutsideB' parent='32'>
			<mat>0.668683,0.258009,-0.697348,-2.25783,0.650674,0.250834,0.716733,166.564,0.359843,-0.933013,-0.000151432,20.4577,0,0,0,1</mat>
		</joint>
		<joint id='34' name='JNT_R_FingerOutsideC' parent='33'>
			<mat>1,-5.61281e-005,0.000121868,122.258,-0.00012188,-0.00020931,1,112.575,-5.61025e-005,-1,-0.000209317,-25.2334,0,0,0,1</mat>
		</joint>
		<joint id='35' name='JNT_R_FingerInsideA' parent='28'>
			<mat>-0.11469,0.921906,-0.370048,-26.4593,-0.0457729,0.367206,0.929013,121.6,0.992346,0.123487,8.32581e-005,91.6553,0,0,0,1</mat>
		</joint>
		<joint id='36' name='JNT_R_FingerInsideB' parent='35'>
			<mat>-0.139656,0.350021,-0.926273,-108.892,-0.343529,0.860214,0.376854,49.2761,0.9287,0.370832,0.00010891,95.9544,0,0,0,1</mat>
		</joint>
		<joint id='37' name='JNT_R_FingerInsideC' parent='36'>
			<mat>1,-4.35384e-005,2.04809e-005,85.6933,-2.04914e-005,-0.000242374,1,108.159,-4.35334e-005,-1,-0.000242375,-44.146,0,0,0,1</mat>
		</joint>
	</skeleton>
	<animations>
		<animation name='Unreal Matinee Take' length='51'>
			<track id = '0' name='JNT_Root'>
				<frame num='-1'>
					<mat>7.14578e-018,4.18384e-019,1,0,-0.1167,0.993167,4.18384e-019,0,-0.993167,-0.1167,7.14578e-018,-0,0,0,0,1</mat>
				</frame>
				<frame num='0'>
					<mat>7.14578e-018,4.18384e-019,1,0,-0.1167,0.993167,4.18384e-019,0,-0.993167,-0.1167,7.14578e-018,-0,0,0,0,1</mat>
				</frame>
				<frame num='1'>
					<mat>7.14578e-018,4.18384e-019,1,0,-0.1167,0.993167,4.18384e-019,0,-0.993167,-0.1167,7.14578e-018,-0,0,0,0,1</mat>
				</frame>
				<frame num='2'>
					<mat>7.14578e-018,4.18384e-019,1,0,-0.1167,0.993167,4.18384e-019,0,-0.993167,-0.1167,7.14578e-018,-0,0,0,0,1</mat>
				</frame>
				<frame num='3'>
					<mat>7.14578e-018,4.18384e-019,1,0,-0.1167,0.993167,4.18384e-019,0,-0.993167,-0.1167,7.14578e-018,-0,0,0,0,1</mat>
				</frame>
				<frame num='4'>
					<mat>7.14578e-018,4.18384e-019,1,0,-0.1167,0.993167,4.18384e-019,0,-0.993167,-0.1167,7.14578e-018,-0,0,0,0,1</mat>
				</frame>
				<frame num='5'>
					<mat>7.14578e-018,4.18384e-019,1,0,-0.1167,0.993167,4.18384e-019,0,-0.993167,-0.1167,7.14578e-018,-0,0,0,0,1</mat>
				</frame>
				<frame num='6'>
					<mat>7.14578e-018,4.18384e-019,1,0,-0.1167,0.993167,4.18384e-019,0,-0.993167,-0.1167,7.14578e-018,-0,0,0,0,1</mat>
				</frame>
				<frame num='7'>
					<mat>7.14578e-018,4.18384e-019,1,0,-0.1167,0.993167,4.18384e-019,0,-0.993167,-0.1167,7.14578e-018,-0,0,0,0,1</mat>
				</frame>
				<frame num='8'>
					<mat>7.14578e-018,4.18384e-019,1,0,-0.1167,0.993167,4.18384e-019,0,-0.993167,-0.1167,7.14578e-018,-0,0,0,0,1</mat>
				</frame>
				<frame num='9'>
					<mat>7.14578e-018,4.18384e-019,1,0,-0.1167,0.993167,4.18384e-019,0,-0.993167,-0.1167,7.14578e-018,-0,0,0,0,1</mat>
				</frame>
				<frame num='10'>
					<mat>7.14578e-018,4.18384e-019,1,0,-0.1167,0.993167,4.18384e-019,0,-0.993167,-0.1167,7.14578e-018,-0,0,0,0,1</mat>
				</frame>
				<frame num='11'>
					<mat>7.14578e-018,4.18384e-019,1,0,-0.1167,0.993167,4.18384e-019,0,-0.993167,-0.1167,7.14578e-018,-0,0,0,0,1</mat>
				</frame>
				<frame num='12'>
					<mat>7.14578e-018,4.18384e-019,1,0,-0.1167,0.993167,4.18384e-019,0,-0.993167,-0.1167,7.14578e-018,-0,0,0,0,1</mat>
				</frame>
				<frame num='13'>
					<mat>7.14578e-018,4.18384e-019,1,0,-0.1167,0.993167,4.18384e-019,0,-0.993167,-0.1167,7.14578e-018,-0,0,0,0,1</mat>
				</frame>
				<frame num='14'>
					<mat>7.14578e-018,4.18384e-019,1,0,-0.1167,0.993167,4.18384e-019,0,-0.993167,-0.1167,7.14578e-018,-0,0,0,0,1</mat>
				</frame>
				<frame num='15'>
					<mat>7.14578e-018,4.18384e-019,1,0,-0.1167,0.993167,4.18384e-019,0,-0.993167,-0.1167,7.14578e-018,-0,0,0,0,1</mat>
				</frame>
				<frame num='16'>
					<mat>7.14578e-018,4.18384e-019,1,0,-0.1167,0.993167,4.18384e-019,0,-0.993167,-0.1167,7.14578e-018,-0,0,0,0,1</mat>
				</frame>
				<frame num='17'>
					<mat>7.14578e-018,4.18384e-019,1,0,-0.1167,0.993167,4.18384e-019,0,-0.993167,-0.1167,7.14578e-018,-0,0,0,0,1</mat>
				</frame>
				<frame num='18'>
					<mat>7.14578e-018,4.18384e-019,1,0,-0.1167,0.993167,4.18384e-019,0,-0.993167,-0.1167,7.14578e-018,-0,0,0,0,1</mat>
				</frame>
				<frame num='19'>
					<mat>7.14578e-018,4.18384e-019,1,0,-0.1167,0.993167,4.18384e-019,0,-0.993167,-0.1167,7.14578e-018,-0,0,0,0,1</mat>
				</frame>
				<frame num='20'>
					<mat>7.14578e-018,4.18384e-019,1,0,-0.1167,0.993167,4.18384e-019,0,-0.993167,-0.1167,7.14578e-018,-0,0,0,0,1</mat>
				</frame>
				<frame num='21'>
					<mat>7.14578e-018,4.18384e-019,1,0,-0.1167,0.993167,4.18384e-019,0,-0.993167,-0.1167,7.14578e-018,-0,0,0,0,1</mat>
				</frame>
				<frame num='22'>
					<mat>7.14578e-018,4.18384e-019,1,0,-0.1167,0.993167,4.18384e-019,0,-0.993167,-0.1167,7.14578e-018,-0,0,0,0,1</mat>
				</frame>
				<frame num='23'>
					<mat>7.14578e-018,4.18384e-019,1,0,-0.1167,0.993167,4.18384e-019,0,-0.993167,-0.1167,7.14578e-018,-0,0,0,0,1</mat>
				</frame>
				<frame num='24'>
					<mat>7.14578e-018,4.18384e-019,1,0,-0.1167,0.993167,4.18384e-019,0,-0.993167,-0.1167,7.14578e-018,-0,0,0,0,1</mat>
				</frame>
				<frame num='25'>
					<mat>7.14578e-018,4.18384e-019,1,0,-0.1167,0.993167,4.18384e-019,0,-0.993167,-0.1167,7.14578e-018,-0,0,0,0,1</mat>
				</frame>
				<frame num='26'>
					<mat>7.14578e-018,4.18384e-019,1,0,-0.1167,0.993167,4.18384e-019,0,-0.993167,-0.1167,7.14578e-018,-0,0,0,0,1</mat>
				</frame>
				<frame num='27'>
					<mat>7.14578e-018,4.18384e-019,1,0,-0.1167,0.993167,4.18384e-019,0,-0.993167,-0.1167,7.14578e-018,-0,0,0,0,1</mat>
				</frame>
				<frame num='28'>
					<mat>7.14578e-018,4.18384e-019,1,0,-0.1167,0.993167,4.18384e-019,0,-0.993167,-0.1167,7.14578e-018,-0,0,0,0,1</mat>
				</frame>
				<frame num='29'>
					<mat>7.14578e-018,4.18384e-019,1,0,-0.1167,0.993167,4.18384e-019,0,-0.993167,-0.1167,7.14578e-018,-0,0,0,0,1</mat>
				</frame>
				<frame num='30'>
					<mat>7.14578e-018,4.18384e-019,1,0,-0.1167,0.993167,4.18384e-019,0,-0.993167,-0.1167,7.14578e-018,-0,0,0,0,1</mat>
				</frame>
				<frame num='31'>
					<mat>7.14578e-018,4.18384e-019,1,0,-0.1167,0.993167,4.18384e-019,0,-0.993167,-0.1167,7.14578e-018,-0,0,0,0,1</mat>
				</frame>
				<frame num='32'>
					<mat>7.14578e-018,4.18384e-019,1,0,-0.1167,0.993167,4.18384e-019,0,-0.993167,-0.1167,7.14578e-018,-0,0,0,0,1</mat>
				</frame>
				<frame num='33'>
					<mat>7.14578e-018,4.18384e-019,1,0,-0.1167,0.993167,4.18384e-019,0,-0.993167,-0.1167,7.14578e-018,-0,0,0,0,1</mat>
				</frame>
				<frame num='34'>
					<mat>7.14578e-018,4.18384e-019,1,0,-0.1167,0.993167,4.18384e-019,0,-0.993167,-0.1167,7.14578e-018,-0,0,0,0,1</mat>
				</frame>
				<frame num='35'>
					<mat>7.14578e-018,4.18384e-019,1,0,-0.1167,0.993167,4.18384e-019,0,-0.993167,-0.1167,7.14578e-018,-0,0,0,0,1</mat>
				</frame>
				<frame num='36'>
					<mat>7.14578e-018,4.18384e-019,1,0,-0.1167,0.993167,4.18384e-019,0,-0.993167,-0.1167,7.14578e-018,-0,0,0,0,1</mat>
				</frame>
				<frame num='37'>
					<mat>7.14578e-018,4.18384e-019,1,0,-0.1167,0.993167,4.18384e-019,0,-0.993167,-0.1167,7.14578e-018,-0,0,0,0,1</mat>
				</frame>
				<frame num='38'>
					<mat>7.14578e-018,4.18384e-019,1,0,-0.1167,0.993167,4.18384e-019,0,-0.993167,-0.1167,7.14578e-018,-0,0,0,0,1</mat>
				</frame>
				<frame num='39'>
					<mat>7.14578e-018,4.18384e-019,1,0,-0.1167,0.993167,4.18384e-019,0,-0.993167,-0.1167,7.14578e-018,-0,0,0,0,1</mat>
				</frame>
				<frame num='40'>
					<mat>7.14578e-018,4.18384e-019,1,0,-0.1167,0.993167,4.18384e-019,0,-0.993167,-0.1167,7.14578e-018,-0,0,0,0,1</mat>
				</frame>
				<frame num='41'>
					<mat>7.14578e-018,4.18384e-019,1,0,-0.1167,0.993167,4.18384e-019,0,-0.993167,-0.1167,7.14578e-018,-0,0,0,0,1</mat>
				</frame>
				<frame num='42'>
					<mat>7.14578e-018,4.18384e-019,1,0,-0.1167,0.993167,4.18384e-019,0,-0.993167,-0.1167,7.14578e-018,-0,0,0,0,1</mat>
				</frame>
				<frame num='43'>
					<mat>7.14578e-018,4.18384e-019,1,0,-0.1167,0.993167,4.18384e-019,0,-0.993167,-0.1167,7.14578e-018,-0,0,0,0,1</mat>
				</frame>
				<frame num='44'>
					<mat>7.14578e-018,4.18384e-019,1,0,-0.1167,0.993167,4.18384e-019,0,-0.993167,-0.1167,7.14578e-018,-0,0,0,0,1</mat>
				</frame>
				<frame num='45'>
					<mat>7.14578e-018,4.18384e-019,1,0,-0.1167,0.993167,4.18384e-019,0,-0.993167,-0.1167,7.14578e-018,-0,0,0,0,1</mat>
				</frame>
				<frame num='46'>
					<mat>7.14578e-018,4.18384e-019,1,0,-0.1167,0.993167,4.18384e-019,0,-0.993167,-0.1167,7.14578e-018,-0,0,0,0,1</mat>
				</frame>
				<frame num='47'>
					<mat>7.14578e-018,4.18384e-019,1,0,-0.1167,0.993167,4.18384e-019,0,-0.993167,-0.1167,7.14578e-018,-0,0,0,0,1</mat>
				</frame>
				<frame num='48'>
					<mat>7.14578e-018,4.18384e-019,1,0,-0.1167,0.993167,4.18384e-019,0,-0.993167,-0.1167,7.14578e-018,-0,0,0,0,1</mat>
				</frame>
				<frame num='49'>
					<mat>7.14578e-018,4.18384e-019,1,0,-0.1167,0.993167,4.18384e-019,0,-0.993167,-0.1167,7.14578e-018,-0,0,0,0,1</mat>
				</frame>
			</track>
			<track id = '1' name='JNT_COG'>
				<frame num='-1'>
					<mat>-2.47843e-017,-1.92135e-018,-1,-1.00407e-014,-0.15412,0.988052,1.92135e-018,-11.2802,0.988052,0.15412,-2.47843e-017,-95.9998,0,0,0,1</mat>
				</frame>
				<frame num='0'>
					<mat>-0.00228906,-0.0399516,-0.999199,-9.97942e-015,-0.141344,0.989183,-0.0392273,-11.2802,0.989958,0.141141,-0.00791121,-95.9998,0,0,0,1</mat>
				</frame>
				<frame num='1'>
					<mat>-0.0118038,-0.133334,-0.991001,-9.88228e-015,-0.109342,0.985299,-0.131264,-11.2802,0.993934,0.106809,-0.0262093,-95.9998,0,0,0,1</mat>
				</frame>
				<frame num='2'>
					<mat>-0.0309581,-0.238913,-0.970547,-9.86493e-015,-0.0689907,0.969208,-0.236382,-11.2802,0.997137,0.0596408,-0.0464876,-95.9998,0,0,0,1</mat>
				</frame>
				<frame num='3'>
					<mat>-0.0535781,-0.317601,-0.94671,-9.94326e-015,-0.0322872,0.948127,-0.316249,-11.2802,0.998042,0.0136226,-0.0610533,-95.9999,0,0,0,1</mat>
				</frame>
				<frame num='4'>
					<mat>-0.0638844,-0.338341,-0.938853,-1.0011e-014,-0.0078689,0.940916,-0.338549,-11.2802,0.997926,-0.0142403,-0.0627722,-95.9996,0,0,0,1</mat>
				</frame>
				<frame num='5'>
					<mat>-0.0350681,-0.294952,-0.954868,-9.78615e-015,0.00919064,0.955321,-0.295429,-11.2802,0.999343,-0.019136,-0.0307905,-95.9759,0,0,0,1</mat>
				</frame>
				<frame num='6'>
					<mat>0.0330567,-0.210092,-0.977123,-9.21395e-015,0.024432,0.977535,-0.209354,-11.2802,0.999155,-0.0169525,0.037447,-95.8604,0,0,0,1</mat>
				</frame>
				<frame num='7'>
					<mat>0.122751,-0.109695,-0.986356,-8.42964e-015,0.0368477,0.993691,-0.105925,-11.2802,0.991753,-0.0233425,0.126019,-95.5769,0,0,0,1</mat>
				</frame>
				<frame num='8'>
					<mat>0.21478,-0.0215016,-0.976426,-7.58093e-015,0.0452557,0.998903,-0.0120419,-11.2802,0.975613,-0.0416024,0.215517,-95.0525,0,0,0,1</mat>
				</frame>
				<frame num='9'>
					<mat>0.288038,0.0258515,-0.95727,-6.83531e-015,0.0498844,0.997873,0.0419579,-11.2802,0.956319,-0.0598383,0.286135,-94.2402,0,0,0,1</mat>
				</frame>
				<frame num='10'>
					<mat>0.336106,0.0364405,-0.941119,-6.24441e-015,0.0382816,0.997897,0.0523106,-11.2802,0.941046,-0.0536095,0.334004,-92.5939,0,0,0,1</mat>
				</frame>
				<frame num='11'>
					<mat>0.373442,0.0525049,-0.926166,-5.70587e-015,-0.0101394,0.998568,0.0525211,-11.2801,0.927598,-0.0102228,0.37344,-89.4145,0,0,0,1</mat>
				</frame>
				<frame num='12'>
					<mat>0.402776,0.0854651,-0.9113,-5.23187e-015,-0.0920459,0.994366,0.052573,-11.2801,0.910659,0.0627063,0.408373,-85.049,0,0,0,1</mat>
				</frame>
				<frame num='13'>
					<mat>0.421071,0.1323,-0.897327,-4.88283e-015,-0.195616,0.979269,0.0525881,-11.28,0.885682,0.153389,0.438222,-80.1653,0,0,0,1</mat>
				</frame>
				<frame num='14'>
					<mat>0.426102,0.187176,-0.8851,-4.7043e-015,-0.308142,0.949889,0.0525326,-11.2799,0.85058,0.250352,0.462426,-75.4329,0,0,0,1</mat>
				</frame>
				<frame num='15'>
					<mat>0.417907,0.242999,-0.875389,-4.71297e-015,-0.417565,0.907131,0.0524671,-11.2799,0.806842,0.343605,0.480564,-71.4918,0,0,0,1</mat>
				</frame>
				<frame num='16'>
					<mat>0.399584,0.291967,-0.868958,-4.89323e-015,-0.512341,0.857181,0.0524133,-11.2798,0.760157,0.424259,0.492103,-69.033,0,0,0,1</mat>
				</frame>
				<frame num='17'>
					<mat>0.37365,0.332331,-0.865992,-5.22554e-015,-0.593154,0.803383,0.0523755,-11.2798,0.713129,0.494097,0.497308,-68.2531,0,0,0,1</mat>
				</frame>
				<frame num='18'>
					<mat>0.343433,0.365819,-0.865003,-5.62412e-015,-0.663317,0.746505,0.0523475,-11.2798,0.664879,0.555793,0.499029,-68.1383,0,0,0,1</mat>
				</frame>
				<frame num='19'>
					<mat>0.326346,0.381572,-0.864813,-5.85932e-015,-0.697233,0.714932,0.0523333,-11.2798,0.638251,0.585897,0.499359,-68.4222,0,0,0,1</mat>
				</frame>
				<frame num='20'>
					<mat>0.331018,0.377389,-0.864872,-5.97052e-015,-0.691116,0.721005,0.0500967,-11.2799,0.642483,0.581145,0.499486,-71.7711,0,0,0,1</mat>
				</frame>
				<frame num='21'>
					<mat>0.364168,0.344232,-0.865382,-5.8941e-015,-0.637115,0.769826,0.0381121,-11.28,0.679312,0.537469,0.499662,-78.7213,0,0,0,1</mat>
				</frame>
				<frame num='22'>
					<mat>0.437296,0.23113,-0.86911,-5.28685e-015,-0.462927,0.886392,0.00280266,-11.2801,0.77102,0.401108,0.494612,-86.1428,0,0,0,1</mat>
				</frame>
				<frame num='23'>
					<mat>0.434307,-0.135939,-0.890448,-5.10433e-015,0.106848,0.989342,-0.0989228,-11.2802,0.894405,-0.0521799,0.444204,-92.5971,0,0,0,1</mat>
				</frame>
				<frame num='24'>
					<mat>0.0754202,-0.409318,-0.909269,-8.40537e-015,0.64542,0.715124,-0.268386,-11.2802,0.760095,-0.566619,0.318117,-95.7901,0,0,0,1</mat>
				</frame>
				<frame num='25'>
					<mat>-0.324772,-0.311868,-0.892895,-1.28987e-014,0.733829,0.512495,-0.445919,-11.2802,0.596672,-0.800054,0.0624141,-95.9998,0,0,0,1</mat>
				</frame>
				<frame num='26'>
					<mat>-0.53676,-0.175835,-0.82521,-1.55716e-014,0.703706,0.446301,-0.552824,-11.2802,0.465497,-0.877438,-0.11582,-96.0304,0,0,0,1</mat>
				</frame>
				<frame num='27'>
					<mat>-0.558874,-0.154263,-0.814777,-1.58935e-014,0.695665,0.447557,-0.561909,-11.2802,0.451341,-0.880849,-0.142813,-96.6199,0,0,0,1</mat>
				</frame>
				<frame num='28'>
					<mat>-0.524848,-0.173993,-0.833223,-1.55582e-014,0.693823,0.479618,-0.537193,-11.2802,0.493096,-0.860054,-0.131006,-98.2705,0,0,0,1</mat>
				</frame>
				<frame num='29'>
					<mat>-0.469637,-0.203887,-0.858994,-1.5001e-014,0.679962,0.537051,-0.499227,-11.2803,0.563109,-0.818539,-0.113584,-100.559,0,0,0,1</mat>
				</frame>
				<frame num='30'>
					<mat>-0.389764,-0.241116,-0.88879,-1.41586e-014,0.643105,0.61954,-0.450096,-11.2803,0.659166,-0.747016,-0.0864113,-102.869,0,0,0,1</mat>
				</frame>
				<frame num='31'>
					<mat>-0.278689,-0.27673,-0.919648,-1.29498e-014,0.56562,0.726595,-0.390043,-11.2803,0.776148,-0.628873,-0.0459703,-104.629,0,0,0,1</mat>
				</frame>
				<frame num='32'>
					<mat>-0.105708,-0.282446,-0.953441,-1.11094e-014,0.405293,0.863323,-0.300684,-11.2803,0.908055,-0.418208,0.0232136,-105.74,0,0,0,1</mat>
				</frame>
				<frame num='33'>
					<mat>0.0962239,-0.198713,-0.975322,-9.13247e-015,0.139467,0.972895,-0.184459,-11.2804,0.98554,-0.118276,0.12133,-106.478,0,0,0,1</mat>
				</frame>
				<frame num='34'>
					<mat>0.22213,-0.0452536,-0.973966,-8.0866e-015,-0.156155,0.984377,-0.0813511,-11.2804,0.962431,0.17016,0.211593,-106.903,0,0,0,1</mat>
				</frame>
				<frame num='35'>
					<mat>0.245725,0.0686109,-0.966908,-8.05586e-015,-0.378009,0.925303,-0.0304064,-11.2804,0.892597,0.372971,0.253305,-107.033,0,0,0,1</mat>
				</frame>
				<frame num='36'>
					<mat>0.227079,0.109509,-0.9677,-8.33354e-015,-0.505358,0.862655,-0.020965,-11.2804,0.832496,0.493795,0.251232,-106.815,0,0,0,1</mat>
				</frame>
				<frame num='37'>
					<mat>0.202837,0.125053,-0.971195,-8.60245e-015,-0.578378,0.815617,-0.0157755,-11.2804,0.79015,0.564917,0.237765,-106.22,0,0,0,1</mat>
				</frame>
				<frame num='38'>
					<mat>0.178193,0.12453,-0.976084,-8.82621e-015,-0.614331,0.788964,-0.0114949,-11.2803,0.768664,0.601687,0.217091,-105.316,0,0,0,1</mat>
				</frame>
				<frame num='39'>
					<mat>0.154216,0.112985,-0.981556,-9.00737e-015,-0.623865,0.781491,-0.00806219,-11.2803,0.766166,0.613601,0.191005,-104.182,0,0,0,1</mat>
				</frame>
				<frame num='40'>
					<mat>0.131392,0.0936225,-0.9869,-9.1513e-015,-0.606402,0.795141,-0.00530288,-11.2803,0.784227,0.599155,0.161248,-102.895,0,0,0,1</mat>
				</frame>
				<frame num='41'>
					<mat>0.109193,0.0697265,-0.991572,-9.27426e-015,-0.55906,0.829121,-0.00326096,-11.2803,0.821906,0.554704,0.129515,-101.529,0,0,0,1</mat>
				</frame>
				<frame num='42'>
					<mat>0.0860719,0.0460808,-0.995223,-9.40743e-015,-0.488451,0.87259,-0.00184105,-11.2803,0.868336,0.486276,0.0976137,-100.162,0,0,0,1</mat>
				</frame>
				<frame num='43'>
					<mat>0.0620484,0.0263577,-0.997725,-9.5627e-015,-0.403325,0.915057,-0.000908943,-11.2803,0.912951,0.402463,0.0674085,-98.8718,0,0,0,1</mat>
				</frame>
				<frame num='44'>
					<mat>0.0388161,0.0124627,-0.999169,-9.72975e-015,-0.314624,0.949216,-0.000383045,-11.2802,0.948422,0.314377,0.040766,-97.7355,0,0,0,1</mat>
				</frame>
				<frame num='45'>
					<mat>0.0189261,0.00445439,-0.999811,-9.88456e-015,-0.234636,0.972083,-0.000110735,-11.2802,0.971899,0.234594,0.0194429,-96.8274,0,0,0,1</mat>
				</frame>
				<frame num='46'>
					<mat>0.00522002,0.000931295,-0.999986,-9.99686e-015,-0.176951,0.98422,-7.08966e-006,-11.2802,0.984206,0.176949,0.00530244,-96.2255,0,0,0,1</mat>
				</frame>
				<frame num='47'>
					<mat>7.3634e-005,1.19842e-005,-1,-1.00401e-014,-0.154446,0.988001,4.67969e-007,-11.2802,0.988001,0.154446,7.46014e-005,-96.003,0,0,0,1</mat>
				</frame>
				<frame num='48'>
					<mat>-2.47843e-017,-1.92135e-018,-1,-1.00407e-014,-0.15412,0.988052,1.92135e-018,-11.2802,0.988052,0.15412,-2.47843e-017,-95.9998,0,0,0,1</mat>
				</frame>
				<frame num='49'>
					<mat>-2.47843e-017,-1.92135e-018,-1,-1.00407e-014,-0.15412,0.988052,1.92135e-018,-11.2802,0.988052,0.15412,-2.47843e-017,-95.9998,0,0,0,1</mat>
				</frame>
			</track>
			<track id = '2' name='JNT_TailA'>
				<frame num='-1'>
					<mat>-6.82481e-017,2.19822e-016,-1,1.95129e-012,-0.0650607,0.997881,2.23797e-016,-14.281,0.997881,0.0650607,-5.38017e-017,-76.7622,0,0,0,1</mat>
				</frame>
				<frame num='0'>
					<mat>5.45883e-005,-0.0297261,-0.999558,-0.0445686,-0.055978,0.997991,-0.0296825,-14.0322,0.998432,0.0559549,-0.00160953,-76.7251,0,0,0,1</mat>
				</frame>
				<frame num='1'>
					<mat>-0.00303924,-0.0989251,-0.99509,-0.229824,-0.0319255,0.994597,-0.0987786,-13.4091,0.999486,0.0314686,-0.00618105,-76.6477,0,0,0,1</mat>
				</frame>
				<frame num='2'>
					<mat>-0.0132819,-0.17692,-0.984136,-0.602763,0.000297091,0.984222,-0.176939,-12.6235,0.999912,-0.00264247,-0.0130198,-76.5853,0,0,0,1</mat>
				</frame>
				<frame num='3'>
					<mat>-0.0275902,-0.235043,-0.971593,-1.04318,0.03002,0.97133,-0.235832,-11.9089,0.999168,-0.0356739,-0.0197432,-76.5677,0,0,0,1</mat>
				</frame>
				<frame num='4'>
					<mat>-0.0337779,-0.251645,-0.96723,-1.24385,0.0473907,0.96629,-0.253056,-11.4334,0.998305,-0.0543854,-0.0207136,-76.5697,0,0,0,1</mat>
				</frame>
				<frame num='5'>
					<mat>-0.00545294,-0.236575,-0.971598,-0.682787,0.0571295,0.969952,-0.236494,-11.1013,0.998352,-0.0567965,0.0082263,-76.5184,0,0,0,1</mat>
				</frame>
				<frame num='6'>
					<mat>0.0594715,-0.213233,-0.97519,0.643623,0.0655738,0.975643,-0.209333,-10.8045,0.996074,-0.0514976,0.0720054,-76.4066,0,0,0,1</mat>
				</frame>
				<frame num='7'>
					<mat>0.145011,-0.195569,-0.969909,2.39001,0.0717733,0.979768,-0.186826,-10.5628,0.986823,-0.0425217,0.156114,-76.2672,0,0,0,1</mat>
				</frame>
				<frame num='8'>
					<mat>0.234485,-0.196036,-0.952149,4.18183,0.0732402,0.980235,-0.183781,-10.3991,0.969357,-0.0266416,0.244208,-76.057,0,0,0,1</mat>
				</frame>
				<frame num='9'>
					<mat>0.310131,-0.226712,-0.923266,5.60817,0.0678108,0.973952,-0.21638,-10.3089,0.948273,0.00449848,0.317426,-75.6204,0,0,0,1</mat>
				</frame>
				<frame num='10'>
					<mat>0.370155,-0.279638,-0.885883,6.54409,0.034059,0.957062,-0.287875,-10.5348,0.928345,0.0763863,0.363785,-74.2715,0,0,0,1</mat>
				</frame>
				<frame num='11'>
					<mat>0.432197,-0.319576,-0.843254,7.27103,-0.0565092,0.923664,-0.379013,-11.4775,0.900007,0.21146,0.381146,-71.3539,0,0,0,1</mat>
				</frame>
				<frame num='12'>
					<mat>0.496525,-0.332735,-0.801717,7.84216,-0.190524,0.859314,-0.474636,-13.0722,0.846855,0.388415,0.363277,-67.3182,0,0,0,1</mat>
				</frame>
				<frame num='13'>
					<mat>0.553887,-0.321247,-0.76812,8.19837,-0.33961,0.755157,-0.560716,-15.0887,0.76018,0.571435,0.309173,-62.9208,0,0,0,1</mat>
				</frame>
				<frame num='14'>
					<mat>0.595515,-0.294939,-0.747244,8.29632,-0.477717,0.617817,-0.62457,-17.2795,0.64587,0.728912,0.227021,-58.8719,0,0,0,1</mat>
				</frame>
				<frame num='15'>
					<mat>0.617139,-0.266054,-0.74051,8.13676,-0.588694,0.468318,-0.658876,-19.41,0.52209,0.842552,0.132393,-55.7823,0,0,0,1</mat>
				</frame>
				<frame num='16'>
					<mat>0.618555,-0.244414,-0.74676,7.78002,-0.668023,0.336787,-0.663566,-21.2552,0.413685,0.909305,0.0450473,-54.2325,0,0,0,1</mat>
				</frame>
				<frame num='17'>
					<mat>0.600297,-0.232466,-0.765247,7.27507,-0.727424,0.238988,-0.643226,-22.8287,0.332413,0.942786,-0.0256378,-54.3683,0,0,0,1</mat>
				</frame>
				<frame num='18'>
					<mat>0.570715,-0.22678,-0.789212,6.68675,-0.776372,0.164018,-0.60856,-24.1948,0.267454,0.960036,-0.0824575,-55.1929,0,0,0,1</mat>
				</frame>
				<frame num='19'>
					<mat>0.547835,-0.238835,-0.801769,6.35405,-0.795837,0.14668,-0.587476,-24.8551,0.257913,0.959918,-0.109717,-55.9953,0,0,0,1</mat>
				</frame>
				<frame num='20'>
					<mat>0.481005,-0.361052,-0.798921,6.44502,-0.734269,0.332016,-0.592127,-24.7361,0.479043,0.871439,-0.105408,-59.2617,0,0,0,1</mat>
				</frame>
				<frame num='21'>
					<mat>0.316934,-0.553338,-0.770305,7.09046,-0.472367,0.612189,-0.634108,-23.6848,0.822449,0.564837,-0.067355,-65.4949,0,0,0,1</mat>
				</frame>
				<frame num='22'>
					<mat>0.195259,-0.688809,-0.698152,8.51427,-0.0885607,0.696562,-0.71201,-20.2934,0.976745,0.200855,0.0750088,-71.1309,0,0,0,1</mat>
				</frame>
				<frame num='23'>
					<mat>0.277835,-0.561513,-0.77943,8.45609,0.582557,0.743638,-0.32807,-9.19979,0.763829,-0.362913,0.533722,-75.1828,0,0,0,1</mat>
				</frame>
				<frame num='24'>
					<mat>0.141811,-0.148538,-0.978686,1.46845,0.927235,0.366097,0.0787918,1.2863,0.346591,-0.918645,0.189646,-80.9908,0,0,0,1</mat>
				</frame>
				<frame num='25'>
					<mat>-0.191672,0.0974769,-0.976606,-6.32341,0.932112,0.329629,-0.150038,3.00766,0.307293,-0.939065,-0.15404,-84.3824,0,0,0,1</mat>
				</frame>
				<frame num='26'>
					<mat>-0.427151,0.170799,-0.887902,-10.4509,0.84841,0.415256,-0.328273,2.42114,0.312638,-0.893527,-0.322284,-86.9671,0,0,0,1</mat>
				</frame>
				<frame num='27'>
					<mat>-0.489022,0.114364,-0.864742,-10.8814,0.782438,0.495702,-0.376921,2.26459,0.385548,-0.86093,-0.331892,-87.8321,0,0,0,1</mat>
				</frame>
				<frame num='28'>
					<mat>-0.488277,0.0290282,-0.872206,-10.2189,0.714767,0.58672,-0.380613,2.22869,0.500692,-0.809269,-0.307231,-88.6698,0,0,0,1</mat>
				</frame>
				<frame num='29'>
					<mat>-0.455115,-0.0531658,-0.888844,-9.14397,0.630961,0.685096,-0.364049,1.95879,0.628299,-0.72651,-0.278252,-89.5956,0,0,0,1</mat>
				</frame>
				<frame num='30'>
					<mat>-0.38435,-0.119159,-0.915465,-7.58881,0.533526,0.780598,-0.325601,1.24113,0.753409,-0.613569,-0.236449,-90.035,0,0,0,1</mat>
				</frame>
				<frame num='31'>
					<mat>-0.272158,-0.156551,-0.949432,-5.42616,0.420833,0.867949,-0.263749,-0.267541,0.865349,-0.471334,-0.170338,-89.5173,0,0,0,1</mat>
				</frame>
				<frame num='32'>
					<mat>-0.0991173,-0.143306,-0.984703,-2.05816,0.248575,0.954636,-0.163951,-3.38917,0.963528,-0.261023,-0.0589986,-88.0597,0,0,0,1</mat>
				</frame>
				<frame num='33'>
					<mat>0.0893433,-0.0419142,-0.995119,1.87351,-0.0126827,0.998985,-0.0432158,-8.5649,0.99592,0.0164819,0.0887211,-87.2894,0,0,0,1</mat>
				</frame>
				<frame num='34'>
					<mat>0.197125,0.107952,-0.974417,4.32493,-0.285423,0.957184,0.0483018,-14.3207,0.93791,0.2686,0.219497,-88.1645,0,0,0,1</mat>
				</frame>
				<frame num='35'>
					<mat>0.214639,0.199556,-0.95609,4.78433,-0.47659,0.875851,0.0758156,-18.6403,0.852521,0.439389,0.283098,-89.6536,0,0,0,1</mat>
				</frame>
				<frame num='36'>
					<mat>0.203995,0.207334,-0.956765,4.42129,-0.568249,0.820898,0.0567336,-21.1198,0.797169,0.532107,0.285276,-90.6063,0,0,0,1</mat>
				</frame>
				<frame num='37'>
					<mat>0.187859,0.197977,-0.962036,3.94929,-0.614052,0.788132,0.0422821,-22.5415,0.766583,0.582797,0.269626,-90.8358,0,0,0,1</mat>
				</frame>
				<frame num='38'>
					<mat>0.168384,0.18313,-0.968561,3.46948,-0.633354,0.773022,0.0360498,-23.2416,0.755321,0.607372,0.24615,-90.3502,0,0,0,1</mat>
				</frame>
				<frame num='39'>
					<mat>0.149454,0.157246,-0.976185,3.00263,-0.625922,0.77932,0.0297059,-23.4271,0.765431,0.606576,0.214896,-89.2643,0,0,0,1</mat>
				</frame>
				<frame num='40'>
					<mat>0.130456,0.124682,-0.983583,2.55824,-0.591254,0.806135,0.0237682,-23.0871,0.795864,0.578447,0.178884,-87.6254,0,0,0,1</mat>
				</frame>
				<frame num='41'>
					<mat>0.110433,0.0892177,-0.989871,2.12601,-0.526036,0.850273,0.0179495,-22.1653,0.843262,0.518725,0.14083,-85.5264,0,0,0,1</mat>
				</frame>
				<frame num='42'>
					<mat>0.0879562,0.0562129,-0.994537,1.67584,-0.437447,0.899162,0.0121347,-20.7905,0.894932,0.43399,0.103677,-83.2554,0,0,0,1</mat>
				</frame>
				<frame num='43'>
					<mat>0.0635865,0.0298179,-0.997531,1.2081,-0.335902,0.941873,0.0067425,-19.1331,0.939748,0.334644,0.0699063,-81.0964,0,0,0,1</mat>
				</frame>
				<frame num='44'>
					<mat>0.0396757,0.0121224,-0.999139,0.755761,-0.234485,0.972117,0.00248316,-17.4061,0.97131,0.234185,0.0414119,-79.2694,0,0,0,1</mat>
				</frame>
				<frame num='45'>
					<mat>0.0192444,0.00310637,-0.99981,0.368497,-0.147425,0.989073,0.000235372,-15.8487,0.988886,0.147392,0.0194921,-77.9042,0,0,0,1</mat>
				</frame>
				<frame num='46'>
					<mat>0.00528278,0.000430066,-0.999986,0.101635,-0.0880799,0.996113,-3.69119e-005,-14.7255,0.996099,0.0880788,0.00530012,-77.0627,0,0,0,1</mat>
				</frame>
				<frame num='47'>
					<mat>7.44111e-005,5.34517e-006,-1,0.00143367,-0.0653903,0.99786,4.67969e-007,-14.2873,0.99786,0.0653903,7.46014e-005,-76.7663,0,0,0,1</mat>
				</frame>
				<frame num='48'>
					<mat>-6.82481e-017,2.19822e-016,-1,1.95129e-012,-0.0650607,0.997881,2.23797e-016,-14.281,0.997881,0.0650607,-5.38017e-017,-76.7622,0,0,0,1</mat>
				</frame>
				<frame num='49'>
					<mat>-6.82481e-017,2.19822e-016,-1,1.95129e-012,-0.0650607,0.997881,2.23797e-016,-14.281,0.997881,0.0650607,-5.38017e-017,-76.7622,0,0,0,1</mat>
				</frame>
			</track>
			<track id = '3' name='JNT_TailB'>
				<frame num='-1'>
					<mat>1.71296e-015,5.91116e-015,-1,1.9344e-012,0.346318,0.938117,6.13859e-015,-15.4792,0.938117,-0.346318,-4.40183e-016,-58.3846,0,0,0,1</mat>
				</frame>
				<frame num='0'>
					<mat>-0.00216093,-0.0212751,-0.999771,-0.0435633,0.351213,0.936067,-0.0206786,-15.0631,0.936293,-0.351177,0.00544929,-58.3374,0,0,0,1</mat>
				</frame>
				<frame num='1'>
					<mat>-0.0093199,-0.069506,-0.997538,-0.285796,0.365477,0.928326,-0.0680981,-13.9971,0.930774,-0.365212,0.0167509,-58.2406,0,0,0,1</mat>
				</frame>
				<frame num='2'>
					<mat>-0.0221274,-0.121264,-0.992374,-0.84737,0.386201,0.914528,-0.120362,-12.618,0.922149,-0.385919,0.026596,-58.1704,0,0,0,1</mat>
				</frame>
				<frame num='3'>
					<mat>-0.0363548,-0.157386,-0.986868,-1.5513,0.405298,0.900337,-0.158517,-11.356,0.913462,-0.405738,0.0310568,-58.1665,0,0,0,1</mat>
				</frame>
				<frame num='4'>
					<mat>-0.0414468,-0.168752,-0.984787,-1.86592,0.414069,0.894108,-0.17064,-10.5606,0.909302,-0.414842,0.032817,-58.1844,0,0,0,1</mat>
				</frame>
				<frame num='5'>
					<mat>-0.0203091,-0.188774,-0.98181,-0.783211,0.416873,0.890978,-0.179933,-10.0491,0.908738,-0.412944,0.0605999,-58.1322,0,0,0,1</mat>
				</frame>
				<frame num='6'>
					<mat>0.0230242,-0.240444,-0.97039,1.73888,0.417848,0.884114,-0.209153,-9.59686,0.908225,-0.40066,0.120825,-58.0623,0,0,0,1</mat>
				</frame>
				<frame num='7'>
					<mat>0.0723033,-0.31977,-0.944732,5.06062,0.413219,0.871698,-0.263425,-9.24095,0.907757,-0.371335,0.195162,-58.0933,0,0,0,1</mat>
				</frame>
				<frame num='8'>
					<mat>0.112838,-0.419895,-0.900531,8.50023,0.396596,0.850026,-0.346652,-9.05022,0.911032,-0.318031,0.262444,-58.2048,0,0,0,1</mat>
				</frame>
				<frame num='9'>
					<mat>0.131682,-0.532919,-0.835857,11.3197,0.36011,0.811311,-0.460537,-9.06008,0.923569,-0.240356,0.298745,-58.1565,0,0,0,1</mat>
				</frame>
				<frame num='10'>
					<mat>0.126127,-0.644503,-0.754128,13.3611,0.263531,0.754652,-0.600876,-9.90756,0.95637,-0.122949,0.265029,-57.1745,0,0,0,1</mat>
				</frame>
				<frame num='11'>
					<mat>0.115994,-0.73479,-0.668303,15.2306,0.0561865,0.676622,-0.734184,-12.5182,0.991659,0.0476112,0.119769,-54.7789,0,0,0,1</mat>
				</frame>
				<frame num='12'>
					<mat>0.111805,-0.799899,-0.589629,16.9864,-0.232069,0.555925,-0.79818,-16.581,0.966252,0.226075,-0.123477,-51.722,0,0,0,1</mat>
				</frame>
				<frame num='13'>
					<mat>0.10611,-0.84583,-0.522792,18.3991,-0.526228,0.398333,-0.751275,-21.3431,0.843697,0.354826,-0.402833,-48.9209,0,0,0,1</mat>
				</frame>
				<frame num='14'>
					<mat>0.0886316,-0.88058,-0.465536,19.2637,-0.758546,0.243241,-0.604517,-26.0774,0.645563,0.40671,-0.646402,-46.9772,0,0,0,1</mat>
				</frame>
				<frame num='15'>
					<mat>0.057682,-0.908276,-0.414375,19.5023,-0.90217,0.130316,-0.411225,-30.2517,0.427506,0.397558,-0.811903,-46.1672,0,0,0,1</mat>
				</frame>
				<frame num='16'>
					<mat>0.0193603,-0.927427,-0.373504,19.1717,-0.969285,0.0741989,-0.234481,-33.5579,0.245178,0.366571,-0.897504,-46.6139,0,0,0,1</mat>
				</frame>
				<frame num='17'>
					<mat>-0.0231517,-0.93618,-0.350757,18.3305,-0.992746,0.0629337,-0.102446,-36.2253,0.117982,0.345841,-0.930846,-48.2464,0,0,0,1</mat>
				</frame>
				<frame num='18'>
					<mat>-0.0663246,-0.938044,-0.340111,17.1973,-0.997486,0.0708569,-0.00090865,-38.4929,0.0249516,0.339196,-0.940385,-50.2673,0,0,0,1</mat>
				</frame>
				<frame num='19'>
					<mat>-0.0988458,-0.940856,-0.324067,16.4433,-0.995062,0.0963976,0.0236415,-39.5117,0.00899602,0.324804,-0.945739,-51.2454,0,0,0,1</mat>
				</frame>
				<frame num='20'>
					<mat>-0.212847,-0.954662,-0.208125,15.3035,-0.936458,0.260099,-0.235362,-38.2588,0.278824,0.144804,-0.949362,-50.4394,0,0,0,1</mat>
				</frame>
				<frame num='21'>
					<mat>-0.453451,-0.891246,-0.00786394,12.9273,-0.626067,0.324788,-0.70891,-32.3842,0.634367,-0.316533,-0.705255,-50.3482,0,0,0,1</mat>
				</frame>
				<frame num='22'>
					<mat>-0.556053,-0.827249,0.0803984,12.1103,-0.205921,0.0434028,-0.977606,-21.9244,0.805234,-0.560157,-0.194482,-53.1426,0,0,0,1</mat>
				</frame>
				<frame num='23'>
					<mat>-0.114459,-0.790247,-0.602004,13.5729,0.85736,0.227536,-0.461695,1.52889,0.50183,-0.568979,0.651483,-61.1157,0,0,0,1</mat>
				</frame>
				<frame num='24'>
					<mat>0.354626,0.0710187,-0.932307,4.08012,0.934273,0.0126145,0.356335,18.3628,0.037067,-0.997395,-0.0618774,-74.6078,0,0,0,1</mat>
				</frame>
				<frame num='25'>
					<mat>0.00837742,0.417331,-0.908716,-9.85334,0.956599,0.261371,0.128854,20.174,0.291287,-0.870356,-0.397029,-78.7232,0,0,0,1</mat>
				</frame>
				<frame num='26'>
					<mat>-0.341934,0.380135,-0.859406,-18.3175,0.822362,0.563607,-0.0778989,18.0459,0.454755,-0.733379,-0.505325,-81.2094,0,0,0,1</mat>
				</frame>
				<frame num='27'>
					<mat>-0.459135,0.21834,-0.861117,-19.8875,0.646166,0.747281,-0.15505,16.6744,0.609643,-0.627614,-0.484186,-80.7317,0,0,0,1</mat>
				</frame>
				<frame num='28'>
					<mat>-0.471842,0.0517015,-0.880166,-19.2113,0.434919,0.882021,-0.181342,15.3922,0.766949,-0.468366,-0.438661,-79.4488,0,0,0,1</mat>
				</frame>
				<frame num='29'>
					<mat>-0.424963,-0.0822324,-0.901468,-17.5256,0.200451,0.962593,-0.182303,13.5789,0.882738,-0.258172,-0.392582,-78.0245,0,0,0,1</mat>
				</frame>
				<frame num='30'>
					<mat>-0.334544,-0.150899,-0.93022,-14.6672,-0.0155145,0.987845,-0.154667,11.0668,0.942252,-0.0373109,-0.332819,-76.1598,0,0,0,1</mat>
				</frame>
				<frame num='31'>
					<mat>-0.219605,-0.13916,-0.965613,-10.4384,-0.184324,0.977866,-0.0990064,7.48276,0.958018,0.156243,-0.240395,-73.5805,0,0,0,1</mat>
				</frame>
				<frame num='32'>
					<mat>-0.0825397,-0.035496,-0.995955,-3.88356,-0.3467,0.937964,-0.00469643,1.18873,0.934337,0.34491,-0.0897258,-70.3148,0,0,0,1</mat>
				</frame>
				<frame num='33'>
