<?xml version='1.0' encoding='UTF-8' ?>
<itpanim>
	<skeleton count='24'>
		<joint id='0' name='JNT_Root' parent='0'>
			<mat>1,0,0,0,0,6.12323e-017,-1,0,-0,1,6.12323e-017,0,0,0,0,1</mat>
		</joint>
		<joint id='1' name='JNT_Body' parent='0'>
			<mat>1,0,0,0,0,6.12323e-017,-1,-7.4511,-0,1,6.12323e-017,0.0494706,0,0,0,1</mat>
		</joint>
		<joint id='2' name='JNT_R_BackWheel' parent='1'>
			<mat>1,0,0,38.5537,0,6.12323e-017,-1,-14.5862,-0,1,6.12323e-017,-28.5819,0,0,0,1</mat>
		</joint>
		<joint id='3' name='JNT_R_FrontWheel' parent='1'>
			<mat>1,0,0,28.7815,0,6.12323e-017,-1,-7.5313,-0,1,6.12323e-017,32.6832,0,0,0,1</mat>
		</joint>
		<joint id='4' name='JNT_MainCannon01' parent='1'>
			<mat>6.12323e-017,-1,-6.12323e-017,-30.3852,0,6.12323e-017,-1,-37.4381,1,6.12323e-017,3.7494e-033,4.15298e-015,0,0,0,1</mat>
		</joint>
		<joint id='5' name='JNT_MainCannon02' parent='4'>
			<mat>6.12323e-017,-0.984379,-0.176061,-76.0944,0,0.176061,-0.984379,-29.9271,1,6.02759e-017,1.07806e-017,3.70955e-016,0,0,0,1</mat>
		</joint>
		<joint id='6' name='JNT_MainCannon03' parent='5'>
			<mat>6.12323e-017,-1,-6.12323e-017,-78.404,0,6.12323e-017,-1,-37.4379,1,6.12323e-017,3.7494e-033,8.14301e-015,0,0,0,1</mat>
		</joint>
		<joint id='7' name='JNT_MainCannon04' parent='6'>
			<mat>6.12323e-017,-0.984379,-0.176061,-153.778,0,0.176061,-0.984379,-29.9285,1,6.02759e-017,1.07806e-017,-1.20607e-014,0,0,0,1</mat>
		</joint>
		<joint id='8' name='JNT_MineLauncher01' parent='1'>
			<mat>6.12323e-017,-0.405767,-0.913976,-30.2239,0,0.913976,-0.405767,-33.8591,1,2.48461e-017,5.59649e-017,9.29296e-016,0,0,0,1</mat>
		</joint>
		<joint id='9' name='JNT_MineLauncher02' parent='8'>
			<mat>6.12323e-017,-0.74525,-0.666786,-34.1007,0,0.666786,-0.74525,-52.4884,1,4.56334e-017,4.08288e-017,-2.11061e-015,0,0,0,1</mat>
		</joint>
		<joint id='10' name='JNT_MineLauncher03' parent='9'>
			<mat>0.496731,-0.656859,-0.56727,-54.4448,0.0571235,0.676935,-0.733823,-46.0613,0.866023,0.332108,0.373776,12.7166,0,0,0,1</mat>
		</joint>
		<joint id='11' name='JNT_L_FrontWheel' parent='1'>
			<mat>1,0,0,-28.7815,0,6.12323e-017,-1,-7.5313,-0,1,6.12323e-017,32.6832,0,0,0,1</mat>
		</joint>
		<joint id='12' name='JNT_L_BackWheel' parent='1'>
			<mat>1,0,0,-38.5537,0,6.12323e-017,-1,-14.5862,-0,1,6.12323e-017,-28.5819,0,0,0,1</mat>
		</joint>
		<joint id='13' name='JNT_Head' parent='1'>
			<mat>0.29189,-0.770389,-0.566835,-36.2317,-0.200854,0.530056,-0.823832,-26.7692,0.935125,0.354319,-1.72159e-005,5.55966,0,0,0,1</mat>
		</joint>
		<joint id='14' name='JNT_Eye' parent='13'>
			<mat>1.07784e-005,-0.945756,-0.324877,-46.2983,2.99883e-005,0.324877,-0.945756,-40.6992,1,4.51263e-007,3.18633e-005,-5.63289,0,0,0,1</mat>
		</joint>
		<joint id='15' name='JNT_LenseCap' parent='14'>
			<mat>4.51263e-007,-2.76319e-023,-1,-57.8465,0,1,-2.76319e-023,43.1227,1,1.24692e-029,4.51263e-007,-5.63473,0,0,0,1</mat>
		</joint>
		<joint id='16' name='JNT_R_Arm' parent='1'>
			<mat>-0.847306,-0.427642,0.314952,-10.0387,-0.281181,-0.141888,-0.949107,-46.5837,0.450566,-0.892743,-2.22642e-005,13.1994,0,0,0,1</mat>
		</joint>
		<joint id='17' name='JNT_R_Elbow' parent='16'>
			<mat>0.762027,-0.593927,0.258003,38.3888,0.203388,-0.15874,-0.966144,-25.6497,0.614775,0.788703,-0.000166556,33.5966,0,0,0,1</mat>
		</joint>
		<joint id='18' name='JNT_R_Wrist' parent='17'>
			<mat>0.948684,-0.316225,-6.90368e-005,15.6237,-0.000143955,-0.000213554,-1,-27.8005,0.316225,0.948684,-0.000248118,30.1056,0,0,0,1</mat>
		</joint>
		<joint id='19' name='JNT_R_Hand' parent='18'>
			<mat>0.948684,-0.316225,-6.90368e-005,-0.079206,-0.000143955,-0.000213554,-1,-27.8005,0.316225,0.948684,-0.000248118,30.1056,0,0,0,1</mat>
		</joint>
		<joint id='20' name='JNT_L_Arm' parent='1'>
			<mat>0.847306,-0.427642,0.314952,-10.0388,0.281181,-0.141888,-0.949107,-46.5837,0.450566,0.892743,2.22642e-005,-13.1994,0,0,0,1</mat>
		</joint>
		<joint id='21' name='JNT_L_Elbow' parent='20'>
			<mat>-0.762027,-0.593927,0.258003,38.3888,-0.203388,-0.15874,-0.966144,-25.6497,0.614775,-0.788703,0.000166556,-33.5966,0,0,0,1</mat>
		</joint>
		<joint id='22' name='JNT_L_Wrist' parent='21'>
			<mat>-0.948684,-0.316225,-6.90368e-005,15.6237,0.000143955,-0.000213554,-1,-27.8004,0.316225,-0.948684,0.000248118,-30.1056,0,0,0,1</mat>
		</joint>
		<joint id='23' name='JNT_L_Hand' parent='22'>
			<mat>-0.948684,-0.316225,-6.90368e-005,-0.0792314,0.000143955,-0.000213554,-1,-27.8004,0.316225,-0.948684,0.000248118,-30.1056,0,0,0,1</mat>
		</joint>
	</skeleton>
	<animations>
		<animation name='Unreal Matinee Take' length='36'>
			<track id = '0' name='JNT_Root'>
				<frame num='-1'>
					<mat>1,-0,0,0,0,6.12323e-017,1,0,-0,-1,6.12323e-017,-0,0,0,0,1</mat>
				</frame>
				<frame num='0'>
					<mat>1,-0,0,0,0,6.12323e-017,1,0,-0,-1,6.12323e-017,-0,0,0,0,1</mat>
				</frame>
				<frame num='1'>
					<mat>1,-0,0,0,0,6.12323e-017,1,0,-0,-1,6.12323e-017,-0,0,0,0,1</mat>
				</frame>
				<frame num='2'>
					<mat>1,-0,0,0,0,6.12323e-017,1,0,-0,-1,6.12323e-017,-0,0,0,0,1</mat>
				</frame>
				<frame num='3'>
					<mat>1,-0,0,0,0,6.12323e-017,1,0,-0,-1,6.12323e-017,-0,0,0,0,1</mat>
				</frame>
				<frame num='4'>
					<mat>1,-0,0,0,0,6.12323e-017,1,0,-0,-1,6.12323e-017,-0,0,0,0,1</mat>
				</frame>
				<frame num='5'>
					<mat>1,-0,0,0,0,6.12323e-017,1,0,-0,-1,6.12323e-017,-0,0,0,0,1</mat>
				</frame>
				<frame num='6'>
					<mat>1,-0,0,0,0,6.12323e-017,1,0,-0,-1,6.12323e-017,-0,0,0,0,1</mat>
				</frame>
				<frame num='7'>
					<mat>1,-0,0,0,0,6.12323e-017,1,0,-0,-1,6.12323e-017,-0,0,0,0,1</mat>
				</frame>
				<frame num='8'>
					<mat>1,-0,0,0,0,6.12323e-017,1,0,-0,-1,6.12323e-017,-0,0,0,0,1</mat>
				</frame>
				<frame num='9'>
					<mat>1,-0,0,0,0,6.12323e-017,1,0,-0,-1,6.12323e-017,-0,0,0,0,1</mat>
				</frame>
				<frame num='10'>
					<mat>1,-0,0,0,0,6.12323e-017,1,0,-0,-1,6.12323e-017,-0,0,0,0,1</mat>
				</frame>
				<frame num='11'>
					<mat>1,-0,0,0,0,6.12323e-017,1,0,-0,-1,6.12323e-017,-0,0,0,0,1</mat>
				</frame>
				<frame num='12'>
					<mat>1,-0,0,0,0,6.12323e-017,1,0,-0,-1,6.12323e-017,-0,0,0,0,1</mat>
				</frame>
				<frame num='13'>
					<mat>1,-0,0,0,0,6.12323e-017,1,0,-0,-1,6.12323e-017,-0,0,0,0,1</mat>
				</frame>
				<frame num='14'>
					<mat>1,-0,0,0,0,6.12323e-017,1,0,-0,-1,6.12323e-017,-0,0,0,0,1</mat>
				</frame>
				<frame num='15'>
					<mat>1,-0,0,0,0,6.12323e-017,1,0,-0,-1,6.12323e-017,-0,0,0,0,1</mat>
				</frame>
				<frame num='16'>
					<mat>1,-0,0,0,0,6.12323e-017,1,0,-0,-1,6.12323e-017,-0,0,0,0,1</mat>
				</frame>
				<frame num='17'>
					<mat>1,-0,0,0,0,6.12323e-017,1,0,-0,-1,6.12323e-017,-0,0,0,0,1</mat>
				</frame>
				<frame num='18'>
					<mat>1,-0,0,0,0,6.12323e-017,1,0,-0,-1,6.12323e-017,-0,0,0,0,1</mat>
				</frame>
				<frame num='19'>
					<mat>1,-0,0,0,0,6.12323e-017,1,0,-0,-1,6.12323e-017,-0,0,0,0,1</mat>
				</frame>
				<frame num='20'>
					<mat>1,-0,0,0,0,6.12323e-017,1,0,-0,-1,6.12323e-017,-0,0,0,0,1</mat>
				</frame>
				<frame num='21'>
					<mat>1,-0,0,0,0,6.12323e-017,1,0,-0,-1,6.12323e-017,-0,0,0,0,1</mat>
				</frame>
				<frame num='22'>
					<mat>1,-0,0,0,0,6.12323e-017,1,0,-0,-1,6.12323e-017,-0,0,0,0,1</mat>
				</frame>
				<frame num='23'>
					<mat>1,-0,0,0,0,6.12323e-017,1,0,-0,-1,6.12323e-017,-0,0,0,0,1</mat>
				</frame>
				<frame num='24'>
					<mat>1,-0,0,0,0,6.12323e-017,1,0,-0,-1,6.12323e-017,-0,0,0,0,1</mat>
				</frame>
				<frame num='25'>
					<mat>1,-0,0,0,0,6.12323e-017,1,0,-0,-1,6.12323e-017,-0,0,0,0,1</mat>
				</frame>
				<frame num='26'>
					<mat>1,-0,0,0,0,6.12323e-017,1,0,-0,-1,6.12323e-017,-0,0,0,0,1</mat>
				</frame>
				<frame num='27'>
					<mat>1,-0,0,0,0,6.12323e-017,1,0,-0,-1,6.12323e-017,-0,0,0,0,1</mat>
				</frame>
				<frame num='28'>
					<mat>1,-0,0,0,0,6.12323e-017,1,0,-0,-1,6.12323e-017,-0,0,0,0,1</mat>
				</frame>
				<frame num='29'>
					<mat>1,-0,0,0,0,6.12323e-017,1,0,-0,-1,6.12323e-017,-0,0,0,0,1</mat>
				</frame>
				<frame num='30'>
					<mat>1,-0,0,0,0,6.12323e-017,1,0,-0,-1,6.12323e-017,-0,0,0,0,1</mat>
				</frame>
				<frame num='31'>
					<mat>1,-0,0,0,0,6.12323e-017,1,0,-0,-1,6.12323e-017,-0,0,0,0,1</mat>
				</frame>
				<frame num='32'>
					<mat>1,-0,0,0,0,6.12323e-017,1,0,-0,-1,6.12323e-017,-0,0,0,0,1</mat>
				</frame>
				<frame num='33'>
					<mat>1,-0,0,0,0,6.12323e-017,1,0,-0,-1,6.12323e-017,-0,0,0,0,1</mat>
				</frame>
				<frame num='34'>
					<mat>1,-0,0,0,0,6.12323e-017,1,0,-0,-1,6.12323e-017,-0,0,0,0,1</mat>
				</frame>
			</track>
			<track id = '1' name='JNT_Body'>
				<frame num='-1'>
					<mat>1,-0,0,0,0,6.12323e-017,1,-9.00769,-0,-1,6.12323e-017,-7.4511,0,0,0,1</mat>
				</frame>
				<frame num='0'>
					<mat>1,-0,0,0,0,6.12323e-017,1,-9.00769,-0,-1,6.12323e-017,-7.4511,0,0,0,1</mat>
				</frame>
				<frame num='1'>
					<mat>1,-0,0,0,0,6.12323e-017,1,-9.00769,-0,-1,6.12323e-017,-7.4511,0,0,0,1</mat>
				</frame>
				<frame num='2'>
					<mat>1,-0,0,0,0,6.12323e-017,1,-9.00769,-0,-1,6.12323e-017,-7.4511,0,0,0,1</mat>
				</frame>
				<frame num='3'>
					<mat>1,-0,0,0,0,6.12323e-017,1,-9.00769,-0,-1,6.12323e-017,-7.4511,0,0,0,1</mat>
				</frame>
				<frame num='4'>
					<mat>1,-0,0,0,0,6.12323e-017,1,-9.00769,-0,-1,6.12323e-017,-7.4511,0,0,0,1</mat>
				</frame>
				<frame num='5'>
					<mat>1,-0,0,0,0,6.12323e-017,1,-9.00769,-0,-1,6.12323e-017,-7.4511,0,0,0,1</mat>
				</frame>
				<frame num='6'>
					<mat>1,-0,0,0,0,6.12323e-017,1,-9.00769,-0,-1,6.12323e-017,-7.4511,0,0,0,1</mat>
				</frame>
				<frame num='7'>
					<mat>1,-0,0,0,0,6.12323e-017,1,-9.00769,-0,-1,6.12323e-017,-7.4511,0,0,0,1</mat>
				</frame>
				<frame num='8'>
					<mat>1,-0,0,0,0,6.12323e-017,1,-9.00769,-0,-1,6.12323e-017,-7.4511,0,0,0,1</mat>
				</frame>
				<frame num='9'>
					<mat>1,-0,0,0,0,6.12323e-017,1,-9.00769,-0,-1,6.12323e-017,-7.4511,0,0,0,1</mat>
				</frame>
				<frame num='10'>
					<mat>1,-0,0,0,0,6.12323e-017,1,-9.00769,-0,-1,6.12323e-017,-7.4511,0,0,0,1</mat>
				</frame>
				<frame num='11'>
					<mat>1,0,-0,0,0,-0.0103672,0.999946,-9.88505,-0,-0.999946,-0.0103672,-7.12259,0,0,0,1</mat>
				</frame>
				<frame num='12'>
					<mat>1,-0,0,0,0,0.0832481,0.996529,-1.82711,-0,-0.996529,0.0832481,-10.1209,0,0,0,1</mat>
				</frame>
				<frame num='13'>
					<mat>1,-0,0,0,0,0.351194,0.936303,20.5095,-0,-0.936303,0.351194,-18.6035,0,0,0,1</mat>
				</frame>
				<frame num='14'>
					<mat>1,-0,0,0,0,0.463502,0.886096,26.6488,-0,-0.886096,0.463502,-21.7151,0,0,0,1</mat>
				</frame>
				<frame num='15'>
					<mat>1,-0,0,0,0,0.454239,0.89088,20.5514,-0,-0.89088,0.454239,-21.0518,0,0,0,1</mat>
				</frame>
				<frame num='16'>
					<mat>1,-0,0,0,0,0.398321,0.917246,13.4518,-0,-0.917246,0.398321,-20.0715,0,0,0,1</mat>
				</frame>
				<frame num='17'>
					<mat>1,-0,0,0,0,0.276385,0.961047,5.70348,-0,-0.961047,0.276385,-18.2486,0,0,0,1</mat>
				</frame>
				<frame num='18'>
					<mat>1,-0,0,0,0,0.121253,0.992622,-1.39617,-0,-0.992622,0.121253,-15.9286,0,0,0,1</mat>
				</frame>
				<frame num='19'>
					<mat>1,0,-0,0,0,-0.00856823,0.999963,-6.48213,-0,-0.999963,-0.00856823,-13.6173,0,0,0,1</mat>
				</frame>
				<frame num='20'>
					<mat>1,0,-0,0,0,-0.0685365,0.997649,-8.73887,-0,-0.997649,-0.0685365,-11.6829,0,0,0,1</mat>
				</frame>
				<frame num='21'>
					<mat>1,0,-0,0,0,-0.065267,0.997868,-9.05977,-0,-0.997868,-0.065267,-10.1286,0,0,0,1</mat>
				</frame>
				<frame num='22'>
					<mat>1,0,-0,0,0,-0.0391023,0.999235,-9.00769,-0,-0.999235,-0.0391023,-8.82202,0,0,0,1</mat>
				</frame>
				<frame num='23'>
					<mat>1,0,-0,0,0,-0.0141649,0.9999,-9.00769,-0,-0.9999,-0.0141649,-7.89159,0,0,0,1</mat>
				</frame>
				<frame num='24'>
					<mat>1,0,-0,0,0,-0.00142188,0.999999,-9.00769,-0,-0.999999,-0.00142188,-7.49089,0,0,0,1</mat>
				</frame>
				<frame num='25'>
					<mat>1,-0,0,0,0,0.000208385,1,-9.00769,-0,-1,0.000208385,-7.44483,0,0,0,1</mat>
				</frame>
				<frame num='26'>
					<mat>1,-0,0,0,0,6.12323e-017,1,-9.00769,-0,-1,6.12323e-017,-7.4511,0,0,0,1</mat>
				</frame>
				<frame num='27'>
					<mat>1,-0,0,0,0,6.12323e-017,1,-9.00769,-0,-1,6.12323e-017,-7.4511,0,0,0,1</mat>
				</frame>
				<frame num='28'>
					<mat>1,-0,0,0,0,6.12323e-017,1,-9.00769,-0,-1,6.12323e-017,-7.4511,0,0,0,1</mat>
				</frame>
				<frame num='29'>
					<mat>1,-0,0,0,0,6.12323e-017,1,-9.00769,-0,-1,6.12323e-017,-7.4511,0,0,0,1</mat>
				</frame>
				<frame num='30'>
					<mat>1,-0,0,0,0,6.12323e-017,1,-9.00769,-0,-1,6.12323e-017,-7.4511,0,0,0,1</mat>
				</frame>
				<frame num='31'>
					<mat>1,-0,0,0,0,6.12323e-017,1,-9.00769,-0,-1,6.12323e-017,-7.4511,0,0,0,1</mat>
				</frame>
				<frame num='32'>
					<mat>1,-0,0,0,0,6.12323e-017,1,-9.00769,-0,-1,6.12323e-017,-7.4511,0,0,0,1</mat>
				</frame>
				<frame num='33'>
					<mat>1,-0,0,0,0,6.12323e-017,1,-9.00769,-0,-1,6.12323e-017,-7.4511,0,0,0,1</mat>
				</frame>
				<frame num='34'>
					<mat>1,-0,0,0,0,6.12323e-017,1,-9.00769,-0,-1,6.12323e-017,-7.4511,0,0,0,1</mat>
				</frame>
			</track>
			<track id = '2' name='JNT_R_BackWheel'>
				<frame num='-1'>
					<mat>1,-1.96938e-032,-1.22465e-016,-38.5537,1.22465e-016,2.83277e-016,1,19.6237,1.49976e-032,-1,2.83277e-016,-14.5862,0,0,0,1</mat>
				</frame>
				<frame num='0'>
					<mat>1,-1.96938e-032,-1.22465e-016,-38.5537,1.22465e-016,2.83277e-016,1,19.6237,1.49976e-032,-1,2.83277e-016,-14.5862,0,0,0,1</mat>
				</frame>
				<frame num='1'>
					<mat>1,-1.96938e-032,-1.22465e-016,-38.5537,1.22465e-016,2.83277e-016,1,19.6237,1.49976e-032,-1,2.83277e-016,-14.5862,0,0,0,1</mat>
				</frame>
				<frame num='2'>
					<mat>1,-1.96938e-032,-1.22465e-016,-38.5537,1.22465e-016,2.83277e-016,1,19.6237,1.49976e-032,-1,2.83277e-016,-14.5862,0,0,0,1</mat>
				</frame>
				<frame num='3'>
					<mat>1,-1.96938e-032,-1.22465e-016,-38.5537,1.22465e-016,2.83277e-016,1,19.6237,1.49976e-032,-1,2.83277e-016,-14.5862,0,0,0,1</mat>
				</frame>
				<frame num='4'>
					<mat>1,-1.96938e-032,-1.22465e-016,-38.5537,1.22465e-016,2.83277e-016,1,19.6237,1.49976e-032,-1,2.83277e-016,-14.5862,0,0,0,1</mat>
				</frame>
				<frame num='5'>
					<mat>1,-1.96938e-032,-1.22465e-016,-38.5537,1.22465e-016,2.83277e-016,1,19.6237,1.49976e-032,-1,2.83277e-016,-14.5862,0,0,0,1</mat>
				</frame>
				<frame num='6'>
					<mat>1,-1.96938e-032,-1.22465e-016,-38.5537,1.22465e-016,2.83277e-016,1,19.6237,1.49976e-032,-1,2.83277e-016,-14.5862,0,0,0,1</mat>
				</frame>
				<frame num='7'>
					<mat>1,-1.96938e-032,-1.22465e-016,-38.5537,1.22465e-016,2.83277e-016,1,19.6237,1.49976e-032,-1,2.83277e-016,-14.5862,0,0,0,1</mat>
				</frame>
				<frame num='8'>
					<mat>1,-1.96938e-032,-1.22465e-016,-38.5537,1.22465e-016,2.83277e-016,1,19.6237,1.49976e-032,-1,2.83277e-016,-14.5862,0,0,0,1</mat>
				</frame>
				<frame num='9'>
					<mat>1,-1.96938e-032,-1.22465e-016,-38.5537,1.22465e-016,2.83277e-016,1,19.6237,1.49976e-032,-1,2.83277e-016,-14.5862,0,0,0,1</mat>
				</frame>
				<frame num='10'>
					<mat>1,-1.96938e-032,-1.22465e-016,-38.5537,1.22465e-016,2.83277e-016,1,19.6237,1.49976e-032,-1,2.83277e-016,-14.5862,0,0,0,1</mat>
				</frame>
				<frame num='11'>
					<mat>1,-1.96445e-032,-1.22465e-016,-38.5537,1.22458e-016,-0.0103672,0.999946,18.6708,-1.26962e-018,-0.999946,-0.0103672,-14.5541,0,0,0,1</mat>
				</frame>
				<frame num='12'>
					<mat>1,-2.00297e-032,-1.22465e-016,-38.5537,1.2204e-016,0.0832481,0.996529,27.2989,1.01949e-017,-0.996529,0.0832481,-14.8477,0,0,0,1</mat>
				</frame>
				<frame num='13'>
					<mat>1,0,-1.22465e-016,-38.5537,1.14664e-016,0.351194,0.936303,49.823,4.30088e-017,-0.936303,0.351194,-15.2289,0,0,0,1</mat>
				</frame>
				<frame num='14'>
					<mat>1,-1.2326e-032,-1.22465e-016,-38.5537,1.08515e-016,0.463502,0.886096,55.3261,5.67626e-017,-0.886096,0.463502,-14.7668,0,0,0,1</mat>
				</frame>
				<frame num='15'>
					<mat>1,-2.46519e-032,-1.22465e-016,-38.5537,1.09101e-016,0.454239,0.89088,49.2996,5.56282e-017,-0.89088,0.454239,-14.4028,0,0,0,1</mat>
				</frame>
				<frame num='16'>
					<mat>1,6.16298e-033,-1.22465e-016,-38.5537,1.1233e-016,0.398321,0.917246,42.5558,4.87802e-017,-0.917246,0.398321,-15.2117,0,0,0,1</mat>
				</frame>
				<frame num='17'>
					<mat>1,0,-1.22465e-016,-38.5537,1.17694e-016,0.276385,0.961047,35.1916,3.38475e-017,-0.961047,0.276385,-17.1925,0,0,0,1</mat>
				</frame>
				<frame num='18'>
					<mat>1,6.16298e-033,-1.22465e-016,-38.5537,1.21561e-016,0.121253,0.992622,27.8891,1.48492e-017,-0.992622,0.121253,-19.5394,0,0,0,1</mat>
				</frame>
				<frame num='19'>
					<mat>1,-4.69927e-032,-1.22465e-016,-38.5537,1.2246e-016,-0.00856823,0.999963,22.0871,-1.04931e-018,-0.999963,-0.00856823,-20.9974,0,0,0,1</mat>
				</frame>
				<frame num='20'>
					<mat>1,-2.00297e-032,-1.22465e-016,-38.5537,1.22177e-016,-0.0685365,0.997649,19.3362,-8.3933e-018,-0.997649,-0.0685365,-20.7636,0,0,0,1</mat>
				</frame>
				<frame num='21'>
					<mat>1,9.24446e-033,-1.22465e-016,-38.5537,1.22204e-016,-0.065267,0.997868,19.0449,-7.9929e-018,-0.997868,-0.065267,-19.1172,0,0,0,1</mat>
				</frame>
				<frame num='22'>
					<mat>1,-1.84889e-032,-1.22465e-016,-38.5537,1.22371e-016,-0.0391023,0.999235,19.3228,-4.78865e-018,-0.999235,-0.0391023,-17.0712,0,0,0,1</mat>
				</frame>
				<frame num='23'>
					<mat>1,-1.98371e-032,-1.22465e-016,-38.5537,1.22452e-016,-0.0141649,0.9999,19.5197,-1.73469e-018,-0.9999,-0.0141649,-15.4315,0,0,0,1</mat>
				</frame>
				<frame num='24'>
					<mat>1,-1.97167e-032,-1.22465e-016,-38.5537,1.22465e-016,-0.00142188,0.999999,19.6135,-1.7413e-019,-0.999999,-0.00142188,-14.6667,0,0,0,1</mat>
				</frame>
				<frame num='25'>
					<mat>1,-1.96926e-032,-1.22465e-016,-38.5537,1.22465e-016,0.000208385,1,19.6252,2.55198e-020,-1,0.000208385,-14.574,0,0,0,1</mat>
				</frame>
				<frame num='26'>
					<mat>1,-1.96938e-032,-1.22465e-016,-38.5537,1.22465e-016,2.83277e-016,1,19.6237,1.49976e-032,-1,2.83277e-016,-14.5862,0,0,0,1</mat>
				</frame>
				<frame num='27'>
					<mat>1,-1.96938e-032,-1.22465e-016,-38.5537,1.22465e-016,2.83277e-016,1,19.6237,1.49976e-032,-1,2.83277e-016,-14.5862,0,0,0,1</mat>
				</frame>
				<frame num='28'>
					<mat>1,-1.96938e-032,-1.22465e-016,-38.5537,1.22465e-016,2.83277e-016,1,19.6237,1.49976e-032,-1,2.83277e-016,-14.5862,0,0,0,1</mat>
				</frame>
				<frame num='29'>
					<mat>1,-1.96938e-032,-1.22465e-016,-38.5537,1.22465e-016,2.83277e-016,1,19.6237,1.49976e-032,-1,2.83277e-016,-14.5862,0,0,0,1</mat>
				</frame>
				<frame num='30'>
					<mat>1,-1.96938e-032,-1.22465e-016,-38.5537,1.22465e-016,2.83277e-016,1,19.6237,1.49976e-032,-1,2.83277e-016,-14.5862,0,0,0,1</mat>
				</frame>
				<frame num='31'>
					<mat>1,-1.96938e-032,-1.22465e-016,-38.5537,1.22465e-016,2.83277e-016,1,19.6237,1.49976e-032,-1,2.83277e-016,-14.5862,0,0,0,1</mat>
				</frame>
				<frame num='32'>
					<mat>1,-1.96938e-032,-1.22465e-016,-38.5537,1.22465e-016,2.83277e-016,1,19.6237,1.49976e-032,-1,2.83277e-016,-14.5862,0,0,0,1</mat>
				</frame>
				<frame num='33'>
					<mat>1,-1.96938e-032,-1.22465e-016,-38.5537,1.22465e-016,2.83277e-016,1,19.6237,1.49976e-032,-1,2.83277e-016,-14.5862,0,0,0,1</mat>
				</frame>
				<frame num='34'>
					<mat>1,-1.96938e-032,-1.22465e-016,-38.5537,1.22465e-016,2.83277e-016,1,19.6237,1.49976e-032,-1,2.83277e-016,-14.5862,0,0,0,1</mat>
				</frame>
			</track>
			<track id = '3' name='JNT_R_FrontWheel'>
				<frame num='-1'>
					<mat>1,-7.4988e-033,-1.22465e-016,-28.7815,1.22465e-016,6.12323e-017,1,-41.6414,1.19036e-040,-1,6.12323e-017,-7.5313,0,0,0,1</mat>
				</frame>
				<frame num='0'>
					<mat>1,-7.4988e-033,-1.22465e-016,-28.7815,1.22465e-016,6.12323e-017,1,-41.6414,5.7165e-040,-1,6.12323e-017,-7.5313,0,0,0,1</mat>
				</frame>
				<frame num='1'>
					<mat>1,-7.4988e-033,-1.22465e-016,-28.7815,1.22465e-016,6.12323e-017,1,-41.6414,5.7165e-040,-1,6.12323e-017,-7.5313,0,0,0,1</mat>
				</frame>
				<frame num='2'>
					<mat>1,-7.4988e-033,-1.22465e-016,-28.7815,1.22465e-016,6.12323e-017,1,-41.6414,5.7165e-040,-1,6.12323e-017,-7.5313,0,0,0,1</mat>
				</frame>
				<frame num='3'>
					<mat>1,-7.4988e-033,-1.22465e-016,-28.7815,1.22465e-016,6.12323e-017,1,-41.6414,5.7165e-040,-1,6.12323e-017,-7.5313,0,0,0,1</mat>
				</frame>
				<frame num='4'>
					<mat>1,-7.4988e-033,-1.22465e-016,-28.7815,1.22465e-016,6.12323e-017,1,-41.6414,5.7165e-040,-1,6.12323e-017,-7.5313,0,0,0,1</mat>
				</frame>
				<frame num='5'>
					<mat>1,-7.4988e-033,-1.22465e-016,-28.7815,1.22465e-016,6.12323e-017,1,-41.6414,5.7165e-040,-1,6.12323e-017,-7.5313,0,0,0,1</mat>
				</frame>
				<frame num='6'>
					<mat>1,-7.4988e-033,-1.22465e-016,-28.7815,1.22465e-016,6.12323e-017,1,-41.6414,5.7165e-040,-1,6.12323e-017,-7.5313,0,0,0,1</mat>
				</frame>
				<frame num='7'>
					<mat>1,-7.4988e-033,-1.22465e-016,-28.7815,1.22465e-016,6.12323e-017,1,-41.6414,5.7165e-040,-1,6.12323e-017,-7.5313,0,0,0,1</mat>
				</frame>
				<frame num='8'>
					<mat>1,-7.4988e-033,-1.22465e-016,-28.7815,1.22465e-016,6.12323e-017,1,-41.6414,5.7165e-040,-1,6.12323e-017,-7.5313,0,0,0,1</mat>
				</frame>
				<frame num='9'>
					<mat>1,-7.4988e-033,-1.22465e-016,-28.7815,1.22465e-016,6.12323e-017,1,-41.6414,5.7165e-040,-1,6.12323e-017,-7.5313,0,0,0,1</mat>
				</frame>
				<frame num='10'>
					<mat>1,-7.4988e-033,-1.22465e-016,-28.7815,1.22465e-016,6.12323e-017,1,-41.6414,5.7165e-040,-1,6.12323e-017,-7.5313,0,0,0,1</mat>
				</frame>
				<frame num='11'>
					<mat>1,-7.70372e-033,-1.22465e-016,-28.7815,1.22458e-016,-0.0103672,0.999946,-42.5179,-1.26962e-018,-0.999946,-0.0103672,-6.86447,0,0,0,1</mat>
				</frame>
				<frame num='12'>
					<mat>1,-7.70372e-033,-1.22465e-016,-28.7815,1.2204e-016,0.0832481,0.996529,-34.3409,1.01949e-017,-0.996529,0.0832481,-12.9175,0,0,0,1</mat>
				</frame>
				<frame num='13'>
					<mat>1,-6.16298e-033,-1.22465e-016,-28.7815,1.14664e-016,0.351194,0.936303,-10.0173,4.30088e-017,-0.936303,0.351194,-30.1393,0,0,0,1</mat>
				</frame>
				<frame num='14'>
					<mat>1,1.2326e-032,-1.22465e-016,-28.7815,1.08515e-016,0.463502,0.886096,-2.2306,5.67626e-017,-0.886096,0.463502,-36.912,0,0,0,1</mat>
				</frame>
				<frame num='15'>
					<mat>1,-1.2326e-032,-1.22465e-016,-28.7815,1.09101e-016,0.454239,0.89088,-8.48487,5.56282e-017,-0.89088,0.454239,-35.9468,0,0,0,1</mat>
				</frame>
				<frame num='16'>
					<mat>1,-6.16298e-033,-1.22465e-016,-28.7815,1.1233e-016,0.398321,0.917246,-16.4495,4.87802e-017,-0.917246,0.398321,-33.1438,0,0,0,1</mat>
				</frame>
				<frame num='17'>
					<mat>1,6.16298e-033,-1.22465e-016,-28.7815,1.17694e-016,0.276385,0.961047,-25.6369,3.38475e-017,-0.961047,0.276385,-27.3452,0,0,0,1</mat>
				</frame>
				<frame num='18'>
					<mat>1,2.15704e-032,-1.22465e-016,-28.7815,1.21561e-016,0.121253,0.992622,-33.7794,1.48492e-017,-0.992622,0.121253,-19.9652,0,0,0,1</mat>
				</frame>
				<frame num='19'>
					<mat>1,-7.70372e-033,-1.22465e-016,-28.7815,1.2246e-016,-0.00856823,0.999963,-39.1154,-1.04931e-018,-0.999963,-0.00856823,-13.4179,0,0,0,1</mat>
				</frame>
				<frame num='20'>
					<mat>1,-9.24446e-033,-1.22465e-016,-28.7815,1.22177e-016,-0.0685365,0.997649,-41.3014,-8.3933e-018,-0.997649,-0.0685365,-9.52636,0,0,0,1</mat>
				</frame>
				<frame num='21'>
					<mat>1,1.84889e-032,-1.22465e-016,-28.7815,1.22204e-016,-0.065267,0.997868,-41.6292,-7.9929e-018,-0.997868,-0.065267,-8.07874,0,0,0,1</mat>
				</frame>
				<frame num='22'>
					<mat>1,-6.93335e-033,-1.22465e-016,-28.7815,1.22371e-016,-0.0391023,0.999235,-41.6196,-4.78865e-018,-0.999235,-0.0391023,-7.62611,0,0,0,1</mat>
				</frame>
				<frame num='23'>
					<mat>1,-7.70372e-033,-1.22465e-016,-28.7815,1.22452e-016,-0.0141649,0.9999,-41.6393,-1.73469e-018,-0.9999,-0.0141649,-7.50953,0,0,0,1</mat>
				</frame>
				<frame num='24'>
					<mat>1,-7.48705e-033,-1.22465e-016,-28.7815,1.22465e-016,-0.00142188,0.999999,-41.6415,-1.7413e-019,-0.999999,-0.00142188,-7.52469,0,0,0,1</mat>
				</frame>
				<frame num='25'>
					<mat>1,-7.49909e-033,-1.22465e-016,-28.7815,1.22465e-016,0.000208385,1,-41.6414,2.55198e-020,-1,0.000208385,-7.53184,0,0,0,1</mat>
				</frame>
				<frame num='26'>
					<mat>1,-7.4988e-033,-1.22465e-016,-28.7815,1.22465e-016,6.12323e-017,1,-41.6414,5.7165e-040,-1,6.12323e-017,-7.5313,0,0,0,1</mat>
				</frame>
				<frame num='27'>
					<mat>1,-7.4988e-033,-1.22465e-016,-28.7815,1.22465e-016,6.12323e-017,1,-41.6414,5.7165e-040,-1,6.12323e-017,-7.5313,0,0,0,1</mat>
				</frame>
				<frame num='28'>
					<mat>1,-7.4988e-033,-1.22465e-016,-28.7815,1.22465e-016,6.12323e-017,1,-41.6414,5.7165e-040,-1,6.12323e-017,-7.5313,0,0,0,1</mat>
				</frame>
				<frame num='29'>
					<mat>1,-7.4988e-033,-1.22465e-016,-28.7815,1.22465e-016,6.12323e-017,1,-41.6414,5.7165e-040,-1,6.12323e-017,-7.5313,0,0,0,1</mat>
				</frame>
				<frame num='30'>
					<mat>1,-7.4988e-033,-1.22465e-016,-28.7815,1.22465e-016,6.12323e-017,1,-41.6414,5.7165e-040,-1,6.12323e-017,-7.5313,0,0,0,1</mat>
				</frame>
				<frame num='31'>
					<mat>1,-7.4988e-033,-1.22465e-016,-28.7815,1.22465e-016,6.12323e-017,1,-41.6414,5.7165e-040,-1,6.12323e-017,-7.5313,0,0,0,1</mat>
				</frame>
				<frame num='32'>
					<mat>1,-7.4988e-033,-1.22465e-016,-28.7815,1.22465e-016,6.12323e-017,1,-41.6414,5.7165e-040,-1,6.12323e-017,-7.5313,0,0,0,1</mat>
				</frame>
				<frame num='33'>
					<mat>1,-7.4988e-033,-1.22465e-016,-28.7815,1.22465e-016,6.12323e-017,1,-41.6414,5.7165e-040,-1,6.12323e-017,-7.5313,0,0,0,1</mat>
				</frame>
				<frame num='34'>
					<mat>1,-7.4988e-033,-1.22465e-016,-28.7815,1.22465e-016,6.12323e-017,1,-41.6414,5.7165e-040,-1,6.12323e-017,-7.5313,0,0,0,1</mat>
				</frame>
			</track>
			<track id = '4' name='JNT_MainCannon01'>
				<frame num='-1'>
					<mat>5.66193e-017,3.7916e-017,1,0,-0.924664,0.380785,3.7916e-017,-39.3434,-0.380785,-0.924664,5.66193e-017,-37.4381,0,0,0,1</mat>
				</frame>
				<frame num='0'>
					<mat>0.000313631,-4.0128e-005,1,0,-0.967787,0.251772,0.000313631,-39.3434,-0.251772,-0.967787,4.0128e-005,-37.4381,0,0,0,1</mat>
				</frame>
				<frame num='1'>
					<mat>-0.00185678,1.64274e-005,0.999998,0,-0.999842,0.0176931,-0.00185678,-39.3434,-0.0176931,-0.999843,-1.64274e-005,-37.4381,0,0,0,1</mat>
				</frame>
				<frame num='2'>
					<mat>0.014349,0.00083493,0.999897,0,-0.993148,-0.115976,0.014349,-39.3434,0.115976,-0.993252,-0.00083493,-37.4381,0,0,0,1</mat>
				</frame>
				<frame num='3'>
					<mat>-0.0130627,-0.00035446,0.999915,0,-0.998443,-0.0542285,-0.0130627,-39.3434,0.0542285,-0.998528,0.00035446,-37.4381,0,0,0,1</mat>
				</frame>
				<frame num='4'>
					<mat>0.00120485,-4.3627e-006,0.999999,0,-0.999973,0.00724179,0.00120485,-39.3434,-0.00724179,-0.999974,4.3627e-006,-37.4381,0,0,0,1</mat>
				</frame>
				<frame num='5'>
					<mat>6.12202e-017,6.00126e-017,1,0,-0.999802,0.0199203,6.00126e-017,-39.3434,-0.0199203,-0.999802,6.12202e-017,-37.4381,0,0,0,1</mat>
				</frame>
				<frame num='6'>
					<mat>6.12209e-017,6.00493e-017,1,0,-0.999813,0.0193202,6.00493e-017,-39.3434,-0.0193202,-0.999813,6.12209e-017,-37.4381,0,0,0,1</mat>
				</frame>
				<frame num='7'>
					<mat>6.12209e-017,6.00493e-017,1,0,-0.999813,0.0193202,6.00493e-017,-39.3434,-0.0193202,-0.999813,6.12209e-017,-37.4381,0,0,0,1</mat>
				</frame>
				<frame num='8'>
					<mat>6.12209e-017,6.00493e-017,1,0,-0.999813,0.0193202,6.00493e-017,-39.3434,-0.0193202,-0.999813,6.12209e-017,-37.4381,0,0,0,1</mat>
				</frame>
				<frame num='9'>
					<mat>6.12209e-017,6.00493e-017,1,0,-0.999813,0.0193202,6.00493e-017,-39.3434,-0.0193202,-0.999813,6.12209e-017,-37.4381,0,0,0,1</mat>
				</frame>
				<frame num='10'>
					<mat>6.12209e-017,6.00493e-017,1,0,-0.999813,0.0193202,6.00493e-017,-39.3434,-0.0193202,-0.999813,6.12209e-017,-37.4381,0,0,0,1</mat>
				</frame>
				<frame num='11'>
					<mat>0.0012074,-5.97775e-006,0.999999,0,-0.999999,-0.000465629,0.00120739,-40.53,0.000465622,-1,-6.53994e-006,-36.7934,0,0,0,1</mat>
				</frame>
				<frame num='12'>
					<mat>-0.0864965,0.00203996,0.99625,0,-0.987769,0.130046,-0.0860265,-29.5612,-0.129734,-0.991506,-0.00923355,-42.5291,0,0,0,1</mat>
				</frame>
				<frame num='13'>
					<mat>0.0705324,0.0110899,0.997448,0,-0.996429,0.0473065,0.0699344,2.63736,-0.0464102,-0.998819,0.014387,-57.334,0,0,0,1</mat>
				</frame>
				<frame num='14'>
					<mat>0.0374264,0.00426577,0.99929,0,-0.967014,0.252288,0.0351405,13.6675,-0.25196,-0.967643,0.0135673,-62.3471,0,0,0,1</mat>
				</frame>
				<frame num='15'>
					<mat>-0.10086,-0.000865197,0.9949,0,-0.893978,0.438928,-0.090247,7.1472,-0.436612,-0.898522,-0.0450437,-61.5462,0,0,0,1</mat>
				</frame>
				<frame num='16'>
					<mat>0.0508808,-0.00643262,0.998684,0,-0.788132,0.613924,0.044108,-2.42913,-0.613399,-0.789339,0.0261672,-59.6603,0,0,0,1</mat>
				</frame>
				<frame num='17'>
					<mat>4.97502e-017,2.55348e-017,1,0,-0.812482,0.582986,2.55348e-017,-15.1626,-0.582986,-0.812482,4.97502e-017,-55.4519,0,0,0,1</mat>
				</frame>
				<frame num='18'>
					<mat>5.41091e-017,3.25687e-017,1,0,-0.883668,0.468114,3.25687e-017,-27.872,-0.468114,-0.883668,5.41091e-017,-49.3726,0,0,0,1</mat>
				</frame>
				<frame num='19'>
					<mat>5.82831e-017,4.24578e-017,1,0,-0.951835,0.306611,4.24578e-017,-37.0737,-0.306611,-0.951835,5.82831e-017,-43.3432,0,0,0,1</mat>
				</frame>
				<frame num='20'>
					<mat>0.023275,-0.00118017,0.999728,0,-0.999193,0.0327146,0.0233012,-41.0584,-0.0327332,-0.999464,-0.000417789,-39.5203,0,0,0,1</mat>
				</frame>
				<frame num='21'>
					<mat>-0.0673646,-0.00123613,0.997728,0,-0.992538,-0.101791,-0.0671403,-41.288,0.101642,-0.994805,0.00563018,-38.0717,0,0,0,1</mat>
				</frame>
				<frame num='22'>
					<mat>0.0125635,0.000648959,0.999921,0,-0.98981,-0.141845,0.0125285,-40.4928,0.141842,-0.989889,-0.00113972,-37.5998,0,0,0,1</mat>
				</frame>
				<frame num='23'>
					<mat>0.0114496,0.000277454,0.999934,0,-0.997974,-0.0625785,0.0114445,-39.7651,0.0625776,-0.99804,-0.000439608,-37.4458,0,0,0,1</mat>
				</frame>
				<frame num='24'>
					<mat>-0.0185334,0.000180652,0.999828,0,-0.999665,0.0180696,-0.0185337,-39.386,-0.0180698,-0.999837,-0.0001543,-37.4347,0,0,0,1</mat>
				</frame>
				<frame num='25'>
					<mat>0.00697252,-0.000315064,0.999976,0,-0.995882,0.0903955,0.00697245,-39.3372,-0.0903955,-0.995906,0.000316517,-37.4381,0,0,0,1</mat>
				</frame>
				<frame num='26'>
					<mat>6.02798e-017,5.04737e-017,1,0,-0.984443,0.175701,5.04737e-017,-39.3434,-0.175701,-0.984443,6.02798e-017,-37.4381,0,0,0,1</mat>
				</frame>
				<frame num='27'>
					<mat>5.92244e-017,4.56803e-017,1,0,-0.967208,0.253984,4.56803e-017,-39.3434,-0.253984,-0.967208,5.92244e-017,-37.4381,0,0,0,1</mat>
				</frame>
				<frame num='28'>
					<mat>5.8037e-017,4.17104e-017,1,0,-0.947816,0.318817,4.17104e-017,-39.3434,-0.318817,-0.947816,5.8037e-017,-37.4381,0,0,0,1</mat>
				</frame>
				<frame num='29'>
					<mat>5.70633e-017,3.90248e-017,1,0,-0.931915,0.362677,3.90248e-017,-39.3434,-0.362677,-0.931915,5.70633e-017,-37.4381,0,0,0,1</mat>
				</frame>
				<frame num='30'>
					<mat>5.66402e-017,3.79668e-017,1,0,-0.925005,0.379955,3.79668e-017,-39.3434,-0.379955,-0.925005,5.66402e-017,-37.4381,0,0,0,1</mat>
				</frame>
				<frame num='31'>
					<mat>5.66181e-017,3.79131e-017,1,0,-0.924644,0.380831,3.79131e-017,-39.3434,-0.380831,-0.924644,5.66181e-017,-37.4381,0,0,0,1</mat>
				</frame>
				<frame num='32'>
					<mat>5.66193e-017,3.7916e-017,1,0,-0.924664,0.380785,3.7916e-017,-39.3434,-0.380785,-0.924664,5.66193e-017,-37.4381,0,0,0,1</mat>
				</frame>
				<frame num='33'>
					<mat>5.66193e-017,3.7916e-017,1,0,-0.924664,0.380785,3.7916e-017,-39.3434,-0.380785,-0.924664,5.66193e-017,-37.4381,0,0,0,1</mat>
				</frame>
				<frame num='34'>
					<mat>5.66193e-017,3.7916e-017,1,0,-0.924664,0.380785,3.7916e-017,-39.3434,-0.380785,-0.924664,5.66193e-017,-37.4381,0,0,0,1</mat>
				</frame>
			</track>
			<track id = '5' name='JNT_MainCannon02'>
				<frame num='-1'>
					<mat>5.66193e-017,3.7916e-017,1,-6.11571e-015,-0.924664,0.380785,3.7916e-017,-67.7992,-0.380785,-0.924664,5.66193e-017,-49.1564,0,0,0,1</mat>
				</frame>
				<frame num='0'>
					<mat>0.000313631,-4.0128e-005,1,0.00965174,-0.967787,0.251772,0.000313631,-69.1263,-0.251772,-0.967787,4.0128e-005,-45.1861,0,0,0,1</mat>
				</frame>
				<frame num='1'>
					<mat>-0.00185678,1.64274e-005,0.999998,-0.057141,-0.999842,0.0176931,-0.00185678,-70.1128,-0.0176931,-0.999843,-1.64274e-005,-37.9825,0,0,0,1</mat>
				</frame>
				<frame num='2'>
					<mat>0.014349,0.00083493,0.999897,0.44158,-0.993148,-0.115976,0.014349,-69.9068,0.115976,-0.993252,-0.00083493,-33.869,0,0,0,1</mat>
				</frame>
				<frame num='3'>
					<mat>-0.0130627,-0.00035446,0.999915,-0.401994,-0.998443,-0.0542285,-0.0130627,-70.0697,0.0542285,-0.998528,0.00035446,-35.7692,0,0,0,1</mat>
				</frame>
				<frame num='4'>
					<mat>0.00120485,-4.3627e-006,0.999999,0.0370784,-0.999973,0.00724179,0.00120485,-70.1168,-0.00724179,-0.999974,4.3627e-006,-37.6609,0,0,0,1</mat>
				</frame>
				<frame num='5'>
					<mat>6.12202e-017,6.00126e-017,1,-6.79572e-015,-0.999802,0.0199203,6.00126e-017,-70.1115,-0.0199203,-0.999802,6.12202e-017,-38.0511,0,0,0,1</mat>
				</frame>
				<frame num='6'>
					<mat>6.12209e-017,6.00493e-017,1,-6.79685e-015,-0.999813,0.0193202,6.00493e-017,-70.1119,-0.0193202,-0.999813,6.12209e-017,-38.0326,0,0,0,1</mat>
				</frame>
				<frame num='7'>
					<mat>6.12209e-017,6.00493e-017,1,-6.79685e-015,-0.999813,0.0193202,6.00493e-017,-70.1119,-0.0193202,-0.999813,6.12209e-017,-38.0326,0,0,0,1</mat>
				</frame>
				<frame num='8'>
					<mat>6.12209e-017,6.00493e-017,1,-6.79685e-015,-0.999813,0.0193202,6.00493e-017,-70.1119,-0.0193202,-0.999813,6.12209e-017,-38.0326,0,0,0,1</mat>
				</frame>
				<frame num='9'>
					<mat>6.12209e-017,6.00493e-017,1,-6.79685e-015,-0.999813,0.0193202,6.00493e-017,-70.1119,-0.0193202,-0.999813,6.12209e-017,-38.0326,0,0,0,1</mat>
				</frame>
				<frame num='10'>
					<mat>6.12209e-017,6.00493e-017,1,-6.79685e-015,-0.999813,0.0193202,6.00493e-017,-70.1119,-0.0193202,-0.999813,6.12209e-017,-38.0326,0,0,0,1</mat>
				</frame>
				<frame num='11'>
					<mat>0.0012074,-5.97775e-006,0.999999,0.0371568,-0.999999,-0.000465629,0.00120739,-71.3042,0.000465622,-1,-6.53994e-006,-36.7791,0,0,0,1</mat>
				</frame>
				<frame num='12'>
					<mat>-0.0864965,0.00203996,0.99625,-2.66187,-0.987769,0.130046,-0.0860265,-59.959,-0.129734,-0.991506,-0.00923355,-46.5216,0,0,0,1</mat>
				</frame>
				<frame num='13'>
					<mat>0.0705324,0.0110899,0.997448,2.17058,-0.996429,0.0473065,0.0699344,-28.027,-0.0464102,-0.998819,0.014387,-58.7623,0,0,0,1</mat>
				</frame>
				<frame num='14'>
					<mat>0.0374264,0.00426577,0.99929,1.15177,-0.967014,0.252288,0.0351405,-16.0916,-0.25196,-0.967643,0.0135673,-70.101,0,0,0,1</mat>
				</frame>
				<frame num='15'>
					<mat>-0.10086,-0.000865197,0.9949,-3.10388,-0.893978,0.438928,-0.090247,-20.3643,-0.436612,-0.898522,-0.0450437,-74.9826,0,0,0,1</mat>
				</frame>
				<frame num='16'>
					<mat>0.0508808,-0.00643262,0.998684,1.56582,-0.788132,0.613924,0.044108,-26.6833,-0.613399,-0.789339,0.0261672,-78.5372,0,0,0,1</mat>
				</frame>
				<frame num='17'>
					<mat>4.97502e-017,2.55348e-017,1,-6.20063e-015,-0.812482,0.582986,2.55348e-017,-40.1661,-0.582986,-0.812482,4.97502e-017,-73.3928,0,0,0,1</mat>
				</frame>
				<frame num='18'>
					<mat>5.41091e-017,3.25687e-017,1,-6.15957e-015,-0.883668,0.468114,3.25687e-017,-55.0663,-0.468114,-0.883668,5.41091e-017,-63.7785,0,0,0,1</mat>
				</frame>
				<frame num='19'>
					<mat>5.82831e-017,4.24578e-017,1,-6.24014e-015,-0.951835,0.306611,4.24578e-017,-66.3657,-0.306611,-0.951835,5.82831e-017,-52.7789,0,0,0,1</mat>
				</frame>
				<frame num='20'>
					<mat>0.023275,-0.00118017,0.999728,0.716271,-0.999193,0.0327146,0.0233012,-71.8079,-0.0327332,-0.999464,-0.000417789,-40.5276,0,0,0,1</mat>
				</frame>
				<frame num='21'>
					<mat>-0.0673646,-0.00123613,0.997728,-2.0731,-0.992538,-0.101791,-0.0671403,-71.8326,0.101642,-0.994805,0.00563018,-34.9437,0,0,0,1</mat>
				</frame>
				<frame num='22'>
					<mat>0.0125635,0.000648959,0.999921,0.386632,-0.98981,-0.141845,0.0125285,-70.9534,0.141842,-0.989889,-0.00113972,-33.2348,0,0,0,1</mat>
				</frame>
				<frame num='23'>
					<mat>0.0114496,0.000277454,0.999934,0.352353,-0.997974,-0.0625785,0.0114445,-70.477,0.0625776,-0.99804,-0.000439608,-35.5201,0,0,0,1</mat>
				</frame>
				<frame num='24'>
					<mat>-0.0185334,0.000180652,0.999828,-0.570352,-0.999665,0.0180696,-0.0185337,-70.1499,-0.0180698,-0.999837,-0.0001543,-37.9908,0,0,0,1</mat>
				</frame>
				<frame num='25'>
					<mat>0.00697252,-0.000315064,0.999976,0.214574,-0.995882,0.0903955,0.00697245,-69.9847,-0.0903955,-0.995906,0.000316517,-40.22,0,0,0,1</mat>
				</frame>
				<frame num='26'>
					<mat>6.02798e-017,5.04737e-017,1,-6.50217e-015,-0.984443,0.175701,5.04737e-017,-69.6389,-0.175701,-0.984443,6.02798e-017,-42.8451,0,0,0,1</mat>
				</frame>
				<frame num='27'>
					<mat>5.92244e-017,4.56803e-017,1,-6.35465e-015,-0.967208,0.253984,4.56803e-017,-69.1085,-0.253984,-0.967208,5.92244e-017,-45.2542,0,0,0,1</mat>
				</frame>
				<frame num='28'>
					<mat>5.8037e-017,4.17104e-017,1,-6.23248e-015,-0.947816,0.318817,4.17104e-017,-68.5117,-0.318817,-0.947816,5.8037e-017,-47.2494,0,0,0,1</mat>
				</frame>
				<frame num='29'>
					<mat>5.70633e-017,3.90248e-017,1,-6.14983e-015,-0.931915,0.362677,3.90248e-017,-68.0224,-0.362677,-0.931915,5.70633e-017,-48.5992,0,0,0,1</mat>
				</frame>
				<frame num='30'>
					<mat>5.66402e-017,3.79668e-017,1,-6.11728e-015,-0.925005,0.379955,3.79668e-017,-67.8097,-0.379955,-0.925005,5.66402e-017,-49.1309,0,0,0,1</mat>
				</frame>
				<frame num='31'>
					<mat>5.66181e-017,3.79131e-017,1,-6.11562e-015,-0.924644,0.380831,3.79131e-017,-67.7986,-0.380831,-0.924644,5.66181e-017,-49.1579,0,0,0,1</mat>
				</frame>
				<frame num='32'>
					<mat>5.66193e-017,3.7916e-017,1,-6.11571e-015,-0.924664,0.380785,3.7916e-017,-67.7992,-0.380785,-0.924664,5.66193e-017,-49.1564,0,0,0,1</mat>
				</frame>
				<frame num='33'>
					<mat>5.66193e-017,3.7916e-017,1,-6.11571e-015,-0.924664,0.380785,3.7916e-017,-67.7992,-0.380785,-0.924664,5.66193e-017,-49.1564,0,0,0,1</mat>
				</frame>
				<frame num='34'>
					<mat>5.66193e-017,3.7916e-017,1,-6.11571e-015,-0.924664,0.380785,3.7916e-017,-67.7992,-0.380785,-0.924664,5.66193e-017,-49.1564,0,0,0,1</mat>
				</frame>
			</track>
			<track id = '6' name='JNT_MainCannon03'>
				<frame num='-1'>
					<mat>5.66193e-017,3.7916e-017,1,1.2887e-015,-0.924664,0.380785,3.7916e-017,-83.7448,-0.380785,-0.924664,5.66193e-017,-55.7229,0,0,0,1</mat>
				</frame>
				<frame num='0'>
					<mat>0.000313631,-4.0128e-005,1,0.0150602,-0.967787,0.251772,0.000313631,-85.8155,-0.251772,-0.967787,4.0128e-005,-49.5279,0,0,0,1</mat>
				</frame>
				<frame num='1'>
					<mat>-0.00185678,1.64274e-005,0.999998,-0.0891605,-0.999842,0.0176931,-0.00185678,-87.3547,-0.0176931,-0.999843,-1.64274e-005,-38.2877,0,0,0,1</mat>
				</frame>
				<frame num='2'>
					<mat>0.014349,0.00083493,0.999897,0.689025,-0.993148,-0.115976,0.014349,-87.0333,0.115976,-0.993252,-0.00083493,-31.869,0,0,0,1</mat>
				</frame>
				<frame num='3'>
					<mat>-0.0130627,-0.00035446,0.999915,-0.627255,-0.998443,-0.0542285,-0.0130627,-87.2876,0.0542285,-0.998528,0.00035446,-34.8341,0,0,0,1</mat>
				</frame>
				<frame num='4'>
