<?xml version='1.0' encoding='UTF-8' ?>
<itpanim>
	<skeleton count='30'>
		<joint id='0' name='JNT_Root' parent='-1'>
			<mat>6.12323e-017,1,-6.12323e-017,0,-1,6.12323e-017,6.12323e-017,0,6.12323e-017,6.12323e-017,1,0,0,0,0,1</mat>
		</joint>
		<joint id='1' name='JNT_COG' parent='0'>
			<mat>6.12323e-017,1,-6.12323e-017,-21.2473,-1,6.12323e-017,6.12323e-017,-1.30102e-015,6.12323e-017,6.12323e-017,1,7.96648e-032,0,0,0,1</mat>
		</joint>
		<joint id='2' name='JNT_Spine01' parent='1'>
			<mat>6.12323e-017,1,-6.12323e-017,-23.2595,-1,6.12323e-017,6.12323e-017,-1.42424e-015,6.12323e-017,6.12323e-017,1,8.72093e-032,0,0,0,1</mat>
		</joint>
		<joint id='3' name='JNT_Spine02' parent='2'>
			<mat>6.12323e-017,1,-6.12323e-017,-26.8784,-1,6.12323e-017,6.12323e-017,-1.64583e-015,6.12323e-017,6.12323e-017,1,1.00778e-031,0,0,0,1</mat>
		</joint>
		<joint id='4' name='JNT_Spine03' parent='3'>
			<mat>0.995753,0.0641037,0.0660864,-2.7303,-0.063963,0.997943,-0.00424511,-42.5043,-0.0662226,-3.98832e-015,0.997805,1.72474e-013,0,0,0,1</mat>
		</joint>
		<joint id='5' name='JNT_L_Shoulder' parent='4'>
			<mat>1,-5.76407e-016,-2.77556e-017,-24.4723,5.76407e-016,1,3.9968e-015,-44.1674,2.77556e-017,-3.9968e-015,1,-1.62419,0,0,0,1</mat>
		</joint>
		<joint id='6' name='JNT_L_Wrist' parent='5'>
			<mat>0.999472,-0.0314388,-0.00821328,-32.3452,0.0314378,0.999506,-0.000258344,-45.2066,0.00821734,1.19845e-014,0.999966,-1.90159,0,0,0,1</mat>
		</joint>
		<joint id='7' name='JNT_L_Hand' parent='6'>
			<mat>-0.0427715,0.464702,-0.884433,-16.5715,0.0224469,0.885467,0.46416,-40.4232,0.998833,-2.41879e-016,-0.0483039,-55.0289,0,0,0,1</mat>
		</joint>
		<joint id='8' name='JNT_L_Flap1' parent='7'>
			<mat>-0.0187014,0.43529,-0.900096,-25.3649,0.00904213,0.90029,0.435196,-40.5768,0.999784,-5.85113e-015,-0.0207726,-54.9072,0,0,0,1</mat>
		</joint>
		<joint id='9' name='JNT_L_Flap1_tip' parent='8'>
			<mat>1,3.45624e-016,-9.26342e-016,-54.6706,-3.45624e-016,1,-1.33227e-015,-50.3025,9.26342e-016,1.33227e-015,1,11.9586,0,0,0,1</mat>
		</joint>
		<joint id='10' name='JNT_L_Flap2' parent='7'>
			<mat>-0.000958298,0.560066,0.828447,-34.1649,0.000647851,0.828448,-0.560066,-35.3463,-0.999999,1.60441e-015,-0.00115674,54.6868,0,0,0,1</mat>
		</joint>
		<joint id='11' name='JNT_L_Flap2_Tip' parent='10'>
			<mat>1,-3.77816e-015,3.44776e-016,-54.6708,3.77816e-015,1,-1.05915e-013,-51.9784,-3.44776e-016,1.05915e-013,1,-13.8386,0,0,0,1</mat>
		</joint>
		<joint id='12' name='JNT_L_Flap3' parent='7'>
			<mat>-0.00501418,-0.996533,0.0830444,35.208,-0.0600607,0.0831957,0.994722,-1.60694,-0.998182,7.30039e-016,-0.0602697,54.7112,0,0,0,1</mat>
		</joint>
		<joint id='13' name='JNT_L_Flap3_Tip' parent='12'>
			<mat>1,-2.81936e-015,-2.6347e-014,-54.6602,2.81936e-015,1,-3.95239e-014,-28.9351,2.6347e-014,3.95239e-014,1,-2.49576,0,0,0,1</mat>
		</joint>
		<joint id='14' name='JNT_R_Shoulder' parent='4'>
			<mat>-1,1.45473e-015,-1.22465e-016,-24.4723,1.45473e-015,1,-1.22465e-016,-44.1674,1.22465e-016,-1.22465e-016,-1,1.62419,0,0,0,1</mat>
		</joint>
		<joint id='15' name='JNT_R_Wrist' parent='14'>
			<mat>-0.999472,-0.0314393,-0.00821364,-32.3452,-0.0314382,0.999506,-0.000258359,-45.2067,0.0082177,-4.55743e-013,-0.999966,1.90161,0,0,0,1</mat>
		</joint>
		<joint id='16' name='JNT_R_Hand' parent='15'>
			<mat>0.0427695,0.464698,-0.884436,-16.5714,-0.0224456,0.885469,0.464155,-40.4233,0.998833,1.45224e-016,0.0483015,55.0289,0,0,0,1</mat>
		</joint>
		<joint id='17' name='JNT_R_Flap1' parent='16'>
			<mat>0.0186999,0.435296,-0.900093,-25.3652,-0.00904155,0.900288,0.435202,-40.5766,0.999784,-3.65277e-015,0.0207711,54.9072,0,0,0,1</mat>
		</joint>
		<joint id='18' name='JNT_R_Flap1_tip' parent='17'>
			<mat>1,-9.05072e-015,-1.92207e-015,54.6706,-9.05072e-015,-1,2.68796e-013,50.3025,-1.92207e-015,-2.68796e-013,-1,-11.9586,0,0,0,1</mat>
		</joint>
		<joint id='19' name='JNT_R_Flap2' parent='16'>
			<mat>0.000959322,0.560071,0.828444,-34.165,-0.000648551,0.828444,-0.560071,-35.3461,-0.999999,-9.70491e-016,0.00115798,-54.6868,0,0,0,1</mat>
		</joint>
		<joint id='20' name='JNT_R_Flap2_Tip' parent='19'>
			<mat>1,1.28336e-015,-8.90347e-016,54.6708,1.28336e-015,-1,4.40659e-013,51.9784,-8.90347e-016,-4.40659e-013,-1,13.8386,0,0,0,1</mat>
		</joint>
		<joint id='21' name='JNT_R_Flap3' parent='16'>
			<mat>0.00501081,-0.996533,0.0830447,35.2078,0.0600204,0.0831957,0.994724,-1.60914,-0.998185,1.26897e-016,0.0602292,-54.7113,0,0,0,1</mat>
		</joint>
		<joint id='22' name='JNT_R_Flap3_Tip' parent='21'>
			<mat>1,-2.48358e-015,2.15106e-014,54.6602,-2.48358e-015,-1,4.78851e-013,28.9351,2.15106e-014,-4.78851e-013,-1,2.49576,0,0,0,1</mat>
		</joint>
		<joint id='23' name='JNT_Lid' parent='4'>
			<mat>1,-6.87429e-016,-1.38778e-016,2.61284e-014,6.87429e-016,1,3.9968e-015,-58.4099,1.38778e-016,-3.9968e-015,1,-1.24447,0,0,0,1</mat>
		</joint>
		<joint id='24' name='JNT_L_Hip' parent='1'>
			<mat>0.690854,-0.722995,4.42707e-017,6.23246,0.722995,0.690854,1.89298e-017,-15.8943,-4.42707e-017,1.89298e-017,1,9.73248e-016,0,0,0,1</mat>
		</joint>
		<joint id='25' name='JNT_L_Knee' parent='24'>
			<mat>0.196117,-0.980581,6.00432e-017,7.26493,0.980581,0.196117,4.92236e-017,-14.214,-6.00432e-017,4.92236e-017,1,8.70357e-016,0,0,0,1</mat>
		</joint>
		<joint id='26' name='JNT_L_Foot' parent='25'>
			<mat>1,2.498e-016,-2.76218e-032,-14.4955,2.498e-016,-1,1.22465e-016,-7.17369e-015,2.9699e-033,-1.22465e-016,-1,-3.59199e-031,0,0,0,1</mat>
		</joint>
		<joint id='27' name='JNT_R_Hip' parent='1'>
			<mat>-0.690854,-0.722995,3.16543e-017,6.23246,-0.722995,0.690854,-1.44139e-016,-15.8943,8.2343e-017,-1.22465e-016,-1,3.62249e-015,0,0,0,1</mat>
		</joint>
		<joint id='28' name='JNT_R_Knee' parent='27'>
			<mat>-0.196117,-0.980581,1.80103e-016,7.26493,-0.980581,0.196117,2.76066e-016,-14.214,-3.06026e-016,-1.22465e-016,-1,3.36444e-016,0,0,0,1</mat>
		</joint>
		<joint id='29' name='JNT_R_Foot' parent='28'>
			<mat>1,3.05311e-016,-8.0669e-017,14.4955,3.05311e-016,-1,1.22465e-016,4.42564e-015,-8.0669e-017,-1.22465e-016,-1,3.9491e-015,0,0,0,1</mat>
		</joint>
	</skeleton>
	<animations>
		<animation name='Take 001' length='25'>
			<track id = '0' name='JNT_Root'>
				<frame num='-1'>
					<mat>6.12323e-017,-1,6.12323e-017,0,1,6.12323e-017,6.12323e-017,0,-6.12323e-017,6.12323e-017,1,0,0,0,0,1</mat>
				</frame>
				<frame num='0'>
					<mat>6.12323e-017,-1,6.12323e-017,0,1,6.12323e-017,6.12323e-017,0,-6.12323e-017,6.12323e-017,1,0,0,0,0,1</mat>
				</frame>
				<frame num='1'>
					<mat>6.12323e-017,-1,6.12323e-017,0,1,6.12323e-017,6.12323e-017,0,-6.12323e-017,6.12323e-017,1,0,0,0,0,1</mat>
				</frame>
				<frame num='2'>
					<mat>6.12323e-017,-1,6.12323e-017,0,1,6.12323e-017,6.12323e-017,0,-6.12323e-017,6.12323e-017,1,0,0,0,0,1</mat>
				</frame>
				<frame num='3'>
					<mat>6.12323e-017,-1,6.12323e-017,0,1,6.12323e-017,6.12323e-017,0,-6.12323e-017,6.12323e-017,1,0,0,0,0,1</mat>
				</frame>
				<frame num='4'>
					<mat>6.12323e-017,-1,6.12323e-017,0,1,6.12323e-017,6.12323e-017,0,-6.12323e-017,6.12323e-017,1,0,0,0,0,1</mat>
				</frame>
				<frame num='5'>
					<mat>6.12323e-017,-1,6.12323e-017,0,1,6.12323e-017,6.12323e-017,0,-6.12323e-017,6.12323e-017,1,0,0,0,0,1</mat>
				</frame>
				<frame num='6'>
					<mat>6.12323e-017,-1,6.12323e-017,0,1,6.12323e-017,6.12323e-017,0,-6.12323e-017,6.12323e-017,1,0,0,0,0,1</mat>
				</frame>
				<frame num='7'>
					<mat>6.12323e-017,-1,6.12323e-017,0,1,6.12323e-017,6.12323e-017,0,-6.12323e-017,6.12323e-017,1,0,0,0,0,1</mat>
				</frame>
				<frame num='8'>
					<mat>6.12323e-017,-1,6.12323e-017,0,1,6.12323e-017,6.12323e-017,0,-6.12323e-017,6.12323e-017,1,0,0,0,0,1</mat>
				</frame>
				<frame num='9'>
					<mat>6.12323e-017,-1,6.12323e-017,0,1,6.12323e-017,6.12323e-017,0,-6.12323e-017,6.12323e-017,1,0,0,0,0,1</mat>
				</frame>
				<frame num='10'>
					<mat>6.12323e-017,-1,6.12323e-017,0,1,6.12323e-017,6.12323e-017,0,-6.12323e-017,6.12323e-017,1,0,0,0,0,1</mat>
				</frame>
				<frame num='11'>
					<mat>6.12323e-017,-1,6.12323e-017,0,1,6.12323e-017,6.12323e-017,0,-6.12323e-017,6.12323e-017,1,0,0,0,0,1</mat>
				</frame>
				<frame num='12'>
					<mat>6.12323e-017,-1,6.12323e-017,0,1,6.12323e-017,6.12323e-017,0,-6.12323e-017,6.12323e-017,1,0,0,0,0,1</mat>
				</frame>
				<frame num='13'>
					<mat>6.12323e-017,-1,6.12323e-017,0,1,6.12323e-017,6.12323e-017,0,-6.12323e-017,6.12323e-017,1,0,0,0,0,1</mat>
				</frame>
				<frame num='14'>
					<mat>6.12323e-017,-1,6.12323e-017,0,1,6.12323e-017,6.12323e-017,0,-6.12323e-017,6.12323e-017,1,0,0,0,0,1</mat>
				</frame>
				<frame num='15'>
					<mat>6.12323e-017,-1,6.12323e-017,0,1,6.12323e-017,6.12323e-017,0,-6.12323e-017,6.12323e-017,1,0,0,0,0,1</mat>
				</frame>
				<frame num='16'>
					<mat>6.12323e-017,-1,6.12323e-017,0,1,6.12323e-017,6.12323e-017,0,-6.12323e-017,6.12323e-017,1,0,0,0,0,1</mat>
				</frame>
				<frame num='17'>
					<mat>6.12323e-017,-1,6.12323e-017,0,1,6.12323e-017,6.12323e-017,0,-6.12323e-017,6.12323e-017,1,0,0,0,0,1</mat>
				</frame>
				<frame num='18'>
					<mat>6.12323e-017,-1,6.12323e-017,0,1,6.12323e-017,6.12323e-017,0,-6.12323e-017,6.12323e-017,1,0,0,0,0,1</mat>
				</frame>
				<frame num='19'>
					<mat>6.12323e-017,-1,6.12323e-017,0,1,6.12323e-017,6.12323e-017,0,-6.12323e-017,6.12323e-017,1,0,0,0,0,1</mat>
				</frame>
				<frame num='20'>
					<mat>6.12323e-017,-1,6.12323e-017,0,1,6.12323e-017,6.12323e-017,0,-6.12323e-017,6.12323e-017,1,0,0,0,0,1</mat>
				</frame>
				<frame num='21'>
					<mat>6.12323e-017,-1,6.12323e-017,0,1,6.12323e-017,6.12323e-017,0,-6.12323e-017,6.12323e-017,1,0,0,0,0,1</mat>
				</frame>
				<frame num='22'>
					<mat>6.12323e-017,-1,6.12323e-017,0,1,6.12323e-017,6.12323e-017,0,-6.12323e-017,6.12323e-017,1,0,0,0,0,1</mat>
				</frame>
				<frame num='23'>
					<mat>6.12323e-017,-1,6.12323e-017,0,1,6.12323e-017,6.12323e-017,0,-6.12323e-017,6.12323e-017,1,0,0,0,0,1</mat>
				</frame>
			</track>
			<track id = '1' name='JNT_COG'>
				<frame num='-1'>
					<mat>-1.49977e-016,-1,6.4434e-017,-5.26247e-015,-0.93262,1.1662e-016,-0.36086,21.2986,0.36086,-1.14213e-016,-0.93262,-30.0071,0,0,0,1</mat>
				</frame>
				<frame num='0'>
					<mat>0.000167403,-1,-0.000432705,-3.85483e-006,-0.93262,2.28114e-008,-0.36086,21.2986,0.36086,0.000463958,-0.93262,-30.0062,0,0,0,1</mat>
				</frame>
				<frame num='1'>
					<mat>0.00248745,-0.999976,-0.00642883,-5.72711e-005,-0.93262,5.62221e-008,-0.360859,21.2986,0.360851,0.00689327,-0.932598,-29.9791,0,0,0,1</mat>
				</frame>
				<frame num='2'>
					<mat>-0.000202423,-1,0.000523818,4.66435e-006,-0.932622,-2.37753e-007,-0.360855,21.2986,0.360855,-0.00056157,-0.932622,-29.9185,0,0,0,1</mat>
				</frame>
				<frame num='3'>
					<mat>-0.0062228,-0.999851,0.0160822,0.00014327,-0.93262,1.03883e-007,-0.36086,21.2986,0.360806,-0.0172441,-0.932481,-29.8317,0,0,0,1</mat>
				</frame>
				<frame num='4'>
					<mat>-0.000908049,-0.999997,0.00234697,2.09078e-005,-0.932622,-4.77377e-008,-0.360855,21.2986,0.360854,-0.00251651,-0.932619,-29.7254,0,0,0,1</mat>
				</frame>
				<frame num='5'>
					<mat>0.00178853,-0.999988,-0.00462229,-4.11776e-005,-0.93262,-1.88659e-008,-0.36086,21.2986,0.360855,0.00495624,-0.932609,-29.6065,0,0,0,1</mat>
				</frame>
				<frame num='6'>
					<mat>0.00111022,-0.999995,-0.00286901,-2.55586e-005,-0.93262,-1.06145e-007,-0.36086,21.2986,0.360858,0.00307633,-0.932616,-29.482,0,0,0,1</mat>
				</frame>
				<frame num='7'>
					<mat>0.000493266,-0.999999,-0.00127521,-1.13594e-005,-0.93262,1.4171e-007,-0.36086,21.2986,0.360859,0.00136729,-0.932619,-29.3591,0,0,0,1</mat>
				</frame>
				<frame num='8'>
					<mat>-1.49977e-016,-1,6.4434e-017,-5.21578e-015,-0.93262,1.1662e-016,-0.36086,21.2986,0.36086,-1.14213e-016,-0.93262,-29.2444,0,0,0,1</mat>
				</frame>
				<frame num='9'>
					<mat>-1.49977e-016,-1,6.4434e-017,-5.20969e-015,-0.93262,1.1662e-016,-0.36086,21.2986,0.36086,-1.14213e-016,-0.93262,-29.145,0,0,0,1</mat>
				</frame>
				<frame num='10'>
					<mat>-1.49977e-016,-1,6.4434e-017,-5.20496e-015,-0.93262,1.1662e-016,-0.36086,21.2986,0.36086,-1.14213e-016,-0.93262,-29.0678,0,0,0,1</mat>
				</frame>
				<frame num='11'>
					<mat>-1.49977e-016,-1,6.4434e-017,-5.20202e-015,-0.93262,1.1662e-016,-0.36086,21.2986,0.36086,-1.14213e-016,-0.93262,-29.0198,0,0,0,1</mat>
				</frame>
				<frame num='12'>
					<mat>-1.49977e-016,-1,6.4434e-017,-5.20129e-015,-0.93262,1.1662e-016,-0.36086,21.2986,0.36086,-1.14213e-016,-0.93262,-29.0079,0,0,0,1</mat>
				</frame>
				<frame num='13'>
					<mat>-1.49977e-016,-1,6.4434e-017,-5.20295e-015,-0.93262,1.1662e-016,-0.36086,21.2986,0.36086,-1.14213e-016,-0.93262,-29.0351,0,0,0,1</mat>
				</frame>
				<frame num='14'>
					<mat>-1.49977e-016,-1,6.4434e-017,-5.20666e-015,-0.93262,1.1662e-016,-0.36086,21.2986,0.36086,-1.14213e-016,-0.93262,-29.0956,0,0,0,1</mat>
				</frame>
				<frame num='15'>
					<mat>-1.49977e-016,-1,6.4434e-017,-5.21198e-015,-0.93262,1.1662e-016,-0.36086,21.2986,0.36086,-1.14213e-016,-0.93262,-29.1825,0,0,0,1</mat>
				</frame>
				<frame num='16'>
					<mat>-1.49977e-016,-1,6.4434e-017,-5.21849e-015,-0.93262,1.1662e-016,-0.36086,21.2986,0.36086,-1.14213e-016,-0.93262,-29.2888,0,0,0,1</mat>
				</frame>
				<frame num='17'>
					<mat>-1.49977e-016,-1,6.4434e-017,-5.22577e-015,-0.93262,1.1662e-016,-0.36086,21.2986,0.36086,-1.14213e-016,-0.93262,-29.4077,0,0,0,1</mat>
				</frame>
				<frame num='18'>
					<mat>-1.49977e-016,-1,6.4434e-017,-5.23339e-015,-0.93262,1.1662e-016,-0.36086,21.2986,0.36086,-1.14213e-016,-0.93262,-29.5321,0,0,0,1</mat>
				</frame>
				<frame num='19'>
					<mat>-1.49977e-016,-1,6.4434e-017,-5.24092e-015,-0.93262,1.1662e-016,-0.36086,21.2986,0.36086,-1.14213e-016,-0.93262,-29.6551,0,0,0,1</mat>
				</frame>
				<frame num='20'>
					<mat>-1.49977e-016,-1,6.4434e-017,-5.24794e-015,-0.93262,1.1662e-016,-0.36086,21.2986,0.36086,-1.14213e-016,-0.93262,-29.7697,0,0,0,1</mat>
				</frame>
				<frame num='21'>
					<mat>-1.49977e-016,-1,6.4434e-017,-5.25403e-015,-0.93262,1.1662e-016,-0.36086,21.2986,0.36086,-1.14213e-016,-0.93262,-29.8692,0,0,0,1</mat>
				</frame>
				<frame num='22'>
					<mat>-1.49977e-016,-1,6.4434e-017,-5.25876e-015,-0.93262,1.1662e-016,-0.36086,21.2986,0.36086,-1.14213e-016,-0.93262,-29.9464,0,0,0,1</mat>
				</frame>
				<frame num='23'>
					<mat>-1.49977e-016,-1,6.4434e-017,-5.26169e-015,-0.93262,1.1662e-016,-0.36086,21.2986,0.36086,-1.14213e-016,-0.93262,-29.9944,0,0,0,1</mat>
				</frame>
			</track>
			<track id = '2' name='JNT_Spine01'>
				<frame num='-1'>
					<mat>-1.54202e-016,-1,7.68324e-017,-6.00954e-015,-0.958895,1.26062e-016,-0.283761,19.4219,0.283761,-1.17431e-016,-0.958895,-29.281,0,0,0,1</mat>
				</frame>
				<frame num='0'>
					<mat>0.000131631,-1,-0.000444894,0.000332992,-0.958895,2.28114e-008,-0.283761,19.4219,0.283761,0.000463958,-0.958895,-29.2801,0,0,0,1</mat>
				</frame>
				<frame num='1'>
					<mat>0.00195599,-0.999976,-0.00660994,0.00494796,-0.958895,5.62221e-008,-0.283761,19.4219,0.283754,0.00689327,-0.958872,-29.253,0,0,0,1</mat>
				</frame>
				<frame num='2'>
					<mat>-0.000159121,-1,0.000538555,-0.000402651,-0.958897,-2.37753e-007,-0.283756,19.4219,0.283756,-0.00056157,-0.958896,-29.1924,0,0,0,1</mat>
				</frame>
				<frame num='3'>
					<mat>-0.0048933,-0.999851,0.0165353,-0.0123782,-0.958895,1.03883e-007,-0.283761,19.4219,0.283719,-0.0172441,-0.958752,-29.1057,0,0,0,1</mat>
				</frame>
				<frame num='4'>
					<mat>-0.000714028,-0.999997,0.00241308,-0.00180626,-0.958896,-4.77377e-008,-0.283756,19.4219,0.283755,-0.00251651,-0.958893,-28.9993,0,0,0,1</mat>
				</frame>
				<frame num='5'>
					<mat>0.00140641,-0.999988,-0.00475251,0.00355768,-0.958895,-1.88659e-008,-0.283761,19.4219,0.283758,0.00495624,-0.958883,-28.8804,0,0,0,1</mat>
				</frame>
				<frame num='6'>
					<mat>0.000873044,-0.999995,-0.00294985,0.00220842,-0.958895,-1.06145e-007,-0.283761,19.4219,0.28376,0.00307633,-0.95889,-28.7559,0,0,0,1</mat>
				</frame>
				<frame num='7'>
					<mat>0.000387847,-0.999999,-0.00131112,0.000981188,-0.958895,1.4171e-007,-0.283761,19.4219,0.283761,0.00136729,-0.958894,-28.633,0,0,0,1</mat>
				</frame>
				<frame num='8'>
					<mat>-1.54202e-016,-1,7.68324e-017,-5.96284e-015,-0.958895,1.26062e-016,-0.283761,19.4219,0.283761,-1.17431e-016,-0.958895,-28.5183,0,0,0,1</mat>
				</frame>
				<frame num='9'>
					<mat>-1.54202e-016,-1,7.68324e-017,-5.95675e-015,-0.958895,1.26062e-016,-0.283761,19.4219,0.283761,-1.17431e-016,-0.958895,-28.4189,0,0,0,1</mat>
				</frame>
				<frame num='10'>
					<mat>-1.54202e-016,-1,7.68324e-017,-5.95202e-015,-0.958895,1.26062e-016,-0.283761,19.4219,0.283761,-1.17431e-016,-0.958895,-28.3416,0,0,0,1</mat>
				</frame>
				<frame num='11'>
					<mat>-1.54202e-016,-1,7.68324e-017,-5.94908e-015,-0.958895,1.26062e-016,-0.283761,19.4219,0.283761,-1.17431e-016,-0.958895,-28.2937,0,0,0,1</mat>
				</frame>
				<frame num='12'>
					<mat>-1.54202e-016,-1,7.68324e-017,-5.94835e-015,-0.958895,1.26062e-016,-0.283761,19.4219,0.283761,-1.17431e-016,-0.958895,-28.2818,0,0,0,1</mat>
				</frame>
				<frame num='13'>
					<mat>-1.54202e-016,-1,7.68324e-017,-5.95002e-015,-0.958895,1.26062e-016,-0.283761,19.4219,0.283761,-1.17431e-016,-0.958895,-28.3089,0,0,0,1</mat>
				</frame>
				<frame num='14'>
					<mat>-1.54202e-016,-1,7.68324e-017,-5.95373e-015,-0.958895,1.26062e-016,-0.283761,19.4219,0.283761,-1.17431e-016,-0.958895,-28.3695,0,0,0,1</mat>
				</frame>
				<frame num='15'>
					<mat>-1.54202e-016,-1,7.68324e-017,-5.95904e-015,-0.958895,1.26062e-016,-0.283761,19.4219,0.283761,-1.17431e-016,-0.958895,-28.4563,0,0,0,1</mat>
				</frame>
				<frame num='16'>
					<mat>-1.54202e-016,-1,7.68324e-017,-5.96555e-015,-0.958895,1.26062e-016,-0.283761,19.4219,0.283761,-1.17431e-016,-0.958895,-28.5626,0,0,0,1</mat>
				</frame>
				<frame num='17'>
					<mat>-1.54202e-016,-1,7.68324e-017,-5.97283e-015,-0.958895,1.26062e-016,-0.283761,19.4219,0.283761,-1.17431e-016,-0.958895,-28.6815,0,0,0,1</mat>
				</frame>
				<frame num='18'>
					<mat>-1.54202e-016,-1,7.68324e-017,-5.98045e-015,-0.958895,1.26062e-016,-0.283761,19.4219,0.283761,-1.17431e-016,-0.958895,-28.806,0,0,0,1</mat>
				</frame>
				<frame num='19'>
					<mat>-1.54202e-016,-1,7.68324e-017,-5.98798e-015,-0.958895,1.26062e-016,-0.283761,19.4219,0.283761,-1.17431e-016,-0.958895,-28.929,0,0,0,1</mat>
				</frame>
				<frame num='20'>
					<mat>-1.54202e-016,-1,7.68324e-017,-5.995e-015,-0.958895,1.26062e-016,-0.283761,19.4219,0.283761,-1.17431e-016,-0.958895,-29.0436,0,0,0,1</mat>
				</frame>
				<frame num='21'>
					<mat>-1.54202e-016,-1,7.68324e-017,-6.00109e-015,-0.958895,1.26062e-016,-0.283761,19.4219,0.283761,-1.17431e-016,-0.958895,-29.143,0,0,0,1</mat>
				</frame>
				<frame num='22'>
					<mat>-1.54202e-016,-1,7.68324e-017,-6.00582e-015,-0.958895,1.26062e-016,-0.283761,19.4219,0.283761,-1.17431e-016,-0.958895,-29.2203,0,0,0,1</mat>
				</frame>
				<frame num='23'>
					<mat>-1.54202e-016,-1,7.68324e-017,-6.00876e-015,-0.958895,1.26062e-016,-0.283761,19.4219,0.283761,-1.17431e-016,-0.958895,-29.2682,0,0,0,1</mat>
				</frame>
			</track>
			<track id = '3' name='JNT_Spine02'>
				<frame num='-1'>
					<mat>-1.55469e-016,-1,1.63575e-016,-7.34955e-015,-0.966771,1.9212e-016,0.255645,15.9518,-0.255645,-1.18395e-016,-0.966771,-28.2541,0,0,0,1</mat>
				</frame>
				<frame num='0'>
					<mat>-0.000118631,-1,-0.000448536,0.00080935,-0.966771,2.28114e-008,0.255645,15.9518,-0.255645,0.000463958,-0.966771,-28.2532,0,0,0,1</mat>
				</frame>
				<frame num='1'>
					<mat>-0.00176229,-0.999976,-0.0066642,0.0120264,-0.966771,5.62221e-008,0.255645,15.9518,-0.255639,0.00689327,-0.966748,-28.2261,0,0,0,1</mat>
				</frame>
				<frame num='2'>
					<mat>0.000143795,-1,0.000542848,-0.00097849,-0.966769,-2.37753e-007,0.25565,15.9518,-0.25565,-0.00056157,-0.966769,-28.1655,0,0,0,1</mat>
				</frame>
				<frame num='3'>
					<mat>0.00440826,-0.999851,0.0166711,-0.0300865,-0.966771,1.03883e-007,0.255645,15.9518,-0.255607,-0.0172441,-0.966627,-28.0789,0,0,0,1</mat>
				</frame>
				<frame num='4'>
					<mat>0.00064339,-0.999997,0.00243287,-0.00439025,-0.96677,-4.77377e-008,0.25565,15.9518,-0.255649,-0.00251651,-0.966766,-27.9724,0,0,0,1</mat>
				</frame>
				<frame num='5'>
					<mat>-0.00126702,-0.999988,-0.00479156,0.00864731,-0.966771,-1.88659e-008,0.255645,15.9518,-0.255641,0.00495624,-0.966759,-27.8535,0,0,0,1</mat>
				</frame>
				<frame num='6'>
					<mat>-0.000786345,-0.999995,-0.00297413,0.00536787,-0.966771,-1.06145e-007,0.255645,15.9518,-0.255644,0.00307633,-0.966766,-27.729,0,0,0,1</mat>
				</frame>
				<frame num='7'>
					<mat>-0.000349677,-0.999999,-0.00132182,0.00238476,-0.966771,1.4171e-007,0.255645,15.9518,-0.255645,0.00136729,-0.96677,-27.6061,0,0,0,1</mat>
				</frame>
				<frame num='8'>
					<mat>-1.55469e-016,-1,1.63575e-016,-7.30285e-015,-0.966771,1.9212e-016,0.255645,15.9518,-0.255645,-1.18395e-016,-0.966771,-27.4914,0,0,0,1</mat>
				</frame>
				<frame num='9'>
					<mat>-1.55469e-016,-1,1.63575e-016,-7.29676e-015,-0.966771,1.9212e-016,0.255645,15.9518,-0.255645,-1.18395e-016,-0.966771,-27.392,0,0,0,1</mat>
				</frame>
				<frame num='10'>
					<mat>-1.55469e-016,-1,1.63575e-016,-7.29203e-015,-0.966771,1.9212e-016,0.255645,15.9518,-0.255645,-1.18395e-016,-0.966771,-27.3147,0,0,0,1</mat>
				</frame>
				<frame num='11'>
					<mat>-1.55469e-016,-1,1.63575e-016,-7.28909e-015,-0.966771,1.9212e-016,0.255645,15.9518,-0.255645,-1.18395e-016,-0.966771,-27.2668,0,0,0,1</mat>
				</frame>
				<frame num='12'>
					<mat>-1.55469e-016,-1,1.63575e-016,-7.28837e-015,-0.966771,1.9212e-016,0.255645,15.9518,-0.255645,-1.18395e-016,-0.966771,-27.2549,0,0,0,1</mat>
				</frame>
				<frame num='13'>
					<mat>-1.55469e-016,-1,1.63575e-016,-7.29003e-015,-0.966771,1.9212e-016,0.255645,15.9518,-0.255645,-1.18395e-016,-0.966771,-27.282,0,0,0,1</mat>
				</frame>
				<frame num='14'>
					<mat>-1.55469e-016,-1,1.63575e-016,-7.29374e-015,-0.966771,1.9212e-016,0.255645,15.9518,-0.255645,-1.18395e-016,-0.966771,-27.3426,0,0,0,1</mat>
				</frame>
				<frame num='15'>
					<mat>-1.55469e-016,-1,1.63575e-016,-7.29906e-015,-0.966771,1.9212e-016,0.255645,15.9518,-0.255645,-1.18395e-016,-0.966771,-27.4295,0,0,0,1</mat>
				</frame>
				<frame num='16'>
					<mat>-1.55469e-016,-1,1.63575e-016,-7.30556e-015,-0.966771,1.9212e-016,0.255645,15.9518,-0.255645,-1.18395e-016,-0.966771,-27.5357,0,0,0,1</mat>
				</frame>
				<frame num='17'>
					<mat>-1.55469e-016,-1,1.63575e-016,-7.31284e-015,-0.966771,1.9212e-016,0.255645,15.9518,-0.255645,-1.18395e-016,-0.966771,-27.6546,0,0,0,1</mat>
				</frame>
				<frame num='18'>
					<mat>-1.55469e-016,-1,1.63575e-016,-7.32047e-015,-0.966771,1.9212e-016,0.255645,15.9518,-0.255645,-1.18395e-016,-0.966771,-27.7791,0,0,0,1</mat>
				</frame>
				<frame num='19'>
					<mat>-1.55469e-016,-1,1.63575e-016,-7.32799e-015,-0.966771,1.9212e-016,0.255645,15.9518,-0.255645,-1.18395e-016,-0.966771,-27.9021,0,0,0,1</mat>
				</frame>
				<frame num='20'>
					<mat>-1.55469e-016,-1,1.63575e-016,-7.33501e-015,-0.966771,1.9212e-016,0.255645,15.9518,-0.255645,-1.18395e-016,-0.966771,-28.0167,0,0,0,1</mat>
				</frame>
				<frame num='21'>
					<mat>-1.55469e-016,-1,1.63575e-016,-7.3411e-015,-0.966771,1.9212e-016,0.255645,15.9518,-0.255645,-1.18395e-016,-0.966771,-28.1161,0,0,0,1</mat>
				</frame>
				<frame num='22'>
					<mat>-1.55469e-016,-1,1.63575e-016,-7.34583e-015,-0.966771,1.9212e-016,0.255645,15.9518,-0.255645,-1.18395e-016,-0.966771,-28.1934,0,0,0,1</mat>
				</frame>
				<frame num='23'>
					<mat>-1.55469e-016,-1,1.63575e-016,-7.34877e-015,-0.966771,1.9212e-016,0.255645,15.9518,-0.255645,-1.18395e-016,-0.966771,-28.2413,0,0,0,1</mat>
				</frame>
			</track>
			<track id = '4' name='JNT_Spine03'>
				<frame num='-1'>
					<mat>0.995753,-0.063963,-0.0662226,-1.2389e-014,-0.0317165,-0.913554,0.405479,0.76049,-0.0864336,-0.401656,-0.911703,-32.2711,0,0,0,1</mat>
				</frame>
				<frame num='0'>
					<mat>0.995712,-0.0641493,-0.0666456,-0.00105475,-0.0317165,-0.913554,0.405479,0.760491,-0.0868956,-0.401627,-0.911672,-32.2703,0,0,0,1</mat>
				</frame>
				<frame num='1'>
					<mat>0.995133,-0.0667302,-0.0725056,-0.0156652,-0.0317165,-0.913554,0.405479,0.760491,-0.0932955,-0.401206,-0.911224,-32.2431,0,0,0,1</mat>
				</frame>
				<frame num='2'>
					<mat>0.995801,-0.0637372,-0.0657107,0.00128103,-0.0317158,-0.913552,0.405484,0.760502,-0.0858746,-0.401697,-0.911737,-32.1827,0,0,0,1</mat>
				</frame>
				<frame num='3'>
					<mat>0.997095,-0.0570273,-0.0504913,0.0391826,-0.0317166,-0.913554,0.405479,0.76049,-0.0692499,-0.4027,-0.912709,-32.0954,0,0,0,1</mat>
				</frame>
				<frame num='4'>
					<mat>0.995967,-0.0629519,-0.0639281,0.00571964,-0.031716,-0.913552,0.405483,0.760502,-0.0839277,-0.401821,-0.911864,-31.9895,0,0,0,1</mat>
				</frame>
				<frame num='5'>
					<mat>0.995312,-0.0659529,-0.0707404,-0.011262,-0.0317165,-0.913554,0.405479,0.76049,-0.0913677,-0.401334,-0.911363,-31.8705,0,0,0,1</mat>
				</frame>
				<frame num='6'>
					<mat>0.995482,-0.0651982,-0.0690271,-0.00698834,-0.0317164,-0.913554,0.405479,0.76049,-0.0894964,-0.401458,-0.911494,-31.7461,0,0,0,1</mat>
				</frame>
				<frame num='7'>
					<mat>0.995634,-0.0645122,-0.0674691,-0.00310987,-0.0317166,-0.913554,0.405479,0.76049,-0.087795,-0.401569,-0.911611,-31.6231,0,0,0,1</mat>
				</frame>
				<frame num='8'>
					<mat>0.995753,-0.063963,-0.0662226,-1.23423e-014,-0.0317165,-0.913554,0.405479,0.76049,-0.0864336,-0.401656,-0.911703,-31.5085,0,0,0,1</mat>
				</frame>
				<frame num='9'>
					<mat>0.995753,-0.063963,-0.0662226,-1.23362e-014,-0.0317165,-0.913554,0.405479,0.76049,-0.0864336,-0.401656,-0.911703,-31.409,0,0,0,1</mat>
				</frame>
				<frame num='10'>
					<mat>0.995753,-0.063963,-0.0662226,-1.23315e-014,-0.0317165,-0.913554,0.405479,0.76049,-0.0864336,-0.401656,-0.911703,-31.3318,0,0,0,1</mat>
				</frame>
				<frame num='11'>
					<mat>0.995753,-0.063963,-0.0662226,-1.23286e-014,-0.0317165,-0.913554,0.405479,0.76049,-0.0864336,-0.401656,-0.911703,-31.2838,0,0,0,1</mat>
				</frame>
				<frame num='12'>
					<mat>0.995753,-0.063963,-0.0662226,-1.23278e-014,-0.0317165,-0.913554,0.405479,0.76049,-0.0864336,-0.401656,-0.911703,-31.272,0,0,0,1</mat>
				</frame>
				<frame num='13'>
					<mat>0.995753,-0.063963,-0.0662226,-1.23295e-014,-0.0317165,-0.913554,0.405479,0.76049,-0.0864336,-0.401656,-0.911703,-31.2991,0,0,0,1</mat>
				</frame>
				<frame num='14'>
					<mat>0.995753,-0.063963,-0.0662226,-1.23332e-014,-0.0317165,-0.913554,0.405479,0.76049,-0.0864336,-0.401656,-0.911703,-31.3597,0,0,0,1</mat>
				</frame>
				<frame num='15'>
					<mat>0.995753,-0.063963,-0.0662226,-1.23385e-014,-0.0317165,-0.913554,0.405479,0.76049,-0.0864336,-0.401656,-0.911703,-31.4465,0,0,0,1</mat>
				</frame>
				<frame num='16'>
					<mat>0.995753,-0.063963,-0.0662226,-1.2345e-014,-0.0317165,-0.913554,0.405479,0.76049,-0.0864336,-0.401656,-0.911703,-31.5528,0,0,0,1</mat>
				</frame>
				<frame num='17'>
					<mat>0.995753,-0.063963,-0.0662226,-1.23523e-014,-0.0317165,-0.913554,0.405479,0.76049,-0.0864336,-0.401656,-0.911703,-31.6717,0,0,0,1</mat>
				</frame>
				<frame num='18'>
					<mat>0.995753,-0.063963,-0.0662226,-1.23599e-014,-0.0317165,-0.913554,0.405479,0.76049,-0.0864336,-0.401656,-0.911703,-31.7962,0,0,0,1</mat>
				</frame>
				<frame num='19'>
					<mat>0.995753,-0.063963,-0.0662226,-1.23675e-014,-0.0317165,-0.913554,0.405479,0.76049,-0.0864336,-0.401656,-0.911703,-31.9191,0,0,0,1</mat>
				</frame>
				<frame num='20'>
					<mat>0.995753,-0.063963,-0.0662226,-1.23745e-014,-0.0317165,-0.913554,0.405479,0.76049,-0.0864336,-0.401656,-0.911703,-32.0338,0,0,0,1</mat>
				</frame>
				<frame num='21'>
					<mat>0.995753,-0.063963,-0.0662226,-1.23806e-014,-0.0317165,-0.913554,0.405479,0.76049,-0.0864336,-0.401656,-0.911703,-32.1332,0,0,0,1</mat>
				</frame>
				<frame num='22'>
					<mat>0.995753,-0.063963,-0.0662226,-1.23853e-014,-0.0317165,-0.913554,0.405479,0.76049,-0.0864336,-0.401656,-0.911703,-32.2104,0,0,0,1</mat>
				</frame>
				<frame num='23'>
					<mat>0.995753,-0.063963,-0.0662226,-1.23882e-014,-0.0317165,-0.913554,0.405479,0.76049,-0.0864336,-0.401656,-0.911703,-32.2584,0,0,0,1</mat>
				</frame>
			</track>
			<track id = '5' name='JNT_L_Shoulder'>
				<frame num='-1'>
					<mat>0.0590517,0.836516,-0.544751,24.4723,0.994438,-0.00161659,0.105316,-0.0189957,0.0872178,-0.54794,-0.831959,-34.3954,0,0,0,1</mat>
				</frame>
				<frame num='0'>
					<mat>0.0591502,0.836262,-0.54513,24.4703,0.994426,-0.00161655,0.105422,-0.0189956,0.0872791,-0.548328,-0.831697,-34.4059,0,0,0,1</mat>
				</frame>
				<frame num='1'>
					<mat>0.0614245,0.832719,-0.550278,24.4414,0.994093,-0.0016164,0.108519,-0.0189954,0.0894765,-0.553693,-0.8279,-34.536,0,0,0,1</mat>
				</frame>
				<frame num='2'>
					<mat>0.0641983,0.836824,-0.543695,24.4748,0.993386,-0.00161359,0.114813,-0.018967,0.0952012,-0.54747,-0.831393,-34.2932,0,0,0,1</mat>
				</frame>
				<frame num='3'>
					<mat>0.0667857,0.845841,-0.529238,24.5445,0.992448,-0.00161672,0.122655,-0.0189983,0.102891,-0.533433,-0.839561,-33.7973,0,0,0,1</mat>
				</frame>
				<frame num='4'>
					<mat>0.0753206,0.837243,-0.541619,24.4833,0.991251,-0.00382559,0.131935,-0.0189725,0.10839,-0.546818,-0.830206,-34.0522,0,0,0,1</mat>
				</frame>
				<frame num='5'>
					<mat>0.103363,0.82716,-0.552379,24.4502,0.988317,-0.0228752,0.150683,-0.018996,0.112003,-0.561501,-0.819861,-34.116,0,0,0,1</mat>
				</frame>
				<frame num='6'>
					<mat>0.0884427,0.832385,-0.547095,24.4587,0.989364,-0.00973244,0.145132,-0.0189931,0.115481,-0.554112,-0.824393,-33.9456,0,0,0,1</mat>
				</frame>
				<frame num='7'>
					<mat>0.046393,0.842626,-0.536497,24.4663,0.9922,0.0233382,0.122454,-0.0189992,0.115704,-0.537994,-0.83497,-33.7808,0,0,0,1</mat>
				</frame>
				<frame num='8'>
					<mat>0.0804997,0.835048,-0.544256,24.4723,0.990624,-0.00655805,0.136459,-0.0189957,0.110381,-0.550138,-0.827747,-33.6327,0,0,0,1</mat>
				</frame>
				<frame num='9'>
					<mat>0.0949855,0.830372,-0.549054,24.4723,0.990096,-0.0215238,0.138733,-0.0189957,0.103382,-0.556794,-0.824192,-33.5333,0,0,0,1</mat>
				</frame>
				<frame num='10'>
					<mat>0.0743546,0.834418,-0.546094,24.4723,0.992501,-0.00864321,0.12193,-0.0189957,0.0970202,-0.551065,-0.828803,-33.4561,0,0,0,1</mat>
				</frame>
				<frame num='11'>
					<mat>0.0515244,0.838835,-0.541942,24.4723,0.994499,0.00646044,0.10455,-0.0189957,0.0912016,-0.544347,-0.833887,-33.4081,0,0,0,1</mat>
				</frame>
				<frame num='12'>
					<mat>0.0425414,0.840194,-0.540614,24.4723,0.995318,0.0113634,0.0959827,-0.0189957,0.0867873,-0.542167,-0.835777,-33.3962,0,0,0,1</mat>
				</frame>
				<frame num='13'>
					<mat>0.047961,0.838463,-0.542843,24.4723,0.995379,0.00514219,0.0958857,-0.0189957,0.0831881,-0.544934,-0.834342,-33.4234,0,0,0,1</mat>
				</frame>
				<frame num='14'>
					<mat>0.0536064,0.836657,-0.545097,24.4723,0.995367,-0.00113593,0.0961436,-0.0189957,0.0798201,-0.547726,-0.832842,-33.4839,0,0,0,1</mat>
				</frame>
				<frame num='15'>
					<mat>0.0523921,0.836516,-0.545431,24.4723,0.99565,-0.00161661,0.093159,-0.0189957,0.0770473,-0.54794,-0.832962,-33.5708,0,0,0,1</mat>
				</frame>
				<frame num='16'>
					<mat>0.050957,0.836516,-0.545567,24.4723,0.995892,-0.00161674,0.0905392,-0.0189957,0.0748555,-0.54794,-0.833162,-33.6771,0,0,0,1</mat>
				</frame>
				<frame num='17'>
					<mat>0.0499792,0.836516,-0.545658,24.4723,0.996052,-0.00161663,0.0887544,-0.0189957,0.0733624,-0.54794,-0.833295,-33.796,0,0,0,1</mat>
				</frame>
				<frame num='18'>
					<mat>0.0495488,0.836516,-0.545697,24.4723,0.996122,-0.00161659,0.0879687,-0.0189957,0.0727051,-0.54794,-0.833352,-33.9204,0,0,0,1</mat>
				</frame>
				<frame num='19'>
					<mat>0.0500631,0.836516,-0.54565,24.4723,0.996039,-0.00161666,0.0889076,-0.0189957,0.0734905,-0.54794,-0.833283,-34.0434,0,0,0,1</mat>
				</frame>
				<frame num='20'>
					<mat>0.0518494,0.836516,-0.545484,24.4723,0.995742,-0.00161665,0.0921682,-0.0189957,0.0762184,-0.54794,-0.833038,-34.158,0,0,0,1</mat>
				</frame>
				<frame num='21'>
					<mat>0.0542957,0.836516,-0.545245,24.4723,0.995319,-0.00161659,0.096634,-0.0189957,0.0799545,-0.54794,-0.832688,-34.2575,0,0,0,1</mat>
				</frame>
				<frame num='22'>
					<mat>0.056741,0.836516,-0.544996,24.4723,0.994875,-0.00161661,0.101098,-0.0189957,0.0836889,-0.54794,-0.832321,-34.3347,0,0,0,1</mat>
				</frame>
				<frame num='23'>
					<mat>0.0585251,0.836516,-0.544808,24.4723,0.994539,-0.00161663,0.104354,-0.0189957,0.0864135,-0.54794,-0.832043,-34.3827,0,0,0,1</mat>
				</frame>
			</track>
			<track id = '6' name='JNT_L_Wrist'>
				<frame num='-1'>
					<mat>0.0763468,-0.727172,0.682196,25.0211,0.995291,0.0146022,-0.0958213,9.22196,0.059717,0.6863,0.724863,-33.5849,0,0,0,1</mat>
				</frame>
				<frame num='0'>
					<mat>0.0764326,-0.726853,0.682527,25.0199,0.995282,0.0145835,-0.0959258,9.22186,0.0597703,0.686638,0.724538,-33.5949,0,0,0,1</mat>
				</frame>
				<frame num='1'>
					<mat>0.0785313,-0.722402,0.686999,25.0122,0.994991,0.0140361,-0.0989785,9.21876,0.0618595,0.691331,0.719885,-33.7045,0,0,0,1</mat>
				</frame>
				<frame num='2'>
					<mat>0.0815141,-0.727496,0.681253,25.0714,0.994369,0.0129203,-0.105182,9.21222,0.0677176,0.68599,0.724453,-33.4085,0,0,0,1</mat>
				</frame>
				<frame num='3'>
					<mat>0.0845623,-0.738796,0.668603,25.1651,0.993538,0.0115348,-0.112913,9.20347,0.0757075,0.673831,0.734997,-32.8412,0,0,0,1</mat>
				</frame>
				<frame num='4'>
					<mat>0.0926709,-0.727918,0.679373,25.1832,0.992402,0.0120632,-0.122445,9.19238,0.0809346,0.685558,0.723505,-33.045,0,0,0,1</mat>
				</frame>
				<frame num='5'>
					<mat>0.120255,-0.715247,0.688448,25.4107,0.989161,0.0274736,-0.14424,9.16509,0.0842527,0.698332,0.710798,-33.0752,0,0,0,1</mat>
				</frame>
				<frame num='6'>
					<mat>0.105569,-0.721775,0.684029,25.2806,0.990521,0.0155313,-0.136482,9.17482,0.0878854,0.691954,0.716573,-32.8725,0,0,0,1</mat>
				</frame>
				<frame num='7'>
					<mat>0.063987,-0.735014,0.675026,24.8974,0.994024,-0.0130029,-0.108384,9.20117,0.0884411,0.677927,0.72979,-32.7056,0,0,0,1</mat>
				</frame>
				<frame num='8'>
					<mat>0.0977468,-0.725138,0.68163,25.2204,0.991756,0.0139492,-0.12738,9.18653,0.0828597,0.688462,0.720524,-32.607,0,0,0,1</mat>
				</frame>
				<frame num='9'>
					<mat>0.112022,-0.719248,0.685663,25.355,0.990817,0.0282703,-0.132222,9.18162,0.0757167,0.694178,0.71581,-32.5726,0,0,0,1</mat>
				</frame>
				<frame num='10'>
					<mat>0.0915614,-0.724392,0.683281,25.1633,0.993374,0.0185789,-0.113418,9.20397,0.0694646,0.689138,0.721293,-32.5545,0,0,0,1</mat>
				</frame>
				<frame num='11'>
					<mat>0.06893,-0.730178,0.679771,24.9511,0.995581,0.00678611,-0.0936643,9.22253,0.0637786,0.683223,0.727419,-32.5606,0,0,0,1</mat>
				</frame>
				<frame num='12'>
					<mat>0.0600098,-0.732028,0.678626,24.8676,0.996429,0.00347043,-0.0843691,9.23015,0.0594054,0.681265,0.729622,-32.5897,0,0,0,1</mat>
				</frame>
				<frame num='13'>
					<mat>0.0653453,-0.729768,0.680565,24.918,0.996304,0.00961306,-0.0853534,9.23071,0.0557458,0.683627,0.727699,-32.6503,0,0,0,1</mat>
				</frame>
				<frame num='14'>
					<mat>0.0709038,-0.727422,0.682518,24.9705,0.99611,0.015748,-0.0866976,9.2306,0.0523174,0.68601,0.725709,-32.7422,0,0,0,1</mat>
				</frame>
				<frame num='15'>
					<mat>0.0696815,-0.727263,0.682812,24.9592,0.996339,0.0167473,-0.0838395,9.23323,0.0495382,0.686154,0.725767,-32.8548,0,0,0,1</mat>
				</frame>
				<frame num='16'>
					<mat>0.0682453,-0.727285,0.682934,24.9458,0.996545,0.017209,-0.0812577,9.23548,0.0473448,0.68612,0.725946,-32.9815,0,0,0,1</mat>
				</frame>
				<frame num='17'>
					<mat>0.0672668,-0.7273,0.683015,24.9368,0.996681,0.0175233,-0.0794987,9.23697,0.0458507,0.686096,0.726065,-33.1142,0,0,0,1</mat>
				</frame>
				<frame num='18'>
					<mat>0.066836,-0.727307,0.68305,24.9328,0.99674,0.0176616,-0.0787244,9.23762,0.045193,0.686085,0.726116,-33.2448,0,0,0,1</mat>
				</frame>
				<frame num='19'>
					<mat>0.0673508,-0.727299,0.683008,24.9375,0.996669,0.0174963,-0.0796496,9.23684,0.0459789,0.686098,0.726055,-33.3605,0,0,0,1</mat>
				</frame>
				<frame num='20'>
					<mat>0.0691383,-0.727271,0.682859,24.9541,0.996417,0.0169219,-0.0828631,9.23409,0.0487087,0.686141,0.725836,-33.4497,0,0,0,1</mat>
				</frame>
				<frame num='21'>
					<mat>0.0715866,-0.727236,0.682645,24.9769,0.996055,0.0161346,-0.0872643,9.23015,0.0524475,0.686198,0.725521,-33.5145,0,0,0,1</mat>
				</frame>
				<frame num='22'>
					<mat>0.074034,-0.727202,0.682419,24.9996,0.995672,0.0153471,-0.0916637,9.22603,0.0561849,0.686252,0.725191,-33.557,0,0,0,1</mat>
				</frame>
				<frame num='23'>
					<mat>0.0758196,-0.727179,0.682248,25.0162,0.99538,0.0147721,-0.0948737,9.22291,0.0589119,0.686289,0.724939,-33.5797,0,0,0,1</mat>
				</frame>
			</track>
			<track id = '7' name='JNT_L_Hand'>
				<frame num='-1'>
					<mat>-0.944341,-0.327934,0.0260523,26.6556,0.0416857,-0.0407325,0.9983,30.5307,-0.326316,0.943822,0.0521355,-32.3064,0,0,0,1</mat>
				</frame>
				<frame num='0'>
					<mat>-0.94449,-0.327499,0.0261348,26.6563,0.04177,-0.0407975,0.998294,30.5304,-0.325874,0.94397,0.0522125,-32.3152,0,0,0,1</mat>
				</frame>
				<frame num='1'>
					<mat>-0.94649,-0.3215,0.0281912,26.6936,0.0442319,-0.0426971,0.998108,30.5211,-0.319688,0.945946,0.0546329,-32.3801,0,0,0,1</mat>
				</frame>
				<frame num='2'>
					<mat>-0.943915,-0.328707,0.0312405,26.8165,0.0492347,-0.0465601,0.997701,30.5012,-0.326497,0.943283,0.0601326,-31.9587,0,0,0,1</mat>
				</frame>
				<frame num='3'>
					<mat>-0.938112,-0.344616,0.034437,26.9756,0.0554742,-0.0513691,0.997138,30.4747,-0.341861,0.937337,0.0673073,-31.2203,0,0,0,1</mat>
				</frame>
				<frame num='4'>
					<mat>-0.943006,-0.330057,0.042445,27.1673,0.0642095,-0.0553166,0.996402,30.4393,-0.326522,0.942339,0.0733567,-31.3122,0,0,0,1</mat>
				</frame>
				<frame num='5'>
					<mat>-0.946546,-0.314875,0.0700277,27.9854,0.0907951,-0.0517589,0.994524,30.3426,-0.309526,0.947721,0.0775813,-31.2714,0,0,0,1</mat>
				</frame>
				<frame num='6'>
					<mat>-0.944926,-0.322573,0.0553321,27.5407,0.07833,-0.0587457,0.995195,30.3814,-0.317772,0.94472,0.0807774,-30.9909,0,0,0,1</mat>
				</frame>
				<frame num='7'>
					<mat>-0.941011,-0.338095,0.0137497,26.2673,0.0400731,-0.0710016,0.996671,30.4828,-0.335994,0.93843,0.0803618,-30.8121,0,0,0,1</mat>
				</frame>
				<frame num='8'>
					<mat>-0.94397,-0.326594,0.0475111,27.3131,0.0694817,-0.0559317,0.996014,30.4196,-0.322634,0.943509,0.0754901,-30.833,0,0,0,1</mat>
				</frame>
				<frame num='9'>
					<mat>-0.945523,-0.319636,0.061791,27.7533,0.0804489,-0.0454886,0.99572,30.3946,-0.315458,0.946448,0.0687249,-30.9515,0,0,0,1</mat>
				</frame>
				<frame num='10'>
					<mat>-0.944775,-0.325109,0.041291,27.1236,0.0591932,-0.0453637,0.997215,30.4717,-0.322331,0.944588,0.0621028,-31.0673,0,0,0,1</mat>
				</frame>
				<frame num='11'>
					<mat>-0.943217,-0.331654,0.0186479,26.4269,0.0361412,-0.0466557,0.998257,30.5375,-0.330206,0.942247,0.0559928,-31.1951,0,0,0,1</mat>
				</frame>
				<frame num='12'>
					<mat>-0.942614,-0.333742,0.00972713,26.1524,0.0263384,-0.0452839,0.998627,30.5632,-0.332844,0.941576,0.0514754,-31.3179,0,0,0,1</mat>
				</frame>
				<frame num='13'>
