<?xml version='1.0' encoding='UTF-8' ?>
<itpanim>
	<skeleton count='30'>
		<joint id='0' name='JNT_Root' parent='-1'>
			<mat>6.12323e-017,1,-6.12323e-017,0,-1,6.12323e-017,6.12323e-017,0,6.12323e-017,6.12323e-017,1,0,0,0,0,1</mat>
		</joint>
		<joint id='1' name='JNT_COG' parent='0'>
			<mat>6.12323e-017,1,-6.12323e-017,-21.2473,-1,6.12323e-017,6.12323e-017,-1.30102e-015,6.12323e-017,6.12323e-017,1,7.96648e-032,0,0,0,1</mat>
		</joint>
		<joint id='2' name='JNT_Spine01' parent='1'>
			<mat>6.12323e-017,1,-6.12323e-017,-23.2595,-1,6.12323e-017,6.12323e-017,-1.42424e-015,6.12323e-017,6.12323e-017,1,8.72093e-032,0,0,0,1</mat>
		</joint>
		<joint id='3' name='JNT_Spine02' parent='2'>
			<mat>6.12323e-017,1,-6.12323e-017,-26.8784,-1,6.12323e-017,6.12323e-017,-1.64583e-015,6.12323e-017,6.12323e-017,1,1.00778e-031,0,0,0,1</mat>
		</joint>
		<joint id='4' name='JNT_Spine03' parent='3'>
			<mat>0.995753,0.0641037,0.0660864,-2.7303,-0.063963,0.997943,-0.00424511,-42.5043,-0.0662226,-3.98832e-015,0.997805,1.72474e-013,0,0,0,1</mat>
		</joint>
		<joint id='5' name='JNT_L_Shoulder' parent='4'>
			<mat>1,-5.76407e-016,-2.77556e-017,-24.4723,5.76407e-016,1,3.9968e-015,-44.1674,2.77556e-017,-3.9968e-015,1,-1.62419,0,0,0,1</mat>
		</joint>
		<joint id='6' name='JNT_L_Wrist' parent='5'>
			<mat>0.999472,-0.0314388,-0.00821328,-32.3452,0.0314378,0.999506,-0.000258344,-45.2066,0.00821734,1.19845e-014,0.999966,-1.90159,0,0,0,1</mat>
		</joint>
		<joint id='7' name='JNT_L_Hand' parent='6'>
			<mat>-0.0427715,0.464702,-0.884433,-16.5715,0.0224469,0.885467,0.46416,-40.4232,0.998833,-2.41879e-016,-0.0483039,-55.0289,0,0,0,1</mat>
		</joint>
		<joint id='8' name='JNT_L_Flap1' parent='7'>
			<mat>-0.0187014,0.43529,-0.900096,-25.3649,0.00904213,0.90029,0.435196,-40.5768,0.999784,-5.85113e-015,-0.0207726,-54.9072,0,0,0,1</mat>
		</joint>
		<joint id='9' name='JNT_L_Flap1_tip' parent='8'>
			<mat>1,3.45624e-016,-9.26342e-016,-54.6706,-3.45624e-016,1,-1.33227e-015,-50.3025,9.26342e-016,1.33227e-015,1,11.9586,0,0,0,1</mat>
		</joint>
		<joint id='10' name='JNT_L_Flap2' parent='7'>
			<mat>-0.000958298,0.560066,0.828447,-34.1649,0.000647851,0.828448,-0.560066,-35.3463,-0.999999,1.60441e-015,-0.00115674,54.6868,0,0,0,1</mat>
		</joint>
		<joint id='11' name='JNT_L_Flap2_Tip' parent='10'>
			<mat>1,-3.77816e-015,3.44776e-016,-54.6708,3.77816e-015,1,-1.05915e-013,-51.9784,-3.44776e-016,1.05915e-013,1,-13.8386,0,0,0,1</mat>
		</joint>
		<joint id='12' name='JNT_L_Flap3' parent='7'>
			<mat>-0.00501418,-0.996533,0.0830444,35.208,-0.0600607,0.0831957,0.994722,-1.60694,-0.998182,7.30039e-016,-0.0602697,54.7112,0,0,0,1</mat>
		</joint>
		<joint id='13' name='JNT_L_Flap3_Tip' parent='12'>
			<mat>1,-2.81936e-015,-2.6347e-014,-54.6602,2.81936e-015,1,-3.95239e-014,-28.9351,2.6347e-014,3.95239e-014,1,-2.49576,0,0,0,1</mat>
		</joint>
		<joint id='14' name='JNT_R_Shoulder' parent='4'>
			<mat>-1,1.45473e-015,-1.22465e-016,-24.4723,1.45473e-015,1,-1.22465e-016,-44.1674,1.22465e-016,-1.22465e-016,-1,1.62419,0,0,0,1</mat>
		</joint>
		<joint id='15' name='JNT_R_Wrist' parent='14'>
			<mat>-0.999472,-0.0314393,-0.00821364,-32.3452,-0.0314382,0.999506,-0.000258359,-45.2067,0.0082177,-4.55743e-013,-0.999966,1.90161,0,0,0,1</mat>
		</joint>
		<joint id='16' name='JNT_R_Hand' parent='15'>
			<mat>0.0427695,0.464698,-0.884436,-16.5714,-0.0224456,0.885469,0.464155,-40.4233,0.998833,1.45224e-016,0.0483015,55.0289,0,0,0,1</mat>
		</joint>
		<joint id='17' name='JNT_R_Flap1' parent='16'>
			<mat>0.0186999,0.435296,-0.900093,-25.3652,-0.00904155,0.900288,0.435202,-40.5766,0.999784,-3.65277e-015,0.0207711,54.9072,0,0,0,1</mat>
		</joint>
		<joint id='18' name='JNT_R_Flap1_tip' parent='17'>
			<mat>1,-9.05072e-015,-1.92207e-015,54.6706,-9.05072e-015,-1,2.68796e-013,50.3025,-1.92207e-015,-2.68796e-013,-1,-11.9586,0,0,0,1</mat>
		</joint>
		<joint id='19' name='JNT_R_Flap2' parent='16'>
			<mat>0.000959322,0.560071,0.828444,-34.165,-0.000648551,0.828444,-0.560071,-35.3461,-0.999999,-9.70491e-016,0.00115798,-54.6868,0,0,0,1</mat>
		</joint>
		<joint id='20' name='JNT_R_Flap2_Tip' parent='19'>
			<mat>1,1.28336e-015,-8.90347e-016,54.6708,1.28336e-015,-1,4.40659e-013,51.9784,-8.90347e-016,-4.40659e-013,-1,13.8386,0,0,0,1</mat>
		</joint>
		<joint id='21' name='JNT_R_Flap3' parent='16'>
			<mat>0.00501081,-0.996533,0.0830447,35.2078,0.0600204,0.0831957,0.994724,-1.60914,-0.998185,1.26897e-016,0.0602292,-54.7113,0,0,0,1</mat>
		</joint>
		<joint id='22' name='JNT_R_Flap3_Tip' parent='21'>
			<mat>1,-2.48358e-015,2.15106e-014,54.6602,-2.48358e-015,-1,4.78851e-013,28.9351,2.15106e-014,-4.78851e-013,-1,2.49576,0,0,0,1</mat>
		</joint>
		<joint id='23' name='JNT_Lid' parent='4'>
			<mat>1,-6.87429e-016,-1.38778e-016,2.61284e-014,6.87429e-016,1,3.9968e-015,-58.4099,1.38778e-016,-3.9968e-015,1,-1.24447,0,0,0,1</mat>
		</joint>
		<joint id='24' name='JNT_L_Hip' parent='1'>
			<mat>0.690854,-0.722995,4.42707e-017,6.23246,0.722995,0.690854,1.89298e-017,-15.8943,-4.42707e-017,1.89298e-017,1,9.73248e-016,0,0,0,1</mat>
		</joint>
		<joint id='25' name='JNT_L_Knee' parent='24'>
			<mat>0.196117,-0.980581,6.00432e-017,7.26493,0.980581,0.196117,4.92236e-017,-14.214,-6.00432e-017,4.92236e-017,1,8.70357e-016,0,0,0,1</mat>
		</joint>
		<joint id='26' name='JNT_L_Foot' parent='25'>
			<mat>1,2.498e-016,-2.76218e-032,-14.4955,2.498e-016,-1,1.22465e-016,-7.17369e-015,2.9699e-033,-1.22465e-016,-1,-3.59199e-031,0,0,0,1</mat>
		</joint>
		<joint id='27' name='JNT_R_Hip' parent='1'>
			<mat>-0.690854,-0.722995,3.16543e-017,6.23246,-0.722995,0.690854,-1.44139e-016,-15.8943,8.2343e-017,-1.22465e-016,-1,3.62249e-015,0,0,0,1</mat>
		</joint>
		<joint id='28' name='JNT_R_Knee' parent='27'>
			<mat>-0.196117,-0.980581,1.80103e-016,7.26493,-0.980581,0.196117,2.76066e-016,-14.214,-3.06026e-016,-1.22465e-016,-1,3.36444e-016,0,0,0,1</mat>
		</joint>
		<joint id='29' name='JNT_R_Foot' parent='28'>
			<mat>1,3.05311e-016,-8.0669e-017,14.4955,3.05311e-016,-1,1.22465e-016,4.42564e-015,-8.0669e-017,-1.22465e-016,-1,3.9491e-015,0,0,0,1</mat>
		</joint>
	</skeleton>
	<animations>
		<animation name='Take 001' length='60'>
			<track id = '0' name='JNT_Root'>
				<frame num='-1'>
					<mat>6.12323e-017,-1,6.12323e-017,0,1,6.12323e-017,6.12323e-017,0,-6.12323e-017,6.12323e-017,1,0,0,0,0,1</mat>
				</frame>
				<frame num='0'>
					<mat>6.12323e-017,-1,6.12323e-017,0,1,6.12323e-017,6.12323e-017,0,-6.12323e-017,6.12323e-017,1,0,0,0,0,1</mat>
				</frame>
				<frame num='1'>
					<mat>6.12323e-017,-1,6.12323e-017,0,1,6.12323e-017,6.12323e-017,0,-6.12323e-017,6.12323e-017,1,0,0,0,0,1</mat>
				</frame>
				<frame num='2'>
					<mat>6.12323e-017,-1,6.12323e-017,0,1,6.12323e-017,6.12323e-017,0,-6.12323e-017,6.12323e-017,1,0,0,0,0,1</mat>
				</frame>
				<frame num='3'>
					<mat>6.12323e-017,-1,6.12323e-017,0,1,6.12323e-017,6.12323e-017,0,-6.12323e-017,6.12323e-017,1,0,0,0,0,1</mat>
				</frame>
				<frame num='4'>
					<mat>6.12323e-017,-1,6.12323e-017,0,1,6.12323e-017,6.12323e-017,0,-6.12323e-017,6.12323e-017,1,0,0,0,0,1</mat>
				</frame>
				<frame num='5'>
					<mat>6.12323e-017,-1,6.12323e-017,0,1,6.12323e-017,6.12323e-017,0,-6.12323e-017,6.12323e-017,1,0,0,0,0,1</mat>
				</frame>
				<frame num='6'>
					<mat>6.12323e-017,-1,6.12323e-017,0,1,6.12323e-017,6.12323e-017,0,-6.12323e-017,6.12323e-017,1,0,0,0,0,1</mat>
				</frame>
				<frame num='7'>
					<mat>6.12323e-017,-1,6.12323e-017,0,1,6.12323e-017,6.12323e-017,0,-6.12323e-017,6.12323e-017,1,0,0,0,0,1</mat>
				</frame>
				<frame num='8'>
					<mat>6.12323e-017,-1,6.12323e-017,0,1,6.12323e-017,6.12323e-017,0,-6.12323e-017,6.12323e-017,1,0,0,0,0,1</mat>
				</frame>
				<frame num='9'>
					<mat>6.12323e-017,-1,6.12323e-017,0,1,6.12323e-017,6.12323e-017,0,-6.12323e-017,6.12323e-017,1,0,0,0,0,1</mat>
				</frame>
				<frame num='10'>
					<mat>6.12323e-017,-1,6.12323e-017,0,1,6.12323e-017,6.12323e-017,0,-6.12323e-017,6.12323e-017,1,0,0,0,0,1</mat>
				</frame>
				<frame num='11'>
					<mat>6.12323e-017,-1,6.12323e-017,0,1,6.12323e-017,6.12323e-017,0,-6.12323e-017,6.12323e-017,1,0,0,0,0,1</mat>
				</frame>
				<frame num='12'>
					<mat>6.12323e-017,-1,6.12323e-017,0,1,6.12323e-017,6.12323e-017,0,-6.12323e-017,6.12323e-017,1,0,0,0,0,1</mat>
				</frame>
				<frame num='13'>
					<mat>6.12323e-017,-1,6.12323e-017,0,1,6.12323e-017,6.12323e-017,0,-6.12323e-017,6.12323e-017,1,0,0,0,0,1</mat>
				</frame>
				<frame num='14'>
					<mat>6.12323e-017,-1,6.12323e-017,0,1,6.12323e-017,6.12323e-017,0,-6.12323e-017,6.12323e-017,1,0,0,0,0,1</mat>
				</frame>
				<frame num='15'>
					<mat>6.12323e-017,-1,6.12323e-017,0,1,6.12323e-017,6.12323e-017,0,-6.12323e-017,6.12323e-017,1,0,0,0,0,1</mat>
				</frame>
				<frame num='16'>
					<mat>6.12323e-017,-1,6.12323e-017,0,1,6.12323e-017,6.12323e-017,0,-6.12323e-017,6.12323e-017,1,0,0,0,0,1</mat>
				</frame>
				<frame num='17'>
					<mat>6.12323e-017,-1,6.12323e-017,0,1,6.12323e-017,6.12323e-017,0,-6.12323e-017,6.12323e-017,1,0,0,0,0,1</mat>
				</frame>
				<frame num='18'>
					<mat>6.12323e-017,-1,6.12323e-017,0,1,6.12323e-017,6.12323e-017,0,-6.12323e-017,6.12323e-017,1,0,0,0,0,1</mat>
				</frame>
				<frame num='19'>
					<mat>6.12323e-017,-1,6.12323e-017,0,1,6.12323e-017,6.12323e-017,0,-6.12323e-017,6.12323e-017,1,0,0,0,0,1</mat>
				</frame>
				<frame num='20'>
					<mat>6.12323e-017,-1,6.12323e-017,0,1,6.12323e-017,6.12323e-017,0,-6.12323e-017,6.12323e-017,1,0,0,0,0,1</mat>
				</frame>
				<frame num='21'>
					<mat>6.12323e-017,-1,6.12323e-017,0,1,6.12323e-017,6.12323e-017,0,-6.12323e-017,6.12323e-017,1,0,0,0,0,1</mat>
				</frame>
				<frame num='22'>
					<mat>6.12323e-017,-1,6.12323e-017,0,1,6.12323e-017,6.12323e-017,0,-6.12323e-017,6.12323e-017,1,0,0,0,0,1</mat>
				</frame>
				<frame num='23'>
					<mat>6.12323e-017,-1,6.12323e-017,0,1,6.12323e-017,6.12323e-017,0,-6.12323e-017,6.12323e-017,1,0,0,0,0,1</mat>
				</frame>
				<frame num='24'>
					<mat>6.12323e-017,-1,6.12323e-017,0,1,6.12323e-017,6.12323e-017,0,-6.12323e-017,6.12323e-017,1,0,0,0,0,1</mat>
				</frame>
				<frame num='25'>
					<mat>6.12323e-017,-1,6.12323e-017,0,1,6.12323e-017,6.12323e-017,0,-6.12323e-017,6.12323e-017,1,0,0,0,0,1</mat>
				</frame>
				<frame num='26'>
					<mat>6.12323e-017,-1,6.12323e-017,0,1,6.12323e-017,6.12323e-017,0,-6.12323e-017,6.12323e-017,1,0,0,0,0,1</mat>
				</frame>
				<frame num='27'>
					<mat>6.12323e-017,-1,6.12323e-017,0,1,6.12323e-017,6.12323e-017,0,-6.12323e-017,6.12323e-017,1,0,0,0,0,1</mat>
				</frame>
				<frame num='28'>
					<mat>6.12323e-017,-1,6.12323e-017,0,1,6.12323e-017,6.12323e-017,0,-6.12323e-017,6.12323e-017,1,0,0,0,0,1</mat>
				</frame>
				<frame num='29'>
					<mat>6.12323e-017,-1,6.12323e-017,0,1,6.12323e-017,6.12323e-017,0,-6.12323e-017,6.12323e-017,1,0,0,0,0,1</mat>
				</frame>
				<frame num='30'>
					<mat>6.12323e-017,-1,6.12323e-017,0,1,6.12323e-017,6.12323e-017,0,-6.12323e-017,6.12323e-017,1,0,0,0,0,1</mat>
				</frame>
				<frame num='31'>
					<mat>6.12323e-017,-1,6.12323e-017,0,1,6.12323e-017,6.12323e-017,0,-6.12323e-017,6.12323e-017,1,0,0,0,0,1</mat>
				</frame>
				<frame num='32'>
					<mat>6.12323e-017,-1,6.12323e-017,0,1,6.12323e-017,6.12323e-017,0,-6.12323e-017,6.12323e-017,1,0,0,0,0,1</mat>
				</frame>
				<frame num='33'>
					<mat>6.12323e-017,-1,6.12323e-017,0,1,6.12323e-017,6.12323e-017,0,-6.12323e-017,6.12323e-017,1,0,0,0,0,1</mat>
				</frame>
				<frame num='34'>
					<mat>6.12323e-017,-1,6.12323e-017,0,1,6.12323e-017,6.12323e-017,0,-6.12323e-017,6.12323e-017,1,0,0,0,0,1</mat>
				</frame>
				<frame num='35'>
					<mat>6.12323e-017,-1,6.12323e-017,0,1,6.12323e-017,6.12323e-017,0,-6.12323e-017,6.12323e-017,1,0,0,0,0,1</mat>
				</frame>
				<frame num='36'>
					<mat>6.12323e-017,-1,6.12323e-017,0,1,6.12323e-017,6.12323e-017,0,-6.12323e-017,6.12323e-017,1,0,0,0,0,1</mat>
				</frame>
				<frame num='37'>
					<mat>6.12323e-017,-1,6.12323e-017,0,1,6.12323e-017,6.12323e-017,0,-6.12323e-017,6.12323e-017,1,0,0,0,0,1</mat>
				</frame>
				<frame num='38'>
					<mat>6.12323e-017,-1,6.12323e-017,0,1,6.12323e-017,6.12323e-017,0,-6.12323e-017,6.12323e-017,1,0,0,0,0,1</mat>
				</frame>
				<frame num='39'>
					<mat>6.12323e-017,-1,6.12323e-017,0,1,6.12323e-017,6.12323e-017,0,-6.12323e-017,6.12323e-017,1,0,0,0,0,1</mat>
				</frame>
				<frame num='40'>
					<mat>6.12323e-017,-1,6.12323e-017,0,1,6.12323e-017,6.12323e-017,0,-6.12323e-017,6.12323e-017,1,0,0,0,0,1</mat>
				</frame>
				<frame num='41'>
					<mat>6.12323e-017,-1,6.12323e-017,0,1,6.12323e-017,6.12323e-017,0,-6.12323e-017,6.12323e-017,1,0,0,0,0,1</mat>
				</frame>
				<frame num='42'>
					<mat>6.12323e-017,-1,6.12323e-017,0,1,6.12323e-017,6.12323e-017,0,-6.12323e-017,6.12323e-017,1,0,0,0,0,1</mat>
				</frame>
				<frame num='43'>
					<mat>6.12323e-017,-1,6.12323e-017,0,1,6.12323e-017,6.12323e-017,0,-6.12323e-017,6.12323e-017,1,0,0,0,0,1</mat>
				</frame>
				<frame num='44'>
					<mat>6.12323e-017,-1,6.12323e-017,0,1,6.12323e-017,6.12323e-017,0,-6.12323e-017,6.12323e-017,1,0,0,0,0,1</mat>
				</frame>
				<frame num='45'>
					<mat>6.12323e-017,-1,6.12323e-017,0,1,6.12323e-017,6.12323e-017,0,-6.12323e-017,6.12323e-017,1,0,0,0,0,1</mat>
				</frame>
				<frame num='46'>
					<mat>6.12323e-017,-1,6.12323e-017,0,1,6.12323e-017,6.12323e-017,0,-6.12323e-017,6.12323e-017,1,0,0,0,0,1</mat>
				</frame>
				<frame num='47'>
					<mat>6.12323e-017,-1,6.12323e-017,0,1,6.12323e-017,6.12323e-017,0,-6.12323e-017,6.12323e-017,1,0,0,0,0,1</mat>
				</frame>
				<frame num='48'>
					<mat>6.12323e-017,-1,6.12323e-017,0,1,6.12323e-017,6.12323e-017,0,-6.12323e-017,6.12323e-017,1,0,0,0,0,1</mat>
				</frame>
				<frame num='49'>
					<mat>6.12323e-017,-1,6.12323e-017,0,1,6.12323e-017,6.12323e-017,0,-6.12323e-017,6.12323e-017,1,0,0,0,0,1</mat>
				</frame>
				<frame num='50'>
					<mat>6.12323e-017,-1,6.12323e-017,0,1,6.12323e-017,6.12323e-017,0,-6.12323e-017,6.12323e-017,1,0,0,0,0,1</mat>
				</frame>
				<frame num='51'>
					<mat>6.12323e-017,-1,6.12323e-017,0,1,6.12323e-017,6.12323e-017,0,-6.12323e-017,6.12323e-017,1,0,0,0,0,1</mat>
				</frame>
				<frame num='52'>
					<mat>6.12323e-017,-1,6.12323e-017,0,1,6.12323e-017,6.12323e-017,0,-6.12323e-017,6.12323e-017,1,0,0,0,0,1</mat>
				</frame>
				<frame num='53'>
					<mat>6.12323e-017,-1,6.12323e-017,0,1,6.12323e-017,6.12323e-017,0,-6.12323e-017,6.12323e-017,1,0,0,0,0,1</mat>
				</frame>
				<frame num='54'>
					<mat>6.12323e-017,-1,6.12323e-017,0,1,6.12323e-017,6.12323e-017,0,-6.12323e-017,6.12323e-017,1,0,0,0,0,1</mat>
				</frame>
				<frame num='55'>
					<mat>6.12323e-017,-1,6.12323e-017,0,1,6.12323e-017,6.12323e-017,0,-6.12323e-017,6.12323e-017,1,0,0,0,0,1</mat>
				</frame>
				<frame num='56'>
					<mat>6.12323e-017,-1,6.12323e-017,0,1,6.12323e-017,6.12323e-017,0,-6.12323e-017,6.12323e-017,1,0,0,0,0,1</mat>
				</frame>
				<frame num='57'>
					<mat>6.12323e-017,-1,6.12323e-017,0,1,6.12323e-017,6.12323e-017,0,-6.12323e-017,6.12323e-017,1,0,0,0,0,1</mat>
				</frame>
				<frame num='58'>
					<mat>6.12323e-017,-1,6.12323e-017,0,1,6.12323e-017,6.12323e-017,0,-6.12323e-017,6.12323e-017,1,0,0,0,0,1</mat>
				</frame>
			</track>
			<track id = '1' name='JNT_COG'>
				<frame num='-1'>
					<mat>-1.60812e-016,-1,1.22465e-016,-8.15672e-015,-1,1.60812e-016,6.12323e-017,39.2999,-6.12323e-017,-1.22465e-016,-1,-29.9975,0,0,0,1</mat>
				</frame>
				<frame num='0'>
					<mat>-1.60812e-016,-0.999999,-0.00169031,2.12073e-006,-1,1.60708e-016,6.19191e-017,39.2999,-6.16473e-017,0.00169031,-0.999999,-29.9975,0,0,0,1</mat>
				</frame>
				<frame num='1'>
					<mat>-1.60812e-016,-0.999685,-0.025111,3.15038e-005,-1,1.59125e-016,6.91908e-017,39.2999,-6.51732e-017,0.025111,-0.999685,-29.9975,0,0,0,1</mat>
				</frame>
				<frame num='2'>
					<mat>-1.60812e-016,-0.999903,-0.0139063,1.74459e-005,-1,1.59917e-016,6.55235e-017,39.2999,-6.32933e-017,0.0139063,-0.999903,-29.9975,0,0,0,1</mat>
				</frame>
				<frame num='3'>
					<mat>-1.60812e-016,-0.999848,0.0174524,-2.18958e-005,-1,1.61788e-016,5.44719e-017,39.2999,-5.72872e-017,-0.0174524,-0.999848,-29.9975,0,0,0,1</mat>
				</frame>
				<frame num='4'>
					<mat>-1.60812e-016,-0.999987,-0.00518142,6.50031e-006,-1,1.60489e-016,6.27653e-017,39.2999,-6.19329e-017,0.00518142,-0.999987,-29.9975,0,0,0,1</mat>
				</frame>
				<frame num='5'>
					<mat>-1.60812e-016,-0.999941,-0.0109081,1.36849e-005,-1,1.60121e-016,6.428e-017,39.2999,-6.25296e-017,0.0109081,-0.999941,-29.9975,0,0,0,1</mat>
				</frame>
				<frame num='6'>
					<mat>-1.60812e-016,-0.999879,0.0155437,-1.95009e-005,-1,1.61691e-016,5.52608e-017,39.2999,-5.77673e-017,-0.0155437,-0.999879,-29.9975,0,0,0,1</mat>
				</frame>
				<frame num='7'>
					<mat>-1.60812e-016,-1,1.22465e-016,-8.15672e-015,-1,1.60812e-016,6.12323e-017,39.2999,-6.12323e-017,-1.22465e-016,-1,-29.9975,0,0,0,1</mat>
				</frame>
				<frame num='8'>
					<mat>-1.60812e-016,-0.999879,-0.0155437,1.95009e-005,-1,1.59814e-016,6.54366e-017,39.2999,-6.29446e-017,0.0155437,-0.999879,-29.9975,0,0,0,1</mat>
				</frame>
				<frame num='9'>
					<mat>-1.60812e-016,-0.999941,0.0109081,-1.36849e-005,-1,1.61445e-016,5.71388e-017,39.2999,-5.88964e-017,-0.0109081,-0.999941,-29.9975,0,0,0,1</mat>
				</frame>
				<frame num='10'>
					<mat>-1.60812e-016,-0.999932,0.0116351,-1.45976e-005,-1,1.61483e-016,5.66881e-017,39.2999,-5.85632e-017,-0.0116351,-0.999932,-29.9975,0,0,0,1</mat>
				</frame>
				<frame num='11'>
					<mat>-1.60812e-016,-0.999965,-0.00840324,1.05428e-005,-1,1.60278e-016,6.4214e-017,39.2999,-6.28649e-017,0.00840324,-0.999965,-29.9975,0,0,0,1</mat>
				</frame>
				<frame num='12'>
					<mat>-1.60812e-016,-0.999861,-0.0166445,2.08822e-005,-1,1.59739e-016,6.5837e-017,39.2999,-6.31691e-017,0.0166445,-0.999861,-29.9975,0,0,0,1</mat>
				</frame>
				<frame num='13'>
					<mat>-1.60812e-016,-1,1.22465e-016,5.69604e-016,-1,1.60812e-016,6.23097e-017,39.2999,-6.23097e-017,-1.22465e-016,-1,-29.9975,0,0,0,1</mat>
				</frame>
				<frame num='14'>
					<mat>-1.60812e-016,-0.999861,0.0166445,-2.08822e-005,-1,1.6175e-016,5.4968e-017,39.2999,-5.76526e-017,-0.0166445,-0.999861,-29.9975,0,0,0,1</mat>
				</frame>
				<frame num='15'>
					<mat>-1.60812e-016,-0.999892,0.0147257,-1.84748e-005,-1,1.6167e-016,5.70529e-017,39.2999,-5.94274e-017,-0.0147257,-0.999892,-29.9975,0,0,0,1</mat>
				</frame>
				<frame num='16'>
					<mat>-1.60812e-016,-0.999974,0.00714999,-8.97038e-006,-1,1.61241e-016,5.93863e-017,39.2999,-6.05377e-017,-0.00714999,-0.999974,-29.9975,0,0,0,1</mat>
				</frame>
				<frame num='17'>
					<mat>-1.60812e-016,-1,0.000818123,-1.02642e-006,-1,1.60862e-016,6.06045e-017,39.2999,-6.07361e-017,-0.000818123,-1,-29.9975,0,0,0,1</mat>
				</frame>
				<frame num='18'>
					<mat>-1.60579e-016,-1,1.31116e-016,-9.60799e-015,-0.998552,1.67401e-016,0.053798,48.4913,-0.053798,-1.22287e-016,-0.998552,-29.5595,0,0,0,1</mat>
				</frame>
				<frame num='19'>
					<mat>-1.54151e-016,-1,1.6827e-016,-1.45677e-014,-0.958575,1.95695e-016,0.28484,80.1493,-0.28484,-1.17392e-016,-0.958575,-27.4148,0,0,0,1</mat>
				</frame>
				<frame num='20'>
					<mat>-1.38159e-016,-1,2.04762e-016,-1.66777e-014,-0.85913,2.23485e-016,0.511758,94.4386,-0.511758,-1.05213e-016,-0.85913,-24.3472,0,0,0,1</mat>
				</frame>
				<frame num='21'>
					<mat>-0.0281022,0.999605,-3.81956e-016,-1.62599e-014,-5.33611e-017,-3.83607e-016,-1,93.1965,-0.999605,-0.0281022,6.41203e-017,-20.7859,0,0,0,1</mat>
				</frame>
				<frame num='22'>
					<mat>1.45829e-016,-1,-1.20393e-016,-1.51246e-014,-0.514791,-1.78286e-016,0.857315,87.9032,-0.857315,-6.30438e-017,-0.514791,-16.1465,0,0,0,1</mat>
				</frame>
				<frame num='23'>
					<mat>4.07015e-017,-1,-9.07069e-017,-8.42741e-015,0.664707,-4.0713e-017,0.747105,50.0777,-0.747105,-9.07018e-017,0.664707,-6.11276,0,0,0,1</mat>
				</frame>
				<frame num='24'>
					<mat>6.12323e-017,-1,6.12323e-017,-3.41683e-015,1,6.12323e-017,6.12323e-017,21.2473,-6.12323e-017,6.12323e-017,1,-1.30102e-015,0,0,0,1</mat>
				</frame>
				<frame num='25'>
					<mat>6.12323e-017,-1,6.12323e-017,-3.41683e-015,1,6.12323e-017,6.12323e-017,21.2473,-6.12323e-017,6.12323e-017,1,-1.30102e-015,0,0,0,1</mat>
				</frame>
				<frame num='26'>
					<mat>6.12323e-017,-1,6.12323e-017,-3.41683e-015,1,6.12323e-017,6.12323e-017,21.2473,-6.12323e-017,6.12323e-017,1,-1.30102e-015,0,0,0,1</mat>
				</frame>
				<frame num='27'>
					<mat>6.12323e-017,-1,6.12323e-017,-3.41683e-015,1,6.12323e-017,6.12323e-017,21.2473,-6.12323e-017,6.12323e-017,1,-1.30102e-015,0,0,0,1</mat>
				</frame>
				<frame num='28'>
					<mat>6.12323e-017,-1,6.12323e-017,-3.41683e-015,1,6.12323e-017,6.12323e-017,21.2473,-6.12323e-017,6.12323e-017,1,-1.30102e-015,0,0,0,1</mat>
				</frame>
				<frame num='29'>
					<mat>6.12323e-017,-1,6.12323e-017,-3.41683e-015,1,6.12323e-017,6.12323e-017,21.2473,-6.12323e-017,6.12323e-017,1,-1.30102e-015,0,0,0,1</mat>
				</frame>
				<frame num='30'>
					<mat>6.12323e-017,-1,6.12323e-017,-3.41683e-015,1,6.12323e-017,6.12323e-017,21.2473,-6.12323e-017,6.12323e-017,1,-1.30102e-015,0,0,0,1</mat>
				</frame>
				<frame num='31'>
					<mat>6.12323e-017,-1,6.12323e-017,-3.41683e-015,1,6.12323e-017,6.12323e-017,21.2473,-6.12323e-017,6.12323e-017,1,-1.30102e-015,0,0,0,1</mat>
				</frame>
				<frame num='32'>
					<mat>6.12323e-017,-1,6.12323e-017,-3.41683e-015,1,6.12323e-017,6.12323e-017,21.2473,-6.12323e-017,6.12323e-017,1,-1.30102e-015,0,0,0,1</mat>
				</frame>
				<frame num='33'>
					<mat>6.12323e-017,-1,6.12323e-017,-3.41683e-015,1,6.12323e-017,6.12323e-017,21.2473,-6.12323e-017,6.12323e-017,1,-1.30102e-015,0,0,0,1</mat>
				</frame>
				<frame num='34'>
					<mat>6.12323e-017,-1,6.12323e-017,-3.41683e-015,1,6.12323e-017,6.12323e-017,21.2473,-6.12323e-017,6.12323e-017,1,-1.30102e-015,0,0,0,1</mat>
				</frame>
				<frame num='35'>
					<mat>6.12323e-017,-1,6.12323e-017,-3.41683e-015,1,6.12323e-017,6.12323e-017,21.2473,-6.12323e-017,6.12323e-017,1,-1.30102e-015,0,0,0,1</mat>
				</frame>
				<frame num='36'>
					<mat>6.12323e-017,-1,6.12323e-017,-3.41683e-015,1,6.12323e-017,6.12323e-017,21.2473,-6.12323e-017,6.12323e-017,1,-1.30102e-015,0,0,0,1</mat>
				</frame>
				<frame num='37'>
					<mat>6.12323e-017,-1,6.12323e-017,-3.41683e-015,1,6.12323e-017,6.12323e-017,21.2473,-6.12323e-017,6.12323e-017,1,-1.30102e-015,0,0,0,1</mat>
				</frame>
				<frame num='38'>
					<mat>6.12323e-017,-1,6.12323e-017,-3.41683e-015,1,6.12323e-017,6.12323e-017,21.2473,-6.12323e-017,6.12323e-017,1,-1.30102e-015,0,0,0,1</mat>
				</frame>
				<frame num='39'>
					<mat>6.12323e-017,-1,6.12323e-017,-3.41683e-015,1,6.12323e-017,6.12323e-017,21.2473,-6.12323e-017,6.12323e-017,1,-1.30102e-015,0,0,0,1</mat>
				</frame>
				<frame num='40'>
					<mat>6.12323e-017,-1,6.12323e-017,-3.41683e-015,1,6.12323e-017,6.12323e-017,21.2473,-6.12323e-017,6.12323e-017,1,-1.30102e-015,0,0,0,1</mat>
				</frame>
				<frame num='41'>
					<mat>6.12323e-017,-1,6.12323e-017,-3.41683e-015,1,6.12323e-017,6.12323e-017,21.2473,-6.12323e-017,6.12323e-017,1,-1.30102e-015,0,0,0,1</mat>
				</frame>
				<frame num='42'>
					<mat>6.12323e-017,-1,6.12323e-017,-3.41683e-015,1,6.12323e-017,6.12323e-017,21.2473,-6.12323e-017,6.12323e-017,1,-1.30102e-015,0,0,0,1</mat>
				</frame>
				<frame num='43'>
					<mat>6.12323e-017,-1,6.12323e-017,-3.41683e-015,1,6.12323e-017,6.12323e-017,21.2473,-6.12323e-017,6.12323e-017,1,-1.30102e-015,0,0,0,1</mat>
				</frame>
				<frame num='44'>
					<mat>6.12323e-017,-1,6.12323e-017,-3.41683e-015,1,6.12323e-017,6.12323e-017,21.2473,-6.12323e-017,6.12323e-017,1,-1.30102e-015,0,0,0,1</mat>
				</frame>
				<frame num='45'>
					<mat>6.12323e-017,-1,6.12323e-017,-3.41683e-015,1,6.12323e-017,6.12323e-017,21.2473,-6.12323e-017,6.12323e-017,1,-1.30102e-015,0,0,0,1</mat>
				</frame>
				<frame num='46'>
					<mat>6.12323e-017,-1,6.14338e-017,-3.42495e-015,0.999999,6.1159e-017,-0.0011931,21.2961,0.0011931,6.15068e-017,0.999999,-0.00458866,0,0,0,1</mat>
				</frame>
				<frame num='47'>
					<mat>6.12305e-017,-1,6.20603e-017,-3.47059e-015,0.99997,6.07473e-017,-0.00775695,21.5703,0.00775695,6.25334e-017,0.99997,-0.0298334,0,0,0,1</mat>
				</frame>
				<frame num='48'>
					<mat>6.12214e-017,-1,6.40219e-017,-3.55005e-015,0.999822,6.00024e-017,-0.0188706,22.0481,0.0188706,6.51658e-017,0.999822,-0.0725802,0,0,0,1</mat>
				</frame>
				<frame num='49'>
					<mat>6.11987e-017,-1,6.5203e-017,-3.65573e-015,0.999451,5.90051e-017,-0.0331279,22.6844,0.0331279,6.71946e-017,0.999451,-0.127432,0,0,0,1</mat>
				</frame>
				<frame num='50'>
					<mat>6.11585e-017,-1,6.78098e-017,-3.77981e-015,0.998795,5.77567e-017,-0.049081,23.4326,0.049081,7.07298e-017,0.998795,-0.188838,0,0,0,1</mat>
				</frame>
				<frame num='51'>
					<mat>6.11017e-017,-1,7.12659e-017,-3.91447e-015,0.997867,5.6319e-017,-0.0652822,24.2462,0.0652822,7.51027e-017,0.997867,-0.251249,0,0,0,1</mat>
				</frame>
				<frame num='52'>
					<mat>6.10344e-017,-1,7.04225e-017,-4.05213e-015,0.996768,5.51799e-017,-0.0803337,25.0801,0.0803337,7.5098e-017,0.996768,-0.309289,0,0,0,1</mat>
				</frame>
				<frame num='53'>
					<mat>6.09679e-017,-1,7.32175e-017,-4.18522e-015,0.995681,5.39067e-017,-0.0928443,25.8893,0.0928443,7.85618e-017,0.995681,-0.357584,0,0,0,1</mat>
				</frame>
				<frame num='54'>
					<mat>6.09168e-017,-1,7.62398e-017,-4.30592e-015,0.994847,5.28734e-017,-0.101385,26.6273,0.101385,8.20229e-017,0.994847,-0.390583,0,0,0,1</mat>
				</frame>
				<frame num='55'>
					<mat>6.08969e-017,-1,7.60718e-017,-4.40641e-015,0.994522,5.26116e-017,-0.104528,27.2476,0.104528,8.20205e-017,0.994522,-0.402739,0,0,0,1</mat>
				</frame>
				<frame num='56'>
					<mat>6.08969e-017,-1,7.60718e-017,-4.47961e-015,0.994522,5.26116e-017,-0.104528,27.7377,0.104528,8.20205e-017,0.994522,-0.311137,0,0,0,1</mat>
				</frame>
				<frame num='57'>
					<mat>6.08969e-017,-1,7.60718e-017,-4.52433e-015,0.994522,5.26116e-017,-0.104528,28.085,0.104528,8.20205e-017,0.994522,-0.129301,0,0,0,1</mat>
				</frame>
				<frame num='58'>
					<mat>6.08969e-017,-1,7.60718e-017,-4.54224e-015,0.994522,5.26116e-017,-0.104528,28.2426,0.104528,8.20205e-017,0.994522,-0.00781681,0,0,0,1</mat>
				</frame>
			</track>
			<track id = '2' name='JNT_Spine01'>
				<frame num='-1'>
					<mat>-1.60812e-016,-1,1.22465e-016,-8.97315e-015,-1,1.60812e-016,6.12323e-017,37.2877,-6.12323e-017,-1.22465e-016,-1,-29.9975,0,0,0,1</mat>
				</frame>
				<frame num='0'>
					<mat>-1.60812e-016,-0.999999,-0.00169031,2.12073e-006,-1,1.60708e-016,6.20657e-017,37.2877,-6.17939e-017,0.00169031,-0.999999,-29.9975,0,0,0,1</mat>
				</frame>
				<frame num='1'>
					<mat>2.83277e-016,-0.999685,-0.025111,3.15038e-005,-1,-2.85174e-016,7.19743e-017,37.2877,-7.91126e-017,0.025111,-0.999685,-29.9975,0,0,0,1</mat>
				</frame>
				<frame num='2'>
					<mat>2.83277e-016,-0.999903,-0.0139063,1.74459e-005,-1,-2.84237e-016,6.70666e-017,37.2877,-7.10128e-017,0.0139063,-0.999903,-29.9975,0,0,0,1</mat>
				</frame>
				<frame num='3'>
					<mat>2.83277e-016,-0.999848,0.0174524,-2.18958e-005,-1,-2.82403e-016,5.25357e-017,37.2877,-4.75991e-017,-0.0174524,-0.999848,-29.9975,0,0,0,1</mat>
				</frame>
				<frame num='4'>
					<mat>-1.60812e-016,-0.999987,-0.00518142,6.50031e-006,-1,1.60487e-016,6.32147e-017,37.2877,-6.23823e-017,0.00518142,-0.999987,-29.9975,0,0,0,1</mat>
				</frame>
				<frame num='5'>
					<mat>6.12323e-017,-0.999941,-0.0109081,1.36849e-005,-1,-6.19438e-017,6.48854e-017,37.2877,-6.55572e-017,0.0109081,-0.999941,-29.9975,0,0,0,1</mat>
				</frame>
				<frame num='6'>
					<mat>2.83277e-016,-0.999879,0.0155437,-1.95009e-005,-1,-2.82458e-016,5.48841e-017,37.2877,-5.04871e-017,-0.0155437,-0.999879,-29.9975,0,0,0,1</mat>
				</frame>
				<frame num='7'>
					<mat>-1.60812e-016,-1,1.22465e-016,-8.97315e-015,-1,1.60812e-016,6.12323e-017,37.2877,-6.12323e-017,-1.22465e-016,-1,-29.9975,0,0,0,1</mat>
				</frame>
				<frame num='8'>
					<mat>2.83277e-016,-0.999879,-0.0155437,1.95009e-005,-1,-2.84334e-016,6.58132e-017,37.2877,-7.02249e-017,0.0155437,-0.999879,-29.9975,0,0,0,1</mat>
				</frame>
				<frame num='9'>
					<mat>6.12323e-017,-0.999941,0.0109081,-1.36849e-005,-1,-6.06193e-017,5.65334e-017,37.2877,-5.58688e-017,-0.0109081,-0.999941,-29.9975,0,0,0,1</mat>
				</frame>
				<frame num='10'>
					<mat>2.83277e-016,-0.999932,0.0116351,-1.45976e-005,-1,-2.82652e-016,5.53968e-017,37.2877,-5.21044e-017,-0.0116351,-0.999932,-29.9975,0,0,0,1</mat>
				</frame>
				<frame num='11'>
					<mat>2.83277e-016,-0.999965,-0.00840324,1.05428e-005,-1,-2.83834e-016,6.51468e-017,37.2877,-6.75296e-017,0.00840324,-0.999965,-29.9975,0,0,0,1</mat>
				</frame>
				<frame num='12'>
					<mat>2.83277e-016,-0.999861,-0.0166445,2.08822e-005,-1,-2.84443e-016,6.76836e-017,37.2877,-7.24087e-017,0.0166445,-0.999861,-29.9975,0,0,0,1</mat>
				</frame>
				<frame num='13'>
					<mat>2.83277e-016,-1,1.22465e-016,-2.46826e-016,-1,-2.83277e-016,6.23097e-017,37.2877,-6.23097e-017,-1.22465e-016,-1,-29.9975,0,0,0,1</mat>
				</frame>
				<frame num='14'>
					<mat>2.83277e-016,-0.999861,0.0166445,-2.08822e-005,-1,-2.82432e-016,5.31213e-017,37.2877,-4.8413e-017,-0.0166445,-0.999861,-29.9975,0,0,0,1</mat>
				</frame>
				<frame num='15'>
					<mat>2.83277e-016,-0.999892,0.0147257,-1.84748e-005,-1,-2.82491e-016,5.54189e-017,37.2877,-5.1253e-017,-0.0147257,-0.999892,-29.9975,0,0,0,1</mat>
				</frame>
				<frame num='16'>
					<mat>2.83277e-016,-0.999974,0.00714999,-8.97038e-006,-1,-2.82865e-016,5.85926e-017,37.2877,-5.65687e-017,-0.00714999,-0.999974,-29.9975,0,0,0,1</mat>
				</frame>
				<frame num='17'>
					<mat>6.12323e-017,-1,0.000818123,-1.02642e-006,-1,-6.11828e-017,6.05591e-017,37.2877,-6.05091e-017,-0.000818123,-1,-29.9975,0,0,0,1</mat>
				</frame>
				<frame num='18'>
					<mat>2.82634e-016,-1,1.03385e-016,-1.04305e-014,-0.997729,-2.75029e-016,0.0673522,46.482,-0.0673522,-1.22187e-016,-0.997729,-29.6678,0,0,0,1</mat>
				</frame>
				<frame num='19'>
					<mat>2.66181e-016,-1,2.55447e-017,-1.54039e-014,-0.93965,-2.41377e-016,0.342139,78.2205,-0.342139,-1.15074e-016,-0.93965,-27.988,0,0,0,1</mat>
				</frame>
				<frame num='20'>
					<mat>-1.31005e-016,-1,2.15729e-016,-1.75051e-014,-0.814648,2.31836e-016,0.579955,92.7099,-0.579955,-9.97656e-017,-0.814648,-25.3769,0,0,0,1</mat>
				</frame>
				<frame num='21'>
					<mat>-0.0280232,0.999605,0.00210623,-0.0565471,-0.0749489,-4.996e-016,-0.997187,93.1965,-0.996794,-0.0281022,0.0749193,-22.7973,0,0,0,1</mat>
				</frame>
				<frame num='22'>
					<mat>4.50548e-016,-1,1.74948e-016,-1.53523e-014,-0.474556,-5.98169e-017,0.880226,86.8673,-0.880226,-4.79606e-016,-0.474556,-17.8716,0,0,0,1</mat>
				</frame>
				<frame num='23'>
					<mat>3.4408e-017,-1,-1.25941e-016,-8.74716e-015,0.561925,-8.48423e-017,0.827188,51.4152,-0.827188,-9.92314e-017,0.561925,-7.61608,0,0,0,1</mat>
				</frame>
				<frame num='24'>
					<mat>5.91686e-017,-1,2.43558e-017,-3.74042e-015,0.966297,6.34444e-017,0.257429,23.2595,-0.257429,8.30322e-018,0.966297,-1.42424e-015,0,0,0,1</mat>
				</frame>
				<frame num='25'>
					<mat>5.97445e-017,-1,3.37723e-017,-3.74042e-015,0.975702,6.56924e-017,0.219101,23.2595,-0.219101,1.98616e-017,0.975702,-1.42424e-015,0,0,0,1</mat>
				</frame>
				<frame num='26'>
					<mat>6.0572e-017,-1,3.87564e-017,-3.74042e-015,0.989215,6.55953e-017,0.146468,23.2595,-0.146468,2.94665e-017,0.989215,-1.42424e-015,0,0,0,1</mat>
				</frame>
				<frame num='27'>
					<mat>6.10914e-017,-1,5.16247e-017,-3.74042e-015,0.997697,6.4452e-017,0.0678219,23.2595,-0.0678219,4.73625e-017,0.997697,-1.42424e-015,0,0,0,1</mat>
				</frame>
				<frame num='28'>
					<mat>6.12282e-017,-1,5.99958e-017,-3.74042e-015,0.999933,6.19195e-017,0.0115898,23.2595,-0.0115898,5.92822e-017,0.999933,-1.42424e-015,0,0,0,1</mat>
				</frame>
				<frame num='29'>
					<mat>6.12323e-017,-1,6.12323e-017,-3.74042e-015,1,6.12323e-017,6.12323e-017,23.2595,-6.12323e-017,6.12323e-017,1,-1.42424e-015,0,0,0,1</mat>
				</frame>
				<frame num='30'>
					<mat>6.12323e-017,-1,6.12323e-017,-3.74042e-015,1,6.12323e-017,6.12323e-017,23.2595,-6.12323e-017,6.12323e-017,1,-1.42424e-015,0,0,0,1</mat>
				</frame>
				<frame num='31'>
					<mat>6.12323e-017,-1,6.12323e-017,-3.74042e-015,1,6.12323e-017,6.12323e-017,23.2595,-6.12323e-017,6.12323e-017,1,-1.42424e-015,0,0,0,1</mat>
				</frame>
				<frame num='32'>
					<mat>6.12323e-017,-1,6.12323e-017,-3.74042e-015,1,6.12323e-017,6.12323e-017,23.2595,-6.12323e-017,6.12323e-017,1,-1.42424e-015,0,0,0,1</mat>
				</frame>
				<frame num='33'>
					<mat>6.12323e-017,-1,6.12323e-017,-3.74042e-015,1,6.12323e-017,6.12323e-017,23.2595,-6.12323e-017,6.12323e-017,1,-1.42424e-015,0,0,0,1</mat>
				</frame>
				<frame num='34'>
					<mat>6.12323e-017,-1,6.12323e-017,-3.74042e-015,1,6.12323e-017,6.12323e-017,23.2595,-6.12323e-017,6.12323e-017,1,-1.42424e-015,0,0,0,1</mat>
				</frame>
				<frame num='35'>
					<mat>6.12323e-017,-1,6.12323e-017,-3.74042e-015,1,6.12323e-017,6.12323e-017,23.2595,-6.12323e-017,6.12323e-017,1,-1.42424e-015,0,0,0,1</mat>
				</frame>
				<frame num='36'>
					<mat>6.12323e-017,-1,6.12323e-017,-3.74042e-015,1,6.12323e-017,6.12323e-017,23.2595,-6.12323e-017,6.12323e-017,1,-1.42424e-015,0,0,0,1</mat>
				</frame>
				<frame num='37'>
					<mat>6.12323e-017,-1,6.12323e-017,-3.74042e-015,1,6.12323e-017,6.12323e-017,23.2595,-6.12323e-017,6.12323e-017,1,-1.42424e-015,0,0,0,1</mat>
				</frame>
				<frame num='38'>
					<mat>6.12323e-017,-1,6.12323e-017,-3.74042e-015,1,6.12323e-017,6.12323e-017,23.2595,-6.12323e-017,6.12323e-017,1,-1.42424e-015,0,0,0,1</mat>
				</frame>
				<frame num='39'>
					<mat>6.12323e-017,-1,6.12323e-017,-3.74042e-015,1,6.12323e-017,6.12323e-017,23.2595,-6.12323e-017,6.12323e-017,1,-1.42424e-015,0,0,0,1</mat>
				</frame>
				<frame num='40'>
					<mat>6.12323e-017,-1,6.12323e-017,-3.74042e-015,1,6.12323e-017,6.12323e-017,23.2595,-6.12323e-017,6.12323e-017,1,-1.42424e-015,0,0,0,1</mat>
				</frame>
				<frame num='41'>
					<mat>6.12323e-017,-1,6.12323e-017,-3.74042e-015,1,6.12323e-017,6.12323e-017,23.2595,-6.12323e-017,6.12323e-017,1,-1.42424e-015,0,0,0,1</mat>
				</frame>
				<frame num='42'>
					<mat>6.12323e-017,-1,6.12323e-017,-3.74042e-015,1,6.12323e-017,6.12323e-017,23.2595,-6.12323e-017,6.12323e-017,1,-1.42424e-015,0,0,0,1</mat>
				</frame>
				<frame num='43'>
					<mat>6.12323e-017,-1,6.12323e-017,-3.74042e-015,1,6.12323e-017,6.12323e-017,23.2595,-6.12323e-017,6.12323e-017,1,-1.42424e-015,0,0,0,1</mat>
				</frame>
				<frame num='44'>
					<mat>6.12323e-017,-1,6.12323e-017,-3.74042e-015,1,6.12323e-017,6.12323e-017,23.2595,-6.12323e-017,6.12323e-017,1,-1.42424e-015,0,0,0,1</mat>
				</frame>
				<frame num='45'>
					<mat>6.12323e-017,-1,6.12323e-017,-3.74042e-015,1,6.12323e-017,6.12323e-017,23.2595,-6.12323e-017,6.12323e-017,1,-1.42424e-015,0,0,0,1</mat>
				</frame>
				<frame num='46'>
					<mat>6.12322e-017,-1,6.11286e-017,-3.74839e-015,0.999998,6.13415e-017,0.00178966,23.3082,-0.00178966,6.10189e-017,0.999998,-0.00218791,0,0,0,1</mat>
				</frame>
				<frame num='47'>
					<mat>6.12282e-017,-1,5.97804e-017,-3.79321e-015,0.999932,6.19196e-017,0.0116353,23.5824,-0.0116353,5.90639e-017,0.999932,-0.0142249,0,0,0,1</mat>
				</frame>
				<frame num='48'>
					<mat>6.12078e-017,-1,5.84918e-017,-3.87126e-015,0.999599,6.28388e-017,0.0283039,24.06,-0.0283039,5.67359e-017,0.999599,-0.0346089,0,0,0,1</mat>
				</frame>
				<frame num='49'>
					<mat>6.11567e-017,-1,5.20774e-017,-3.97511e-015,0.998765,6.36684e-017,0.0496805,24.6955,-0.0496805,4.89748e-017,0.998765,-0.0607722,0,0,0,1</mat>
				</frame>
				<frame num='50'>
					<mat>6.10663e-017,-1,6.04241e-017,-4.09703e-015,0.997289,6.53471e-017,0.0735845,25.4424,-0.0735845,5.57668e-017,0.997289,-0.0900781,0,0,0,1</mat>
				</frame>
				<frame num='51'>
					<mat>6.09386e-017,-1,5.35699e-017,-4.22936e-015,0.995203,6.58873e-017,0.0978363,26.2541,-0.0978363,4.73509e-017,0.995203,-0.119889,0,0,0,1</mat>
				</frame>
				<frame num='52'>
					<mat>6.07874e-017,-1,5.36038e-017,-4.36511e-015,0.992733,6.67962e-017,0.120338,27.0858,-0.120338,4.58992e-017,0.992733,-0.147642,0,0,0,1</mat>
				</frame>
				<frame num='53'>
					<mat>6.06378e-017,-1,4.61426e-017,-4.49625e-015,0.99029,6.64635e-017,0.139016,27.8928,-0.139016,3.7265e-017,0.99029,-0.170763,0,0,0,1</mat>
				</frame>
				<frame num='54'>
					<mat>6.05232e-017,-1,6.20122e-017,-4.61551e-015,0.988419,6.92326e-017,0.15175,28.6292,-0.15175,5.21097e-017,0.988419,-0.186578,0,0,0,1</mat>
				</frame>
				<frame num='55'>
					<mat>6.04785e-017,-1,3.64379e-017,-4.7156e-015,0.987688,6.5434e-017,0.156434,29.2488,-0.156434,2.65284e-017,0.987688,-0.192407,0,0,0,1</mat>
				</frame>
				<frame num='56'>
					<mat>6.04785e-017,-1,3.64379e-017,-4.7888e-015,0.987688,6.5434e-017,0.156434,29.7388,-0.156434,2.65284e-017,0.987688,-0.100806,0,0,0,1</mat>
				</frame>
				<frame num='57'>
					<mat>6.04785e-017,-1,3.64379e-017,-4.83352e-015,0.987688,6.5434e-017,0.156434,30.0862,-0.156434,2.65284e-017,0.987688,0.0810307,0,0,0,1</mat>
				</frame>
				<frame num='58'>
					<mat>6.04785e-017,-1,3.64379e-017,-4.85143e-015,0.987688,6.5434e-017,0.156434,30.2438,-0.156434,2.65284e-017,0.987688,0.202515,0,0,0,1</mat>
				</frame>
			</track>
			<track id = '3' name='JNT_Spine02'>
				<frame num='-1'>
					<mat>-1.60812e-016,-1,1.22465e-016,-1.04415e-014,-1,1.60812e-016,6.12323e-017,33.6688,-6.12323e-017,-1.22465e-016,-1,-29.9975,0,0,0,1</mat>
				</frame>
				<frame num='0'>
					<mat>6.12323e-017,-0.999999,-0.00169031,2.12073e-006,-1,-6.1337e-017,6.1837e-017,33.6688,-6.19405e-017,0.00169031,-0.999999,-29.9975,0,0,0,1</mat>
				</frame>
				<frame num='1'>
					<mat>9.49411e-016,-0.999685,-0.025111,3.15038e-005,-1,-9.51448e-016,6.9182e-017,33.6688,-9.3052e-017,0.025111,-0.999685,-29.9975,0,0,0,1</mat>
				</frame>
				<frame num='2'>
					<mat>9.49411e-016,-0.999903,-0.0139063,1.74459e-005,-1,-9.50414e-016,6.5522e-017,33.6688,-7.87324e-017,0.0139063,-0.999903,-29.9975,0,0,0,1</mat>
				</frame>
				<frame num='3'>
					<mat>9.49411e-016,-0.999848,0.0174524,-2.18958e-005,-1,-9.48604e-016,5.44748e-017,33.6688,-3.79111e-017,-0.0174524,-0.999848,-29.9975,0,0,0,1</mat>
				</frame>
				<frame num='4'>
					<mat>6.12323e-017,-0.999987,-0.00518142,6.50031e-006,-1,-6.15571e-017,6.25136e-017,33.6688,-6.28318e-017,0.00518142,-0.999987,-29.9975,0,0,0,1</mat>
				</frame>
				<frame num='5'>
					<mat>2.83277e-016,-0.999941,-0.0109081,1.36849e-005,-1,-2.84008e-016,6.54907e-017,33.6688,-6.85848e-017,0.0109081,-0.999941,-29.9975,0,0,0,1</mat>
				</frame>
				<frame num='6'>
					<mat>7.27366e-016,-0.999879,0.0155437,-1.95009e-005,-1,-7.26607e-016,5.45075e-017,33.6688,-4.32068e-017,-0.0155437,-0.999879,-29.9975,0,0,0,1</mat>
				</frame>
				<frame num='7'>
					<mat>-1.60812e-016,-1,1.22465e-016,-1.04415e-014,-1,1.60812e-016,6.12323e-017,33.6688,-6.12323e-017,-1.22465e-016,-1,-29.9975,0,0,0,1</mat>
				</frame>
				<frame num='8'>
					<mat>7.27366e-016,-0.999879,-0.0155437,1.95009e-005,-1,-7.28483e-016,6.61898e-017,33.6688,-7.75052e-017,0.0155437,-0.999879,-29.9975,0,0,0,1</mat>
				</frame>
				<frame num='9'>
					<mat>2.83277e-016,-0.999941,0.0109081,-1.36849e-005,-1,-2.82684e-016,5.59281e-017,33.6688,-5.28412e-017,-0.0109081,-0.999941,-29.9975,0,0,0,1</mat>
				</frame>
				<frame num='10'>
