<?xml version='1.0' encoding='UTF-8' ?>
<itpanim>
	<skeleton count='30'>
		<joint id='0' name='JNT_Root' parent='-1'>
			<mat>6.12323e-017,1,-6.12323e-017,0,-1,6.12323e-017,6.12323e-017,0,6.12323e-017,6.12323e-017,1,0,0,0,0,1</mat>
		</joint>
		<joint id='1' name='JNT_COG' parent='0'>
			<mat>6.12323e-017,1,-6.12323e-017,-21.2473,-1,6.12323e-017,6.12323e-017,-1.30102e-015,6.12323e-017,6.12323e-017,1,7.96648e-032,0,0,0,1</mat>
		</joint>
		<joint id='2' name='JNT_Spine01' parent='1'>
			<mat>6.12323e-017,1,-6.12323e-017,-23.2595,-1,6.12323e-017,6.12323e-017,-1.42424e-015,6.12323e-017,6.12323e-017,1,8.72093e-032,0,0,0,1</mat>
		</joint>
		<joint id='3' name='JNT_Spine02' parent='2'>
			<mat>6.12323e-017,1,-6.12323e-017,-26.8784,-1,6.12323e-017,6.12323e-017,-1.64583e-015,6.12323e-017,6.12323e-017,1,1.00778e-031,0,0,0,1</mat>
		</joint>
		<joint id='4' name='JNT_Spine03' parent='3'>
			<mat>0.995753,0.0641037,0.0660864,-2.7303,-0.063963,0.997943,-0.00424511,-42.5043,-0.0662226,-3.98832e-015,0.997805,1.72474e-013,0,0,0,1</mat>
		</joint>
		<joint id='5' name='JNT_L_Shoulder' parent='4'>
			<mat>1,-5.76407e-016,-2.77556e-017,-24.4723,5.76407e-016,1,3.9968e-015,-44.1674,2.77556e-017,-3.9968e-015,1,-1.62419,0,0,0,1</mat>
		</joint>
		<joint id='6' name='JNT_L_Wrist' parent='5'>
			<mat>0.999472,-0.0314388,-0.00821328,-32.3452,0.0314378,0.999506,-0.000258344,-45.2066,0.00821734,1.19845e-014,0.999966,-1.90159,0,0,0,1</mat>
		</joint>
		<joint id='7' name='JNT_L_Hand' parent='6'>
			<mat>-0.0427715,0.464702,-0.884433,-16.5715,0.0224469,0.885467,0.46416,-40.4232,0.998833,-2.41879e-016,-0.0483039,-55.0289,0,0,0,1</mat>
		</joint>
		<joint id='8' name='JNT_L_Flap1' parent='7'>
			<mat>-0.0187014,0.43529,-0.900096,-25.3649,0.00904213,0.90029,0.435196,-40.5768,0.999784,-5.85113e-015,-0.0207726,-54.9072,0,0,0,1</mat>
		</joint>
		<joint id='9' name='JNT_L_Flap1_tip' parent='8'>
			<mat>1,3.45624e-016,-9.26342e-016,-54.6706,-3.45624e-016,1,-1.33227e-015,-50.3025,9.26342e-016,1.33227e-015,1,11.9586,0,0,0,1</mat>
		</joint>
		<joint id='10' name='JNT_L_Flap2' parent='7'>
			<mat>-0.000958298,0.560066,0.828447,-34.1649,0.000647851,0.828448,-0.560066,-35.3463,-0.999999,1.60441e-015,-0.00115674,54.6868,0,0,0,1</mat>
		</joint>
		<joint id='11' name='JNT_L_Flap2_Tip' parent='10'>
			<mat>1,-3.77816e-015,3.44776e-016,-54.6708,3.77816e-015,1,-1.05915e-013,-51.9784,-3.44776e-016,1.05915e-013,1,-13.8386,0,0,0,1</mat>
		</joint>
		<joint id='12' name='JNT_L_Flap3' parent='7'>
			<mat>-0.00501418,-0.996533,0.0830444,35.208,-0.0600607,0.0831957,0.994722,-1.60694,-0.998182,7.30039e-016,-0.0602697,54.7112,0,0,0,1</mat>
		</joint>
		<joint id='13' name='JNT_L_Flap3_Tip' parent='12'>
			<mat>1,-2.81936e-015,-2.6347e-014,-54.6602,2.81936e-015,1,-3.95239e-014,-28.9351,2.6347e-014,3.95239e-014,1,-2.49576,0,0,0,1</mat>
		</joint>
		<joint id='14' name='JNT_R_Shoulder' parent='4'>
			<mat>-1,1.45473e-015,-1.22465e-016,-24.4723,1.45473e-015,1,-1.22465e-016,-44.1674,1.22465e-016,-1.22465e-016,-1,1.62419,0,0,0,1</mat>
		</joint>
		<joint id='15' name='JNT_R_Wrist' parent='14'>
			<mat>-0.999472,-0.0314393,-0.00821364,-32.3452,-0.0314382,0.999506,-0.000258359,-45.2067,0.0082177,-4.55743e-013,-0.999966,1.90161,0,0,0,1</mat>
		</joint>
		<joint id='16' name='JNT_R_Hand' parent='15'>
			<mat>0.0427695,0.464698,-0.884436,-16.5714,-0.0224456,0.885469,0.464155,-40.4233,0.998833,1.45224e-016,0.0483015,55.0289,0,0,0,1</mat>
		</joint>
		<joint id='17' name='JNT_R_Flap1' parent='16'>
			<mat>0.0186999,0.435296,-0.900093,-25.3652,-0.00904155,0.900288,0.435202,-40.5766,0.999784,-3.65277e-015,0.0207711,54.9072,0,0,0,1</mat>
		</joint>
		<joint id='18' name='JNT_R_Flap1_tip' parent='17'>
			<mat>1,-9.05072e-015,-1.92207e-015,54.6706,-9.05072e-015,-1,2.68796e-013,50.3025,-1.92207e-015,-2.68796e-013,-1,-11.9586,0,0,0,1</mat>
		</joint>
		<joint id='19' name='JNT_R_Flap2' parent='16'>
			<mat>0.000959322,0.560071,0.828444,-34.165,-0.000648551,0.828444,-0.560071,-35.3461,-0.999999,-9.70491e-016,0.00115798,-54.6868,0,0,0,1</mat>
		</joint>
		<joint id='20' name='JNT_R_Flap2_Tip' parent='19'>
			<mat>1,1.28336e-015,-8.90347e-016,54.6708,1.28336e-015,-1,4.40659e-013,51.9784,-8.90347e-016,-4.40659e-013,-1,13.8386,0,0,0,1</mat>
		</joint>
		<joint id='21' name='JNT_R_Flap3' parent='16'>
			<mat>0.00501081,-0.996533,0.0830447,35.2078,0.0600204,0.0831957,0.994724,-1.60914,-0.998185,1.26897e-016,0.0602292,-54.7113,0,0,0,1</mat>
		</joint>
		<joint id='22' name='JNT_R_Flap3_Tip' parent='21'>
			<mat>1,-2.48358e-015,2.15106e-014,54.6602,-2.48358e-015,-1,4.78851e-013,28.9351,2.15106e-014,-4.78851e-013,-1,2.49576,0,0,0,1</mat>
		</joint>
		<joint id='23' name='JNT_Lid' parent='4'>
			<mat>1,-6.87429e-016,-1.38778e-016,2.61284e-014,6.87429e-016,1,3.9968e-015,-58.4099,1.38778e-016,-3.9968e-015,1,-1.24447,0,0,0,1</mat>
		</joint>
		<joint id='24' name='JNT_L_Hip' parent='1'>
			<mat>0.690854,-0.722995,4.42707e-017,6.23246,0.722995,0.690854,1.89298e-017,-15.8943,-4.42707e-017,1.89298e-017,1,9.73248e-016,0,0,0,1</mat>
		</joint>
		<joint id='25' name='JNT_L_Knee' parent='24'>
			<mat>0.196117,-0.980581,6.00432e-017,7.26493,0.980581,0.196117,4.92236e-017,-14.214,-6.00432e-017,4.92236e-017,1,8.70357e-016,0,0,0,1</mat>
		</joint>
		<joint id='26' name='JNT_L_Foot' parent='25'>
			<mat>1,2.498e-016,-2.76218e-032,-14.4955,2.498e-016,-1,1.22465e-016,-7.17369e-015,2.9699e-033,-1.22465e-016,-1,-3.59199e-031,0,0,0,1</mat>
		</joint>
		<joint id='27' name='JNT_R_Hip' parent='1'>
			<mat>-0.690854,-0.722995,3.16543e-017,6.23246,-0.722995,0.690854,-1.44139e-016,-15.8943,8.2343e-017,-1.22465e-016,-1,3.62249e-015,0,0,0,1</mat>
		</joint>
		<joint id='28' name='JNT_R_Knee' parent='27'>
			<mat>-0.196117,-0.980581,1.80103e-016,7.26493,-0.980581,0.196117,2.76066e-016,-14.214,-3.06026e-016,-1.22465e-016,-1,3.36444e-016,0,0,0,1</mat>
		</joint>
		<joint id='29' name='JNT_R_Foot' parent='28'>
			<mat>1,3.05311e-016,-8.0669e-017,14.4955,3.05311e-016,-1,1.22465e-016,4.42564e-015,-8.0669e-017,-1.22465e-016,-1,3.9491e-015,0,0,0,1</mat>
		</joint>
	</skeleton>
	<animations>
		<animation name='Take 001' length='25'>
			<track id = '0' name='JNT_Root'>
				<frame num='-1'>
					<mat>6.12323e-017,-1,6.12323e-017,0,1,6.12323e-017,6.12323e-017,0,-6.12323e-017,6.12323e-017,1,0,0,0,0,1</mat>
				</frame>
				<frame num='0'>
					<mat>6.12323e-017,-1,6.12323e-017,0,1,6.12323e-017,6.12323e-017,0,-6.12323e-017,6.12323e-017,1,0,0,0,0,1</mat>
				</frame>
				<frame num='1'>
					<mat>6.12323e-017,-1,6.12323e-017,0,1,6.12323e-017,6.12323e-017,0,-6.12323e-017,6.12323e-017,1,0,0,0,0,1</mat>
				</frame>
				<frame num='2'>
					<mat>6.12323e-017,-1,6.12323e-017,0,1,6.12323e-017,6.12323e-017,0,-6.12323e-017,6.12323e-017,1,0,0,0,0,1</mat>
				</frame>
				<frame num='3'>
					<mat>6.12323e-017,-1,6.12323e-017,0,1,6.12323e-017,6.12323e-017,0,-6.12323e-017,6.12323e-017,1,0,0,0,0,1</mat>
				</frame>
				<frame num='4'>
					<mat>6.12323e-017,-1,6.12323e-017,0,1,6.12323e-017,6.12323e-017,0,-6.12323e-017,6.12323e-017,1,0,0,0,0,1</mat>
				</frame>
				<frame num='5'>
					<mat>6.12323e-017,-1,6.12323e-017,0,1,6.12323e-017,6.12323e-017,0,-6.12323e-017,6.12323e-017,1,0,0,0,0,1</mat>
				</frame>
				<frame num='6'>
					<mat>6.12323e-017,-1,6.12323e-017,0,1,6.12323e-017,6.12323e-017,0,-6.12323e-017,6.12323e-017,1,0,0,0,0,1</mat>
				</frame>
				<frame num='7'>
					<mat>6.12323e-017,-1,6.12323e-017,0,1,6.12323e-017,6.12323e-017,0,-6.12323e-017,6.12323e-017,1,0,0,0,0,1</mat>
				</frame>
				<frame num='8'>
					<mat>6.12323e-017,-1,6.12323e-017,0,1,6.12323e-017,6.12323e-017,0,-6.12323e-017,6.12323e-017,1,0,0,0,0,1</mat>
				</frame>
				<frame num='9'>
					<mat>6.12323e-017,-1,6.12323e-017,0,1,6.12323e-017,6.12323e-017,0,-6.12323e-017,6.12323e-017,1,0,0,0,0,1</mat>
				</frame>
				<frame num='10'>
					<mat>6.12323e-017,-1,6.12323e-017,0,1,6.12323e-017,6.12323e-017,0,-6.12323e-017,6.12323e-017,1,0,0,0,0,1</mat>
				</frame>
				<frame num='11'>
					<mat>6.12323e-017,-1,6.12323e-017,0,1,6.12323e-017,6.12323e-017,0,-6.12323e-017,6.12323e-017,1,0,0,0,0,1</mat>
				</frame>
				<frame num='12'>
					<mat>6.12323e-017,-1,6.12323e-017,0,1,6.12323e-017,6.12323e-017,0,-6.12323e-017,6.12323e-017,1,0,0,0,0,1</mat>
				</frame>
				<frame num='13'>
					<mat>6.12323e-017,-1,6.12323e-017,0,1,6.12323e-017,6.12323e-017,0,-6.12323e-017,6.12323e-017,1,0,0,0,0,1</mat>
				</frame>
				<frame num='14'>
					<mat>6.12323e-017,-1,6.12323e-017,0,1,6.12323e-017,6.12323e-017,0,-6.12323e-017,6.12323e-017,1,0,0,0,0,1</mat>
				</frame>
				<frame num='15'>
					<mat>6.12323e-017,-1,6.12323e-017,0,1,6.12323e-017,6.12323e-017,0,-6.12323e-017,6.12323e-017,1,0,0,0,0,1</mat>
				</frame>
				<frame num='16'>
					<mat>6.12323e-017,-1,6.12323e-017,0,1,6.12323e-017,6.12323e-017,0,-6.12323e-017,6.12323e-017,1,0,0,0,0,1</mat>
				</frame>
				<frame num='17'>
					<mat>6.12323e-017,-1,6.12323e-017,0,1,6.12323e-017,6.12323e-017,0,-6.12323e-017,6.12323e-017,1,0,0,0,0,1</mat>
				</frame>
				<frame num='18'>
					<mat>6.12323e-017,-1,6.12323e-017,0,1,6.12323e-017,6.12323e-017,0,-6.12323e-017,6.12323e-017,1,0,0,0,0,1</mat>
				</frame>
				<frame num='19'>
					<mat>6.12323e-017,-1,6.12323e-017,0,1,6.12323e-017,6.12323e-017,0,-6.12323e-017,6.12323e-017,1,0,0,0,0,1</mat>
				</frame>
				<frame num='20'>
					<mat>6.12323e-017,-1,6.12323e-017,0,1,6.12323e-017,6.12323e-017,0,-6.12323e-017,6.12323e-017,1,0,0,0,0,1</mat>
				</frame>
				<frame num='21'>
					<mat>6.12323e-017,-1,6.12323e-017,0,1,6.12323e-017,6.12323e-017,0,-6.12323e-017,6.12323e-017,1,0,0,0,0,1</mat>
				</frame>
				<frame num='22'>
					<mat>6.12323e-017,-1,6.12323e-017,0,1,6.12323e-017,6.12323e-017,0,-6.12323e-017,6.12323e-017,1,0,0,0,0,1</mat>
				</frame>
				<frame num='23'>
					<mat>6.12323e-017,-1,6.12323e-017,0,1,6.12323e-017,6.12323e-017,0,-6.12323e-017,6.12323e-017,1,0,0,0,0,1</mat>
				</frame>
			</track>
			<track id = '1' name='JNT_COG'>
				<frame num='-1'>
					<mat>5.71065e-017,-1,2.9242e-017,-5.25343e-015,0.93262,6.3811e-017,0.36086,21.2487,-0.36086,6.66428e-018,0.93262,-29.9905,0,0,0,1</mat>
				</frame>
				<frame num='0'>
					<mat>-0.000167428,-1,0.000432706,3.85483e-006,0.93262,-2.28586e-010,0.36086,21.2487,-0.36086,0.000463968,0.93262,-29.9888,0,0,0,1</mat>
				</frame>
				<frame num='1'>
					<mat>-0.00248747,-0.999976,0.00642872,5.72711e-005,0.93262,4.74922e-010,0.360859,21.2487,-0.360851,0.00689318,0.932598,-29.9345,0,0,0,1</mat>
				</frame>
				<frame num='2'>
					<mat>0.000202596,-1,-0.00052352,-4.66435e-006,0.932622,3.0649e-008,0.360855,21.2487,-0.360855,-0.000561354,0.932622,-29.8134,0,0,0,1</mat>
				</frame>
				<frame num='3'>
					<mat>0.00622269,-0.999851,-0.0160822,-0.00014327,0.93262,-5.99749e-010,0.36086,21.2487,-0.360806,-0.0172441,0.932481,-29.6397,0,0,0,1</mat>
				</frame>
				<frame num='4'>
					<mat>0.000908102,-0.999997,-0.00234689,-2.09078e-005,0.932622,2.82692e-008,0.360855,21.2487,-0.360854,-0.00251645,0.932619,-29.4271,0,0,0,1</mat>
				</frame>
				<frame num='5'>
					<mat>-0.00178848,-0.999988,0.00462221,4.11776e-005,0.93262,9.66777e-010,0.36086,21.2487,-0.360855,0.00495615,0.932609,-29.1893,0,0,0,1</mat>
				</frame>
				<frame num='6'>
					<mat>-0.00111009,-0.999995,0.00286896,2.55586e-005,0.93262,6.02385e-011,0.36086,21.2487,-0.360858,0.00307624,0.932616,-28.9404,0,0,0,1</mat>
				</frame>
				<frame num='7'>
					<mat>-0.000493375,-0.999999,0.0012751,1.13594e-005,0.93262,1.22484e-011,0.36086,21.2487,-0.360859,0.00136722,0.932619,-28.6945,0,0,0,1</mat>
				</frame>
				<frame num='8'>
					<mat>5.71065e-017,-1,2.92113e-017,-5.16004e-015,0.93262,6.37999e-017,0.36086,21.2487,-0.36086,6.63562e-018,0.93262,-28.4652,0,0,0,1</mat>
				</frame>
				<frame num='9'>
					<mat>5.71065e-017,-1,2.9242e-017,-5.14786e-015,0.93262,6.3811e-017,0.36086,21.2487,-0.36086,6.66428e-018,0.93262,-28.2663,0,0,0,1</mat>
				</frame>
				<frame num='10'>
					<mat>5.71065e-017,-1,2.9242e-017,-5.1384e-015,0.93262,6.3811e-017,0.36086,21.2487,-0.36086,6.66428e-018,0.93262,-28.1118,0,0,0,1</mat>
				</frame>
				<frame num='11'>
					<mat>5.71065e-017,-1,2.9242e-017,-5.13253e-015,0.93262,6.3811e-017,0.36086,21.2487,-0.36086,6.66428e-018,0.93262,-28.0159,0,0,0,1</mat>
				</frame>
				<frame num='12'>
					<mat>5.71065e-017,-1,2.9242e-017,-5.13107e-015,0.93262,6.3811e-017,0.36086,21.2487,-0.36086,6.66428e-018,0.93262,-27.9921,0,0,0,1</mat>
				</frame>
				<frame num='13'>
					<mat>5.71065e-017,-1,2.9242e-017,-5.13439e-015,0.93262,6.3811e-017,0.36086,21.2487,-0.36086,6.66428e-018,0.93262,-28.0464,0,0,0,1</mat>
				</frame>
				<frame num='14'>
					<mat>5.71065e-017,-1,2.9242e-017,-5.14181e-015,0.93262,6.3811e-017,0.36086,21.2487,-0.36086,6.66428e-018,0.93262,-28.1676,0,0,0,1</mat>
				</frame>
				<frame num='15'>
					<mat>5.71065e-017,-1,2.9242e-017,-5.15245e-015,0.93262,6.3811e-017,0.36086,21.2487,-0.36086,6.66428e-018,0.93262,-28.3413,0,0,0,1</mat>
				</frame>
				<frame num='16'>
					<mat>5.71065e-017,-1,2.9242e-017,-5.16546e-015,0.93262,6.3811e-017,0.36086,21.2487,-0.36086,6.66428e-018,0.93262,-28.5538,0,0,0,1</mat>
				</frame>
				<frame num='17'>
					<mat>5.71065e-017,-1,2.9242e-017,-5.18002e-015,0.93262,6.3811e-017,0.36086,21.2487,-0.36086,6.66428e-018,0.93262,-28.7916,0,0,0,1</mat>
				</frame>
				<frame num='18'>
					<mat>5.71065e-017,-1,2.9242e-017,-5.19527e-015,0.93262,6.3811e-017,0.36086,21.2487,-0.36086,6.66428e-018,0.93262,-29.0406,0,0,0,1</mat>
				</frame>
				<frame num='19'>
					<mat>5.71065e-017,-1,2.9242e-017,-5.21032e-015,0.93262,6.3811e-017,0.36086,21.2487,-0.36086,6.66428e-018,0.93262,-29.2865,0,0,0,1</mat>
				</frame>
				<frame num='20'>
					<mat>5.71065e-017,-1,2.9242e-017,-5.22436e-015,0.93262,6.3811e-017,0.36086,21.2487,-0.36086,6.66428e-018,0.93262,-29.5157,0,0,0,1</mat>
				</frame>
				<frame num='21'>
					<mat>5.71065e-017,-1,2.9242e-017,-5.23654e-015,0.93262,6.3811e-017,0.36086,21.2487,-0.36086,6.66428e-018,0.93262,-29.7146,0,0,0,1</mat>
				</frame>
				<frame num='22'>
					<mat>5.71065e-017,-1,2.9242e-017,-5.246e-015,0.93262,6.3811e-017,0.36086,21.2487,-0.36086,6.66428e-018,0.93262,-29.8691,0,0,0,1</mat>
				</frame>
				<frame num='23'>
					<mat>5.71065e-017,-1,2.9242e-017,-5.25187e-015,0.93262,6.3811e-017,0.36086,21.2487,-0.36086,6.66428e-018,0.93262,-29.965,0,0,0,1</mat>
				</frame>
			</track>
			<track id = '2' name='JNT_Spine01'>
				<frame num='-1'>
					<mat>5.87154e-017,-1,3.80243e-017,-5.60928e-015,0.958895,6.70917e-017,0.283761,23.1253,-0.283761,1.98002e-017,0.958895,-30.7166,0,0,0,1</mat>
				</frame>
				<frame num='0'>
					<mat>-0.000131656,-1,0.000444897,-0.000333042,0.958895,-2.28586e-010,0.283761,23.1253,-0.283761,0.000463968,0.958895,-30.7149,0,0,0,1</mat>
				</frame>
				<frame num='1'>
					<mat>-0.00195601,-0.999976,0.00660984,-0.004948,0.958895,4.74922e-010,0.283761,23.1253,-0.283754,0.00689318,0.958872,-30.6606,0,0,0,1</mat>
				</frame>
				<frame num='2'>
					<mat>0.000159317,-1,-0.000538272,0.000402998,0.958897,3.0649e-008,0.283756,23.1253,-0.283756,-0.000561354,0.958896,-30.5395,0,0,0,1</mat>
				</frame>
				<frame num='3'>
					<mat>0.00489319,-0.999851,-0.0165353,0.012378,0.958895,-5.9975e-010,0.283761,23.1253,-0.283719,-0.0172441,0.958752,-30.3657,0,0,0,1</mat>
				</frame>
				<frame num='4'>
					<mat>0.000714087,-0.999997,-0.00241301,0.00180637,0.958896,2.82692e-008,0.283756,23.1253,-0.283755,-0.00251645,0.958893,-30.1532,0,0,0,1</mat>
				</frame>
				<frame num='5'>
					<mat>-0.00140636,-0.999988,0.00475243,-0.00355758,0.958895,9.66777e-010,0.283761,23.1253,-0.283758,0.00495615,0.958883,-29.9154,0,0,0,1</mat>
				</frame>
				<frame num='6'>
					<mat>-0.000872917,-0.999995,0.00294979,-0.00220816,0.958895,6.02384e-011,0.283761,23.1253,-0.28376,0.00307624,0.95889,-29.6665,0,0,0,1</mat>
				</frame>
				<frame num='7'>
					<mat>-0.000387964,-0.999999,0.00131102,-0.000981406,0.958895,1.22484e-011,0.283761,23.1253,-0.283761,0.00136722,0.958894,-29.4206,0,0,0,1</mat>
				</frame>
				<frame num='8'>
					<mat>5.87154e-017,-1,3.79944e-017,-5.51584e-015,0.958895,6.70832e-017,0.283761,23.1253,-0.283761,1.97715e-017,0.958895,-29.1913,0,0,0,1</mat>
				</frame>
				<frame num='9'>
					<mat>5.87154e-017,-1,3.80243e-017,-5.5037e-015,0.958895,6.70917e-017,0.283761,23.1253,-0.283761,1.98002e-017,0.958895,-28.9924,0,0,0,1</mat>
				</frame>
				<frame num='10'>
					<mat>5.87154e-017,-1,3.80243e-017,-5.49425e-015,0.958895,6.70917e-017,0.283761,23.1253,-0.283761,1.98002e-017,0.958895,-28.8379,0,0,0,1</mat>
				</frame>
				<frame num='11'>
					<mat>5.87154e-017,-1,3.80243e-017,-5.48837e-015,0.958895,6.70917e-017,0.283761,23.1253,-0.283761,1.98002e-017,0.958895,-28.742,0,0,0,1</mat>
				</frame>
				<frame num='12'>
					<mat>5.87154e-017,-1,3.80243e-017,-5.48692e-015,0.958895,6.70917e-017,0.283761,23.1253,-0.283761,1.98002e-017,0.958895,-28.7183,0,0,0,1</mat>
				</frame>
				<frame num='13'>
					<mat>5.87154e-017,-1,3.80243e-017,-5.49024e-015,0.958895,6.70917e-017,0.283761,23.1253,-0.283761,1.98002e-017,0.958895,-28.7726,0,0,0,1</mat>
				</frame>
				<frame num='14'>
					<mat>5.87154e-017,-1,3.80243e-017,-5.49766e-015,0.958895,6.70917e-017,0.283761,23.1253,-0.283761,1.98002e-017,0.958895,-28.8937,0,0,0,1</mat>
				</frame>
				<frame num='15'>
					<mat>5.87154e-017,-1,3.80243e-017,-5.50829e-015,0.958895,6.70917e-017,0.283761,23.1253,-0.283761,1.98002e-017,0.958895,-29.0674,0,0,0,1</mat>
				</frame>
				<frame num='16'>
					<mat>5.87154e-017,-1,3.80243e-017,-5.52131e-015,0.958895,6.70917e-017,0.283761,23.1253,-0.283761,1.98002e-017,0.958895,-29.28,0,0,0,1</mat>
				</frame>
				<frame num='17'>
					<mat>5.87154e-017,-1,3.80243e-017,-5.53587e-015,0.958895,6.70917e-017,0.283761,23.1253,-0.283761,1.98002e-017,0.958895,-29.5178,0,0,0,1</mat>
				</frame>
				<frame num='18'>
					<mat>5.87154e-017,-1,3.80243e-017,-5.55111e-015,0.958895,6.70917e-017,0.283761,23.1253,-0.283761,1.98002e-017,0.958895,-29.7667,0,0,0,1</mat>
				</frame>
				<frame num='19'>
					<mat>5.87154e-017,-1,3.80243e-017,-5.56617e-015,0.958895,6.70917e-017,0.283761,23.1253,-0.283761,1.98002e-017,0.958895,-30.0126,0,0,0,1</mat>
				</frame>
				<frame num='20'>
					<mat>5.87154e-017,-1,3.80243e-017,-5.58021e-015,0.958895,6.70917e-017,0.283761,23.1253,-0.283761,1.98002e-017,0.958895,-30.2418,0,0,0,1</mat>
				</frame>
				<frame num='21'>
					<mat>5.87154e-017,-1,3.80243e-017,-5.59239e-015,0.958895,6.70917e-017,0.283761,23.1253,-0.283761,1.98002e-017,0.958895,-30.4407,0,0,0,1</mat>
				</frame>
				<frame num='22'>
					<mat>5.87154e-017,-1,3.80243e-017,-5.60185e-015,0.958895,6.70917e-017,0.283761,23.1253,-0.283761,1.98002e-017,0.958895,-30.5952,0,0,0,1</mat>
				</frame>
				<frame num='23'>
					<mat>5.87154e-017,-1,3.80243e-017,-5.60772e-015,0.958895,6.70917e-017,0.283761,23.1253,-0.283761,1.98002e-017,0.958895,-30.6911,0,0,0,1</mat>
				</frame>
			</track>
			<track id = '3' name='JNT_Spine02'>
				<frame num='-1'>
					<mat>5.91976e-017,-1,6.22401e-017,-6.2405e-015,0.966771,4.13192e-017,-0.255645,26.5954,0.255645,7.53054e-017,0.966771,-31.7435,0,0,0,1</mat>
				</frame>
				<frame num='0'>
					<mat>0.000118611,-1,0.000448551,-0.000809491,0.966771,-2.28586e-010,-0.255645,26.5954,0.255645,0.000463968,0.966771,-31.7418,0,0,0,1</mat>
				</frame>
				<frame num='1'>
					<mat>0.00176221,-0.999976,0.00666413,-0.0120266,0.966771,4.74922e-010,-0.255645,26.5954,0.255639,0.00689318,0.966748,-31.6875,0,0,0,1</mat>
				</frame>
				<frame num='2'>
					<mat>-0.00014348,-1,-0.000542708,0.000979547,0.966769,3.0649e-008,-0.25565,26.5954,0.25565,-0.000561354,0.966769,-31.5663,0,0,0,1</mat>
				</frame>
				<frame num='3'>
					<mat>-0.00440836,-0.999851,-0.0166711,0.0300859,0.966771,-5.99749e-010,-0.255645,26.5954,0.255607,-0.0172441,0.966627,-31.3924,0,0,0,1</mat>
				</frame>
				<frame num='4'>
					<mat>-0.000643303,-0.999997,-0.00243284,0.00439056,0.96677,2.82692e-008,-0.25565,26.5954,0.255649,-0.00251645,0.966766,-31.1801,0,0,0,1</mat>
				</frame>
				<frame num='5'>
					<mat>0.00126701,-0.999988,0.00479146,-0.00864705,0.966771,9.66777e-010,-0.255645,26.5954,0.255641,0.00495615,0.966759,-30.9423,0,0,0,1</mat>
				</frame>
				<frame num='6'>
					<mat>0.000786425,-0.999995,0.00297402,-0.00536715,0.966771,6.02384e-011,-0.255645,26.5954,0.255644,0.00307624,0.966766,-30.6934,0,0,0,1</mat>
				</frame>
				<frame num='7'>
					<mat>0.000349523,-0.999999,0.00132179,-0.0023854,0.966771,1.22486e-011,-0.255645,26.5954,0.255645,0.00136722,0.96677,-30.4475,0,0,0,1</mat>
				</frame>
				<frame num='8'>
					<mat>5.91976e-017,-1,6.22104e-017,-6.147e-015,0.966771,4.13268e-017,-0.255645,26.5954,0.255645,7.52768e-017,0.966771,-30.2182,0,0,0,1</mat>
				</frame>
				<frame num='9'>
					<mat>5.91976e-017,-1,6.22401e-017,-6.13493e-015,0.966771,4.13192e-017,-0.255645,26.5954,0.255645,7.53054e-017,0.966771,-30.0193,0,0,0,1</mat>
				</frame>
				<frame num='10'>
					<mat>5.91976e-017,-1,6.22401e-017,-6.12547e-015,0.966771,4.13192e-017,-0.255645,26.5954,0.255645,7.53054e-017,0.966771,-29.8648,0,0,0,1</mat>
				</frame>
				<frame num='11'>
					<mat>5.91976e-017,-1,6.22401e-017,-6.1196e-015,0.966771,4.13192e-017,-0.255645,26.5954,0.255645,7.53054e-017,0.966771,-29.7689,0,0,0,1</mat>
				</frame>
				<frame num='12'>
					<mat>5.91976e-017,-1,6.22401e-017,-6.11814e-015,0.966771,4.13192e-017,-0.255645,26.5954,0.255645,7.53054e-017,0.966771,-29.7452,0,0,0,1</mat>
				</frame>
				<frame num='13'>
					<mat>5.91976e-017,-1,6.22401e-017,-6.12147e-015,0.966771,4.13192e-017,-0.255645,26.5954,0.255645,7.53054e-017,0.966771,-29.7995,0,0,0,1</mat>
				</frame>
				<frame num='14'>
					<mat>5.91976e-017,-1,6.22401e-017,-6.12888e-015,0.966771,4.13192e-017,-0.255645,26.5954,0.255645,7.53054e-017,0.966771,-29.9206,0,0,0,1</mat>
				</frame>
				<frame num='15'>
					<mat>5.91976e-017,-1,6.22401e-017,-6.13952e-015,0.966771,4.13192e-017,-0.255645,26.5954,0.255645,7.53054e-017,0.966771,-30.0943,0,0,0,1</mat>
				</frame>
				<frame num='16'>
					<mat>5.91976e-017,-1,6.22401e-017,-6.15253e-015,0.966771,4.13192e-017,-0.255645,26.5954,0.255645,7.53054e-017,0.966771,-30.3069,0,0,0,1</mat>
				</frame>
				<frame num='17'>
					<mat>5.91976e-017,-1,6.22401e-017,-6.1671e-015,0.966771,4.13192e-017,-0.255645,26.5954,0.255645,7.53054e-017,0.966771,-30.5447,0,0,0,1</mat>
				</frame>
				<frame num='18'>
					<mat>5.91976e-017,-1,6.22401e-017,-6.18234e-015,0.966771,4.13192e-017,-0.255645,26.5954,0.255645,7.53054e-017,0.966771,-30.7936,0,0,0,1</mat>
				</frame>
				<frame num='19'>
					<mat>5.91976e-017,-1,6.22401e-017,-6.1974e-015,0.966771,4.13192e-017,-0.255645,26.5954,0.255645,7.53054e-017,0.966771,-31.0395,0,0,0,1</mat>
				</frame>
				<frame num='20'>
					<mat>5.91976e-017,-1,6.22401e-017,-6.21143e-015,0.966771,4.13192e-017,-0.255645,26.5954,0.255645,7.53054e-017,0.966771,-31.2687,0,0,0,1</mat>
				</frame>
				<frame num='21'>
					<mat>5.91976e-017,-1,6.22401e-017,-6.22361e-015,0.966771,4.13192e-017,-0.255645,26.5954,0.255645,7.53054e-017,0.966771,-31.4676,0,0,0,1</mat>
				</frame>
				<frame num='22'>
					<mat>5.91976e-017,-1,6.22401e-017,-6.23307e-015,0.966771,4.13192e-017,-0.255645,26.5954,0.255645,7.53054e-017,0.966771,-31.6221,0,0,0,1</mat>
				</frame>
				<frame num='23'>
					<mat>5.91976e-017,-1,6.22401e-017,-6.23894e-015,0.966771,4.13192e-017,-0.255645,26.5954,0.255645,7.53054e-017,0.966771,-31.718,0,0,0,1</mat>
				</frame>
			</track>
			<track id = '4' name='JNT_Spine03'>
				<frame num='-1'>
					<mat>0.995753,-0.063963,-0.0662226,-8.57136e-015,0.0317165,0.913554,-0.405479,41.7867,0.0864336,0.401656,0.911703,-27.7264,0,0,0,1</mat>
				</frame>
				<frame num='0'>
					<mat>0.995793,-0.0637766,-0.0657996,0.0010543,0.0317164,0.913554,-0.405479,41.7867,0.0859716,0.401686,0.911733,-27.7247,0,0,0,1</mat>
				</frame>
				<frame num='1'>
					<mat>0.996325,-0.0611928,-0.0599365,0.0156639,0.0317164,0.913554,-0.405479,41.7867,0.0795676,0.402088,0.912137,-27.6705,0,0,0,1</mat>
				</frame>
				<frame num='2'>
					<mat>0.995704,-0.0641884,-0.0667344,-0.00127503,0.031716,0.913552,-0.405484,41.7867,0.0869927,0.401625,0.911663,-27.5492,0,0,0,1</mat>
				</frame>
				<frame num='3'>
					<mat>0.994114,-0.0708796,-0.0819342,-0.0391847,0.0317165,0.913554,-0.405479,41.7867,0.103592,0.400494,0.910425,-27.3759,0,0,0,1</mat>
				</frame>
				<frame num='4'>
					<mat>0.995532,-0.0649735,-0.0685167,-0.00571797,0.031716,0.913552,-0.405483,41.7867,0.0889392,0.401499,0.911531,-27.1629,0,0,0,1</mat>
				</frame>
				<frame num='5'>
					<mat>0.996169,-0.0619715,-0.0617033,0.0112622,0.0317165,0.913554,-0.405479,41.7867,0.0814974,0.401968,0.91202,-26.9253,0,0,0,1</mat>
				</frame>
				<frame num='6'>
					<mat>0.996014,-0.0627271,-0.0634177,0.00699032,0.0317165,0.913554,-0.405479,41.7867,0.08337,0.401851,0.911902,-26.6763,0,0,0,1</mat>
				</frame>
				<frame num='7'>
					<mat>0.99587,-0.0634138,-0.0649761,0.00310681,0.0317165,0.913554,-0.405479,41.7867,0.0850721,0.401743,0.911792,-26.4304,0,0,0,1</mat>
				</frame>
				<frame num='8'>
					<mat>0.995753,-0.063963,-0.0662226,-8.47781e-015,0.0317165,0.913554,-0.405479,41.7867,0.0864336,0.401656,0.911703,-26.2012,0,0,0,1</mat>
				</frame>
				<frame num='9'>
					<mat>0.995753,-0.063963,-0.0662226,-8.46578e-015,0.0317165,0.913554,-0.405479,41.7867,0.0864336,0.401656,0.911703,-26.0022,0,0,0,1</mat>
				</frame>
				<frame num='10'>
					<mat>0.995753,-0.063963,-0.0662226,-8.45632e-015,0.0317165,0.913554,-0.405479,41.7867,0.0864336,0.401656,0.911703,-25.8478,0,0,0,1</mat>
				</frame>
				<frame num='11'>
					<mat>0.995753,-0.063963,-0.0662226,-8.45045e-015,0.0317165,0.913554,-0.405479,41.7867,0.0864336,0.401656,0.911703,-25.7519,0,0,0,1</mat>
				</frame>
				<frame num='12'>
					<mat>0.995753,-0.063963,-0.0662226,-8.44899e-015,0.0317165,0.913554,-0.405479,41.7867,0.0864336,0.401656,0.911703,-25.7281,0,0,0,1</mat>
				</frame>
				<frame num='13'>
					<mat>0.995753,-0.063963,-0.0662226,-8.45232e-015,0.0317165,0.913554,-0.405479,41.7867,0.0864336,0.401656,0.911703,-25.7824,0,0,0,1</mat>
				</frame>
				<frame num='14'>
					<mat>0.995753,-0.063963,-0.0662226,-8.45973e-015,0.0317165,0.913554,-0.405479,41.7867,0.0864336,0.401656,0.911703,-25.9035,0,0,0,1</mat>
				</frame>
				<frame num='15'>
					<mat>0.995753,-0.063963,-0.0662226,-8.47037e-015,0.0317165,0.913554,-0.405479,41.7867,0.0864336,0.401656,0.911703,-26.0772,0,0,0,1</mat>
				</frame>
				<frame num='16'>
					<mat>0.995753,-0.063963,-0.0662226,-8.48339e-015,0.0317165,0.913554,-0.405479,41.7867,0.0864336,0.401656,0.911703,-26.2898,0,0,0,1</mat>
				</frame>
				<frame num='17'>
					<mat>0.995753,-0.063963,-0.0662226,-8.49795e-015,0.0317165,0.913554,-0.405479,41.7867,0.0864336,0.401656,0.911703,-26.5276,0,0,0,1</mat>
				</frame>
				<frame num='18'>
					<mat>0.995753,-0.063963,-0.0662226,-8.51319e-015,0.0317165,0.913554,-0.405479,41.7867,0.0864336,0.401656,0.911703,-26.7765,0,0,0,1</mat>
				</frame>
				<frame num='19'>
					<mat>0.995753,-0.063963,-0.0662226,-8.52825e-015,0.0317165,0.913554,-0.405479,41.7867,0.0864336,0.401656,0.911703,-27.0224,0,0,0,1</mat>
				</frame>
				<frame num='20'>
					<mat>0.995753,-0.063963,-0.0662226,-8.54228e-015,0.0317165,0.913554,-0.405479,41.7867,0.0864336,0.401656,0.911703,-27.2517,0,0,0,1</mat>
				</frame>
				<frame num='21'>
					<mat>0.995753,-0.063963,-0.0662226,-8.55446e-015,0.0317165,0.913554,-0.405479,41.7867,0.0864336,0.401656,0.911703,-27.4506,0,0,0,1</mat>
				</frame>
				<frame num='22'>
					<mat>0.995753,-0.063963,-0.0662226,-8.56392e-015,0.0317165,0.913554,-0.405479,41.7867,0.0864336,0.401656,0.911703,-27.605,0,0,0,1</mat>
				</frame>
				<frame num='23'>
					<mat>0.995753,-0.063963,-0.0662226,-8.56979e-015,0.0317165,0.913554,-0.405479,41.7867,0.0864336,0.401656,0.911703,-27.701,0,0,0,1</mat>
				</frame>
			</track>
			<track id = '5' name='JNT_L_Shoulder'>
				<frame num='-1'>
					<mat>0.0590517,0.836516,-0.544751,24.4723,-0.994438,0.00161659,-0.105316,42.5662,-0.0872178,0.54794,0.831959,-25.6022,0,0,0,1</mat>
				</frame>
				<frame num='0'>
					<mat>0.0590692,0.83677,-0.544358,24.4744,-0.994426,0.00161653,-0.105422,42.5662,-0.087334,0.547551,0.832202,-25.6118,0,0,0,1</mat>
				</frame>
				<frame num='1'>
					<mat>0.0601851,0.840273,-0.538812,24.502,-0.994093,0.00161636,-0.108519,42.5662,-0.0903148,0.54216,0.835407,-25.715,0,0,0,1</mat>
				</frame>
				<frame num='2'>
					<mat>0.0643054,0.836209,-0.544628,24.4699,-0.993386,0.00161376,-0.114813,42.5662,-0.0951291,0.548409,0.830782,-25.4112,0,0,0,1</mat>
				</frame>
				<frame num='3'>
					<mat>0.0702939,0.826943,-0.557874,24.3929,-0.992448,0.00161663,-0.122655,42.5662,-0.100527,0.562283,0.820812,-24.83,0,0,0,1</mat>
				</frame>
				<frame num='4'>
					<mat>0.0758652,0.83448,-0.545791,24.4612,-0.991251,0.00382561,-0.131935,42.5662,-0.108009,0.551025,0.827469,-24.9771,0,0,0,1</mat>
				</frame>
				<frame num='5'>
					<mat>0.102248,0.832685,-0.544225,24.4938,-0.988317,0.0228752,-0.150683,42.5662,-0.113022,0.553274,0.825296,-24.9223,0,0,0,1</mat>
				</frame>
				<frame num='6'>
					<mat>0.0877307,0.835778,-0.542013,24.4857,-0.989364,0.00973252,-0.145132,42.5662,-0.116023,0.548981,0.827743,-24.6274,0,0,0,1</mat>
				</frame>
				<frame num='7'>
					<mat>0.0460763,0.844094,-0.534212,24.4783,-0.9922,-0.0233383,-0.122454,42.5662,-0.11583,0.535687,0.836434,-24.3396,0,0,0,1</mat>
				</frame>
				<frame num='8'>
					<mat>0.0804997,0.835048,-0.544256,24.4723,-0.990624,0.00655805,-0.136459,42.5662,-0.110381,0.550138,0.827747,-24.0769,0,0,0,1</mat>
				</frame>
				<frame num='9'>
					<mat>0.0949855,0.830372,-0.549054,24.4723,-0.990096,0.0215238,-0.138733,42.5662,-0.103382,0.556794,0.824192,-23.878,0,0,0,1</mat>
				</frame>
				<frame num='10'>
					<mat>0.0743546,0.834418,-0.546094,24.4723,-0.992501,0.00864321,-0.12193,42.5662,-0.0970202,0.551065,0.828803,-23.7235,0,0,0,1</mat>
				</frame>
				<frame num='11'>
					<mat>0.0515244,0.838835,-0.541942,24.4723,-0.994499,-0.00646044,-0.10455,42.5662,-0.0912016,0.544347,0.833887,-23.6276,0,0,0,1</mat>
				</frame>
				<frame num='12'>
					<mat>0.0425414,0.840194,-0.540614,24.4723,-0.995318,-0.0113634,-0.0959827,42.5662,-0.0867873,0.542167,0.835777,-23.6038,0,0,0,1</mat>
				</frame>
				<frame num='13'>
					<mat>0.047961,0.838463,-0.542843,24.4723,-0.995379,-0.00514219,-0.0958857,42.5662,-0.0831881,0.544934,0.834342,-23.6581,0,0,0,1</mat>
				</frame>
				<frame num='14'>
					<mat>0.0536064,0.836657,-0.545097,24.4723,-0.995367,0.00113593,-0.0961436,42.5662,-0.0798201,0.547726,0.832842,-23.7793,0,0,0,1</mat>
				</frame>
				<frame num='15'>
					<mat>0.0523921,0.836516,-0.545431,24.4723,-0.99565,0.00161661,-0.093159,42.5662,-0.0770473,0.54794,0.832962,-23.953,0,0,0,1</mat>
				</frame>
				<frame num='16'>
					<mat>0.050957,0.836516,-0.545567,24.4723,-0.995892,0.00161674,-0.0905392,42.5662,-0.0748555,0.54794,0.833162,-24.1655,0,0,0,1</mat>
				</frame>
				<frame num='17'>
					<mat>0.0499792,0.836516,-0.545658,24.4723,-0.996052,0.00161663,-0.0887544,42.5662,-0.0733624,0.54794,0.833295,-24.4033,0,0,0,1</mat>
				</frame>
				<frame num='18'>
					<mat>0.0495488,0.836516,-0.545697,24.4723,-0.996122,0.00161659,-0.0879687,42.5662,-0.0727051,0.54794,0.833352,-24.6522,0,0,0,1</mat>
				</frame>
				<frame num='19'>
					<mat>0.0500631,0.836516,-0.54565,24.4723,-0.996039,0.00161666,-0.0889076,42.5662,-0.0734905,0.54794,0.833283,-24.8982,0,0,0,1</mat>
				</frame>
				<frame num='20'>
					<mat>0.0518494,0.836516,-0.545484,24.4723,-0.995742,0.00161665,-0.0921682,42.5662,-0.0762184,0.54794,0.833038,-25.1274,0,0,0,1</mat>
				</frame>
				<frame num='21'>
					<mat>0.0542957,0.836516,-0.545245,24.4723,-0.995319,0.00161659,-0.096634,42.5662,-0.0799545,0.54794,0.832688,-25.3263,0,0,0,1</mat>
				</frame>
				<frame num='22'>
					<mat>0.056741,0.836516,-0.544996,24.4723,-0.994875,0.00161661,-0.101098,42.5662,-0.0836889,0.54794,0.832321,-25.4808,0,0,0,1</mat>
				</frame>
				<frame num='23'>
					<mat>0.0585251,0.836516,-0.544808,24.4723,-0.994539,0.00161663,-0.104354,42.5662,-0.0864135,0.54794,0.832043,-25.5767,0,0,0,1</mat>
				</frame>
			</track>
			<track id = '6' name='JNT_L_Wrist'>
				<frame num='-1'>
					<mat>0.0763468,-0.727172,0.682196,25.0211,-0.995291,-0.0146022,0.0958213,33.3253,-0.059717,-0.6863,-0.724863,-26.4127,0,0,0,1</mat>
				</frame>
				<frame num='0'>
					<mat>0.0763771,-0.72749,0.681854,25.0233,-0.995282,-0.0145835,0.0959258,33.3254,-0.0598412,-0.685964,-0.725171,-26.4234,0,0,0,1</mat>
				</frame>
				<frame num='1'>
					<mat>0.077671,-0.731864,0.67701,25.0613,-0.994991,-0.0140361,0.0989785,33.3285,-0.0629363,-0.681306,-0.729288,-26.5542,0,0,0,1</mat>
				</frame>
				<frame num='2'>
					<mat>0.0815903,-0.726725,0.682066,25.0674,-0.994369,-0.0129204,0.105182,33.335,-0.0676261,-0.686807,-0.723687,-26.2952,0,0,0,1</mat>
				</frame>
				<frame num='3'>
					<mat>0.0871225,-0.715121,0.69355,25.0461,-0.993538,-0.0115347,0.112913,33.3437,-0.0727465,-0.698906,-0.711504,-25.7642,0,0,0,1</mat>
				</frame>
				<frame num='4'>
					<mat>0.0930771,-0.724459,0.683005,25.1662,-0.992402,-0.0120632,0.122445,33.3548,-0.0804671,-0.689213,-0.720077,-25.9808,0,0,0,1</mat>
				</frame>
				<frame num='5'>
					<mat>0.119414,-0.722134,0.681369,25.444,-0.989161,-0.0274736,0.14424,33.3821,-0.0854406,-0.691208,-0.717587,-25.9726,0,0,0,1</mat>
				</frame>
				<frame num='6'>
					<mat>0.105026,-0.726018,0.679608,25.301,-0.990521,-0.0155314,0.136482,33.3724,-0.0885333,-0.6875,-0.720768,-25.7055,0,0,0,1</mat>
				</frame>
				<frame num='7'>
					<mat>0.0637448,-0.736865,0.673028,24.9065,-0.994024,0.013003,0.108384,33.3461,-0.0886157,-0.675915,-0.731633,-25.416,0,0,0,1</mat>
				</frame>
				<frame num='8'>
					<mat>0.0977468,-0.725138,0.68163,25.2204,-0.991756,-0.0139492,0.12738,33.3607,-0.0828597,-0.688462,-0.720524,-25.1026,0,0,0,1</mat>
				</frame>
				<frame num='9'>
					<mat>0.112022,-0.719248,0.685663,25.355,-0.990817,-0.0282703,0.132222,33.3656,-0.0757167,-0.694178,-0.71581,-24.8387,0,0,0,1</mat>
				</frame>
				<frame num='10'>
					<mat>0.0915614,-0.724392,0.683281,25.1633,-0.993374,-0.0185789,0.113418,33.3433,-0.0694646,-0.689138,-0.721293,-24.6251,0,0,0,1</mat>
				</frame>
				<frame num='11'>
					<mat>0.06893,-0.730178,0.679771,24.9511,-0.995581,-0.00678611,0.0936643,33.3247,-0.0637786,-0.683223,-0.727419,-24.4751,0,0,0,1</mat>
				</frame>
				<frame num='12'>
					<mat>0.0600098,-0.732028,0.678626,24.8676,-0.996429,-0.00347043,0.0843691,33.3171,-0.0594054,-0.681265,-0.729622,-24.4103,0,0,0,1</mat>
				</frame>
				<frame num='13'>
					<mat>0.0653453,-0.729768,0.680565,24.918,-0.996304,-0.00961306,0.0853534,33.3165,-0.0557458,-0.683627,-0.727699,-24.4312,0,0,0,1</mat>
				</frame>
				<frame num='14'>
					<mat>0.0709038,-0.727422,0.682518,24.9705,-0.99611,-0.015748,0.0866976,33.3166,-0.0523174,-0.68601,-0.725709,-24.521,0,0,0,1</mat>
				</frame>
				<frame num='15'>
					<mat>0.0696815,-0.727263,0.682812,24.9592,-0.996339,-0.0167473,0.0838395,33.314,-0.0495382,-0.686154,-0.725767,-24.6689,0,0,0,1</mat>
				</frame>
				<frame num='16'>
					<mat>0.0682453,-0.727285,0.682934,24.9458,-0.996545,-0.017209,0.0812577,33.3117,-0.0473448,-0.68612,-0.725946,-24.8611,0,0,0,1</mat>
				</frame>
				<frame num='17'>
					<mat>0.0672668,-0.7273,0.683015,24.9368,-0.996681,-0.0175233,0.0794987,33.3102,-0.0458507,-0.686096,-0.726065,-25.0851,0,0,0,1</mat>
				</frame>
				<frame num='18'>
					<mat>0.066836,-0.727307,0.68305,24.9328,-0.99674,-0.0176616,0.0787244,33.3096,-0.045193,-0.686085,-0.726116,-25.3279,0,0,0,1</mat>
				</frame>
				<frame num='19'>
					<mat>0.0673508,-0.727299,0.683008,24.9375,-0.996669,-0.0174963,0.0796496,33.3104,-0.0459789,-0.686098,-0.726055,-25.5811,0,0,0,1</mat>
				</frame>
				<frame num='20'>
					<mat>0.0691383,-0.727271,0.682859,24.9541,-0.996417,-0.0169219,0.0828631,33.3131,-0.0487087,-0.686141,-0.725836,-25.8357,0,0,0,1</mat>
				</frame>
				<frame num='21'>
					<mat>0.0715866,-0.727236,0.682645,24.9769,-0.996055,-0.0161346,0.0872643,33.3171,-0.0524475,-0.686198,-0.725521,-26.0693,0,0,0,1</mat>
				</frame>
				<frame num='22'>
					<mat>0.074034,-0.727202,0.682419,24.9996,-0.995672,-0.0153471,0.0916637,33.3212,-0.0561849,-0.686252,-0.725191,-26.2585,0,0,0,1</mat>
				</frame>
				<frame num='23'>
					<mat>0.0758196,-0.727179,0.682248,25.0162,-0.99538,-0.0147721,0.0948737,33.3243,-0.0589119,-0.686289,-0.724939,-26.3797,0,0,0,1</mat>
				</frame>
			</track>
			<track id = '7' name='JNT_L_Hand'>
				<frame num='-1'>
					<mat>-0.944341,-0.327934,0.0260523,26.6556,-0.0416857,0.0407325,-0.9983,12.0165,0.326316,-0.943822,-0.0521355,-27.6912,0,0,0,1</mat>
				</frame>
				<frame num='0'>
					<mat>-0.944187,-0.328375,0.0260863,26.6585,-0.04177,0.0407975,-0.998294,12.0168,0.32675,-0.943666,-0.0522367,-27.7046,0,0,0,1</mat>
				</frame>
				<frame num='1'>
					<mat>-0.941993,-0.33451,0.0274353,26.7242,-0.0442318,0.0426971,-0.998108,12.0261,0.332706,-0.941424,-0.0550164,-27.9017,0,0,0,1</mat>
				</frame>
				<frame num='2'>
					<mat>-0.944281,-0.327648,0.0313082,26.8142,-0.0492349,0.04656,-0.997701,12.046,0.325437,-0.943652,-0.0600975,-27.743,0,0,0,1</mat>
				</frame>
				<frame num='3'>
					<mat>-0.949342,-0.312089,0.0367374,26.9113,-0.0554742,0.0513691,-0.997138,12.0725,0.309309,-0.948663,-0.0660797,-27.3216,0,0,0,1</mat>
				</frame>
				<frame num='4'>
					<mat>-0.944638,-0.32531,0.0428137,27.1589,-0.0642095,0.0553166,-0.996402,12.108,0.321771,-0.943988,-0.0731422,-27.7036,0,0,0,1</mat>
				</frame>
				<frame num='5'>
					<mat>-0.943432,-0.324254,0.0692552,28.0006,-0.0907951,0.0517589,-0.994524,12.2046,0.318893,-0.944553,-0.0782716,-27.8018,0,0,0,1</mat>
				</frame>
				<frame num='6'>
					<mat>-0.942953,-0.328379,0.0548342,27.5495,-0.0783301,0.0587456,-0.995195,12.1658,0.32358,-0.942717,-0.0811163,-27.601,0,0,0,1</mat>
				</frame>
				<frame num='7'>
					<mat>-0.940089,-0.34066,0.0135298,26.2712,-0.040073,0.0710016,-0.996671,12.0644,0.338566,-0.937502,-0.0803991,-27.3132,0,0,0,1</mat>
				</frame>
				<frame num='8'>
					<mat>-0.94397,-0.326594,0.0475111,27.3131,-0.0694817,0.0559317,-0.996014,12.1276,0.322634,-0.943509,-0.0754901,-26.8766,0,0,0,1</mat>
				</frame>
				<frame num='9'>
					<mat>-0.945523,-0.319636,0.061791,27.7533,-0.0804489,0.0454886,-0.99572,12.1526,0.315458,-0.946448,-0.0687249,-26.4597,0,0,0,1</mat>
				</frame>
				<frame num='10'>
					<mat>-0.944775,-0.325109,0.041291,27.1236,-0.0591932,0.0453637,-0.997215,12.0756,0.322331,-0.944588,-0.0621028,-26.1123,0,0,0,1</mat>
				</frame>
				<frame num='11'>
					<mat>-0.943217,-0.331654,0.0186479,26.4269,-0.0361412,0.0466557,-0.998257,12.0097,0.330206,-0.942247,-0.0559928,-25.8406,0,0,0,1</mat>
				</frame>
				<frame num='12'>
					<mat>-0.942614,-0.333742,0.00972713,26.1524,-0.0263384,0.0452839,-0.998627,11.984,0.332844,-0.941576,-0.0514754,-25.6822,0,0,0,1</mat>
				</frame>
				<frame num='13'>
					<mat>-0.94355,-0.330889,0.015049,26.317,-0.0300617,0.0402997,-0.998735,11.9861,0.329865,-0.942809,-0.0479719,-25.6247,0,0,0,1</mat>
				</frame>
				<frame num='14'>
					<mat>-0.944468,-0.327956,0.0205957,26.4885,-0.0341033,0.0354889,-0.998788,11.9903,0.326828,-0.944026,-0.0447026,-25.6411,0,0,0,1</mat>
