<?xml version='1.0' encoding='UTF-8' ?>
<itpanim>
	<skeleton count='30'>
		<joint id='0' name='JNT_Root' parent='-1'>
			<mat>6.12323e-017,1,-6.12323e-017,0,-1,6.12323e-017,6.12323e-017,0,6.12323e-017,6.12323e-017,1,0,0,0,0,1</mat>
		</joint>
		<joint id='1' name='JNT_COG' parent='0'>
			<mat>6.12323e-017,1,-6.12323e-017,-21.2473,-1,6.12323e-017,6.12323e-017,-1.30102e-015,6.12323e-017,6.12323e-017,1,7.96648e-032,0,0,0,1</mat>
		</joint>
		<joint id='2' name='JNT_Spine01' parent='1'>
			<mat>6.12323e-017,1,-6.12323e-017,-23.2595,-1,6.12323e-017,6.12323e-017,-1.42424e-015,6.12323e-017,6.12323e-017,1,8.72093e-032,0,0,0,1</mat>
		</joint>
		<joint id='3' name='JNT_Spine02' parent='2'>
			<mat>6.12323e-017,1,-6.12323e-017,-26.8784,-1,6.12323e-017,6.12323e-017,-1.64583e-015,6.12323e-017,6.12323e-017,1,1.00778e-031,0,0,0,1</mat>
		</joint>
		<joint id='4' name='JNT_Spine03' parent='3'>
			<mat>0.995753,0.0641037,0.0660864,-2.7303,-0.063963,0.997943,-0.00424511,-42.5043,-0.0662226,-3.98832e-015,0.997805,1.72474e-013,0,0,0,1</mat>
		</joint>
		<joint id='5' name='JNT_L_Shoulder' parent='4'>
			<mat>1,-5.76407e-016,-2.77556e-017,-24.4723,5.76407e-016,1,3.9968e-015,-44.1674,2.77556e-017,-3.9968e-015,1,-1.62419,0,0,0,1</mat>
		</joint>
		<joint id='6' name='JNT_L_Wrist' parent='5'>
			<mat>0.999472,-0.0314388,-0.00821328,-32.3452,0.0314378,0.999506,-0.000258344,-45.2066,0.00821734,1.19845e-014,0.999966,-1.90159,0,0,0,1</mat>
		</joint>
		<joint id='7' name='JNT_L_Hand' parent='6'>
			<mat>-0.0427715,0.464702,-0.884433,-16.5715,0.0224469,0.885467,0.46416,-40.4232,0.998833,-2.41879e-016,-0.0483039,-55.0289,0,0,0,1</mat>
		</joint>
		<joint id='8' name='JNT_L_Flap1' parent='7'>
			<mat>-0.0187014,0.43529,-0.900096,-25.3649,0.00904213,0.90029,0.435196,-40.5768,0.999784,-5.85113e-015,-0.0207726,-54.9072,0,0,0,1</mat>
		</joint>
		<joint id='9' name='JNT_L_Flap1_tip' parent='8'>
			<mat>1,3.45624e-016,-9.26342e-016,-54.6706,-3.45624e-016,1,-1.33227e-015,-50.3025,9.26342e-016,1.33227e-015,1,11.9586,0,0,0,1</mat>
		</joint>
		<joint id='10' name='JNT_L_Flap2' parent='7'>
			<mat>-0.000958298,0.560066,0.828447,-34.1649,0.000647851,0.828448,-0.560066,-35.3463,-0.999999,1.60441e-015,-0.00115674,54.6868,0,0,0,1</mat>
		</joint>
		<joint id='11' name='JNT_L_Flap2_Tip' parent='10'>
			<mat>1,-3.77816e-015,3.44776e-016,-54.6708,3.77816e-015,1,-1.05915e-013,-51.9784,-3.44776e-016,1.05915e-013,1,-13.8386,0,0,0,1</mat>
		</joint>
		<joint id='12' name='JNT_L_Flap3' parent='7'>
			<mat>-0.00501418,-0.996533,0.0830444,35.208,-0.0600607,0.0831957,0.994722,-1.60694,-0.998182,7.30039e-016,-0.0602697,54.7112,0,0,0,1</mat>
		</joint>
		<joint id='13' name='JNT_L_Flap3_Tip' parent='12'>
			<mat>1,-2.81936e-015,-2.6347e-014,-54.6602,2.81936e-015,1,-3.95239e-014,-28.9351,2.6347e-014,3.95239e-014,1,-2.49576,0,0,0,1</mat>
		</joint>
		<joint id='14' name='JNT_R_Shoulder' parent='4'>
			<mat>-1,1.45473e-015,-1.22465e-016,-24.4723,1.45473e-015,1,-1.22465e-016,-44.1674,1.22465e-016,-1.22465e-016,-1,1.62419,0,0,0,1</mat>
		</joint>
		<joint id='15' name='JNT_R_Wrist' parent='14'>
			<mat>-0.999472,-0.0314393,-0.00821364,-32.3452,-0.0314382,0.999506,-0.000258359,-45.2067,0.0082177,-4.55743e-013,-0.999966,1.90161,0,0,0,1</mat>
		</joint>
		<joint id='16' name='JNT_R_Hand' parent='15'>
			<mat>0.0427695,0.464698,-0.884436,-16.5714,-0.0224456,0.885469,0.464155,-40.4233,0.998833,1.45224e-016,0.0483015,55.0289,0,0,0,1</mat>
		</joint>
		<joint id='17' name='JNT_R_Flap1' parent='16'>
			<mat>0.0186999,0.435296,-0.900093,-25.3652,-0.00904155,0.900288,0.435202,-40.5766,0.999784,-3.65277e-015,0.0207711,54.9072,0,0,0,1</mat>
		</joint>
		<joint id='18' name='JNT_R_Flap1_tip' parent='17'>
			<mat>1,-9.05072e-015,-1.92207e-015,54.6706,-9.05072e-015,-1,2.68796e-013,50.3025,-1.92207e-015,-2.68796e-013,-1,-11.9586,0,0,0,1</mat>
		</joint>
		<joint id='19' name='JNT_R_Flap2' parent='16'>
			<mat>0.000959322,0.560071,0.828444,-34.165,-0.000648551,0.828444,-0.560071,-35.3461,-0.999999,-9.70491e-016,0.00115798,-54.6868,0,0,0,1</mat>
		</joint>
		<joint id='20' name='JNT_R_Flap2_Tip' parent='19'>
			<mat>1,1.28336e-015,-8.90347e-016,54.6708,1.28336e-015,-1,4.40659e-013,51.9784,-8.90347e-016,-4.40659e-013,-1,13.8386,0,0,0,1</mat>
		</joint>
		<joint id='21' name='JNT_R_Flap3' parent='16'>
			<mat>0.00501081,-0.996533,0.0830447,35.2078,0.0600204,0.0831957,0.994724,-1.60914,-0.998185,1.26897e-016,0.0602292,-54.7113,0,0,0,1</mat>
		</joint>
		<joint id='22' name='JNT_R_Flap3_Tip' parent='21'>
			<mat>1,-2.48358e-015,2.15106e-014,54.6602,-2.48358e-015,-1,4.78851e-013,28.9351,2.15106e-014,-4.78851e-013,-1,2.49576,0,0,0,1</mat>
		</joint>
		<joint id='23' name='JNT_Lid' parent='4'>
			<mat>1,-6.87429e-016,-1.38778e-016,2.61284e-014,6.87429e-016,1,3.9968e-015,-58.4099,1.38778e-016,-3.9968e-015,1,-1.24447,0,0,0,1</mat>
		</joint>
		<joint id='24' name='JNT_L_Hip' parent='1'>
			<mat>0.690854,-0.722995,4.42707e-017,6.23246,0.722995,0.690854,1.89298e-017,-15.8943,-4.42707e-017,1.89298e-017,1,9.73248e-016,0,0,0,1</mat>
		</joint>
		<joint id='25' name='JNT_L_Knee' parent='24'>
			<mat>0.196117,-0.980581,6.00432e-017,7.26493,0.980581,0.196117,4.92236e-017,-14.214,-6.00432e-017,4.92236e-017,1,8.70357e-016,0,0,0,1</mat>
		</joint>
		<joint id='26' name='JNT_L_Foot' parent='25'>
			<mat>1,2.498e-016,-2.76218e-032,-14.4955,2.498e-016,-1,1.22465e-016,-7.17369e-015,2.9699e-033,-1.22465e-016,-1,-3.59199e-031,0,0,0,1</mat>
		</joint>
		<joint id='27' name='JNT_R_Hip' parent='1'>
			<mat>-0.690854,-0.722995,3.16543e-017,6.23246,-0.722995,0.690854,-1.44139e-016,-15.8943,8.2343e-017,-1.22465e-016,-1,3.62249e-015,0,0,0,1</mat>
		</joint>
		<joint id='28' name='JNT_R_Knee' parent='27'>
			<mat>-0.196117,-0.980581,1.80103e-016,7.26493,-0.980581,0.196117,2.76066e-016,-14.214,-3.06026e-016,-1.22465e-016,-1,3.36444e-016,0,0,0,1</mat>
		</joint>
		<joint id='29' name='JNT_R_Foot' parent='28'>
			<mat>1,3.05311e-016,-8.0669e-017,14.4955,3.05311e-016,-1,1.22465e-016,4.42564e-015,-8.0669e-017,-1.22465e-016,-1,3.9491e-015,0,0,0,1</mat>
		</joint>
	</skeleton>
	<animations>
		<animation name='Take 001' length='16'>
			<track id = '0' name='JNT_Root'>
				<frame num='-1'>
					<mat>6.12323e-017,-1,6.12323e-017,0,1,6.12323e-017,6.12323e-017,0,-6.12323e-017,6.12323e-017,1,0,0,0,0,1</mat>
				</frame>
				<frame num='0'>
					<mat>6.12323e-017,-1,6.12323e-017,0,1,6.12323e-017,6.12323e-017,0,-6.12323e-017,6.12323e-017,1,0,0,0,0,1</mat>
				</frame>
				<frame num='1'>
					<mat>6.12323e-017,-1,6.12323e-017,0,1,6.12323e-017,6.12323e-017,0,-6.12323e-017,6.12323e-017,1,0,0,0,0,1</mat>
				</frame>
				<frame num='2'>
					<mat>6.12323e-017,-1,6.12323e-017,0,1,6.12323e-017,6.12323e-017,0,-6.12323e-017,6.12323e-017,1,0,0,0,0,1</mat>
				</frame>
				<frame num='3'>
					<mat>6.12323e-017,-1,6.12323e-017,0,1,6.12323e-017,6.12323e-017,0,-6.12323e-017,6.12323e-017,1,0,0,0,0,1</mat>
				</frame>
				<frame num='4'>
					<mat>6.12323e-017,-1,6.12323e-017,0,1,6.12323e-017,6.12323e-017,0,-6.12323e-017,6.12323e-017,1,0,0,0,0,1</mat>
				</frame>
				<frame num='5'>
					<mat>6.12323e-017,-1,6.12323e-017,0,1,6.12323e-017,6.12323e-017,0,-6.12323e-017,6.12323e-017,1,0,0,0,0,1</mat>
				</frame>
				<frame num='6'>
					<mat>6.12323e-017,-1,6.12323e-017,0,1,6.12323e-017,6.12323e-017,0,-6.12323e-017,6.12323e-017,1,0,0,0,0,1</mat>
				</frame>
				<frame num='7'>
					<mat>6.12323e-017,-1,6.12323e-017,0,1,6.12323e-017,6.12323e-017,0,-6.12323e-017,6.12323e-017,1,0,0,0,0,1</mat>
				</frame>
				<frame num='8'>
					<mat>6.12323e-017,-1,6.12323e-017,0,1,6.12323e-017,6.12323e-017,0,-6.12323e-017,6.12323e-017,1,0,0,0,0,1</mat>
				</frame>
				<frame num='9'>
					<mat>6.12323e-017,-1,6.12323e-017,0,1,6.12323e-017,6.12323e-017,0,-6.12323e-017,6.12323e-017,1,0,0,0,0,1</mat>
				</frame>
				<frame num='10'>
					<mat>6.12323e-017,-1,6.12323e-017,0,1,6.12323e-017,6.12323e-017,0,-6.12323e-017,6.12323e-017,1,0,0,0,0,1</mat>
				</frame>
				<frame num='11'>
					<mat>6.12323e-017,-1,6.12323e-017,0,1,6.12323e-017,6.12323e-017,0,-6.12323e-017,6.12323e-017,1,0,0,0,0,1</mat>
				</frame>
				<frame num='12'>
					<mat>6.12323e-017,-1,6.12323e-017,0,1,6.12323e-017,6.12323e-017,0,-6.12323e-017,6.12323e-017,1,0,0,0,0,1</mat>
				</frame>
				<frame num='13'>
					<mat>6.12323e-017,-1,6.12323e-017,0,1,6.12323e-017,6.12323e-017,0,-6.12323e-017,6.12323e-017,1,0,0,0,0,1</mat>
				</frame>
				<frame num='14'>
					<mat>6.12323e-017,-1,6.12323e-017,0,1,6.12323e-017,6.12323e-017,0,-6.12323e-017,6.12323e-017,1,0,0,0,0,1</mat>
				</frame>
			</track>
			<track id = '1' name='JNT_COG'>
				<frame num='-1'>
					<mat>-1.49977e-016,-1,6.4434e-017,-8.15709e-015,-0.93262,1.1662e-016,-0.36086,39.2986,0.36086,-1.14213e-016,-0.93262,-30.0071,0,0,0,1</mat>
				</frame>
				<frame num='0'>
					<mat>-1.50467e-016,-1,6.57178e-017,-8.15709e-015,-0.93567,1.17597e-016,-0.352876,39.2986,0.352876,-1.14587e-016,-0.93567,-30.0069,0,0,0,1</mat>
				</frame>
				<frame num='1'>
					<mat>-1.5808e-016,-1,9.29479e-017,-8.15698e-015,-0.983011,1.38334e-016,-0.183548,39.2996,0.183548,-1.20384e-016,-0.983011,-30.0024,0,0,0,1</mat>
				</frame>
				<frame num='2'>
					<mat>-1.60806e-016,-1,1.2109e-016,-8.15674e-015,-0.999963,1.59766e-016,-0.00854595,39.2999,0.00854595,-1.2246e-016,-0.999963,-29.9978,0,0,0,1</mat>
				</frame>
				<frame num='3'>
					<mat>-1.60812e-016,-1,1.22465e-016,-8.15672e-015,-1,1.60812e-016,6.12323e-017,39.2999,-6.12323e-017,-1.22465e-016,-1,-29.9975,0,0,0,1</mat>
				</frame>
				<frame num='4'>
					<mat>-1.60812e-016,-1,1.22465e-016,-8.15672e-015,-1,1.60812e-016,6.12323e-017,39.2999,-6.12323e-017,-1.22465e-016,-1,-29.9975,0,0,0,1</mat>
				</frame>
				<frame num='5'>
					<mat>-1.60812e-016,-1,1.22465e-016,-8.15672e-015,-1,1.60812e-016,6.12323e-017,39.2999,-6.12323e-017,-1.22465e-016,-1,-29.9975,0,0,0,1</mat>
				</frame>
				<frame num='6'>
					<mat>-1.60812e-016,-1,1.22465e-016,-8.15672e-015,-1,1.60812e-016,6.12323e-017,39.2999,-6.12323e-017,-1.22465e-016,-1,-29.9975,0,0,0,1</mat>
				</frame>
				<frame num='7'>
					<mat>-1.60812e-016,-1,1.22465e-016,-8.15672e-015,-1,1.60812e-016,6.12323e-017,39.2999,-6.12323e-017,-1.22465e-016,-1,-29.9975,0,0,0,1</mat>
				</frame>
				<frame num='8'>
					<mat>-1.60812e-016,-1,1.22465e-016,-8.15672e-015,-1,1.60812e-016,6.12323e-017,39.2999,-6.12323e-017,-1.22465e-016,-1,-29.9975,0,0,0,1</mat>
				</frame>
				<frame num='9'>
					<mat>-1.60812e-016,-1,1.22465e-016,-8.15672e-015,-1,1.60812e-016,6.12323e-017,39.2999,-6.12323e-017,-1.22465e-016,-1,-29.9975,0,0,0,1</mat>
				</frame>
				<frame num='10'>
					<mat>-1.60812e-016,-1,1.22465e-016,-8.15672e-015,-1,1.60812e-016,6.12323e-017,39.2999,-6.12323e-017,-1.22465e-016,-1,-29.9975,0,0,0,1</mat>
				</frame>
				<frame num='11'>
					<mat>-1.60812e-016,-1,1.22465e-016,-8.15672e-015,-1,1.60812e-016,6.12323e-017,39.2999,-6.12323e-017,-1.22465e-016,-1,-29.9975,0,0,0,1</mat>
				</frame>
				<frame num='12'>
					<mat>-1.60812e-016,-1,1.22465e-016,-8.15672e-015,-1,1.60812e-016,6.12323e-017,39.2999,-6.12323e-017,-1.22465e-016,-1,-29.9975,0,0,0,1</mat>
				</frame>
				<frame num='13'>
					<mat>-1.60812e-016,-1,1.22465e-016,-8.15672e-015,-1,1.60812e-016,6.12323e-017,39.2999,-6.12323e-017,-1.22465e-016,-1,-29.9975,0,0,0,1</mat>
				</frame>
				<frame num='14'>
					<mat>-1.60812e-016,-1,1.22465e-016,-8.15672e-015,-1,1.60812e-016,6.12323e-017,39.2999,-6.12323e-017,-1.22465e-016,-1,-29.9975,0,0,0,1</mat>
				</frame>
			</track>
			<track id = '2' name='JNT_Spine01'>
				<frame num='-1'>
					<mat>-1.54202e-016,-1,7.68324e-017,-8.90416e-015,-0.958895,1.26062e-016,-0.283761,37.4219,0.283761,-1.17431e-016,-0.958895,-29.281,0,0,0,1</mat>
				</frame>
				<frame num='0'>
					<mat>5.88298e-017,-1,1.39449e-016,-8.90627e-015,-0.960764,-9.52002e-017,-0.277368,37.4159,0.277368,-1.1766e-016,-0.960764,-29.2968,0,0,0,1</mat>
				</frame>
				<frame num='1'>
					<mat>5.00102e-016,-1,-5.00211e-017,-8.94451e-015,-0.98967,-4.87765e-016,-0.143361,37.3216,0.143361,1.212e-016,-0.98967,-29.633,0,0,0,1</mat>
				</frame>
				<frame num='2'>
					<mat>-1.60809e-016,-1,1.21394e-016,-8.9721e-015,-0.999978,1.59997e-016,-0.00666,37.2878,0.00666,-1.22462e-016,-0.999978,-29.9806,0,0,0,1</mat>
				</frame>
				<frame num='3'>
					<mat>-1.60812e-016,-1,1.22465e-016,-8.97315e-015,-1,1.60812e-016,6.12323e-017,37.2877,-6.12323e-017,-1.22465e-016,-1,-29.9975,0,0,0,1</mat>
				</frame>
				<frame num='4'>
					<mat>-1.60812e-016,-1,1.22465e-016,-8.97315e-015,-1,1.60812e-016,6.12323e-017,37.2877,-6.12323e-017,-1.22465e-016,-1,-29.9975,0,0,0,1</mat>
				</frame>
				<frame num='5'>
					<mat>-1.60812e-016,-1,1.22465e-016,-8.97315e-015,-1,1.60812e-016,6.12323e-017,37.2877,-6.12323e-017,-1.22465e-016,-1,-29.9975,0,0,0,1</mat>
				</frame>
				<frame num='6'>
					<mat>-1.60812e-016,-1,1.22465e-016,-8.97315e-015,-1,1.60812e-016,6.12323e-017,37.2877,-6.12323e-017,-1.22465e-016,-1,-29.9975,0,0,0,1</mat>
				</frame>
				<frame num='7'>
					<mat>-1.60812e-016,-1,1.22465e-016,-8.97315e-015,-1,1.60812e-016,6.12323e-017,37.2877,-6.12323e-017,-1.22465e-016,-1,-29.9975,0,0,0,1</mat>
				</frame>
				<frame num='8'>
					<mat>-1.60812e-016,-1,1.22465e-016,-8.97315e-015,-1,1.60812e-016,6.12323e-017,37.2877,-6.12323e-017,-1.22465e-016,-1,-29.9975,0,0,0,1</mat>
				</frame>
				<frame num='9'>
					<mat>-1.60812e-016,-1,1.22465e-016,-8.97315e-015,-1,1.60812e-016,6.12323e-017,37.2877,-6.12323e-017,-1.22465e-016,-1,-29.9975,0,0,0,1</mat>
				</frame>
				<frame num='10'>
					<mat>-1.60812e-016,-1,1.22465e-016,-8.97315e-015,-1,1.60812e-016,6.12323e-017,37.2877,-6.12323e-017,-1.22465e-016,-1,-29.9975,0,0,0,1</mat>
				</frame>
				<frame num='11'>
					<mat>-1.60812e-016,-1,1.22465e-016,-8.97315e-015,-1,1.60812e-016,6.12323e-017,37.2877,-6.12323e-017,-1.22465e-016,-1,-29.9975,0,0,0,1</mat>
				</frame>
				<frame num='12'>
					<mat>-1.60812e-016,-1,1.22465e-016,-8.97315e-015,-1,1.60812e-016,6.12323e-017,37.2877,-6.12323e-017,-1.22465e-016,-1,-29.9975,0,0,0,1</mat>
				</frame>
				<frame num='13'>
					<mat>-1.60812e-016,-1,1.22465e-016,-8.97315e-015,-1,1.60812e-016,6.12323e-017,37.2877,-6.12323e-017,-1.22465e-016,-1,-29.9975,0,0,0,1</mat>
				</frame>
				<frame num='14'>
					<mat>-1.60812e-016,-1,1.22465e-016,-8.97315e-015,-1,1.60812e-016,6.12323e-017,37.2877,-6.12323e-017,-1.22465e-016,-1,-29.9975,0,0,0,1</mat>
				</frame>
			</track>
			<track id = '3' name='JNT_Spine02'>
				<frame num='-1'>
					<mat>-1.55469e-016,-1,1.63575e-016,-1.02442e-014,-0.966771,1.9212e-016,0.255645,33.9518,-0.255645,-1.18395e-016,-0.966771,-28.2541,0,0,0,1</mat>
				</frame>
				<frame num='0'>
					<mat>5.92902e-017,-1,1.07165e-016,-9.87428e-015,-0.968283,-3.06339e-017,0.249855,33.939,-0.249855,-1.1858e-016,-0.968283,-28.2931,0,0,0,1</mat>
				</frame>
				<frame num='1'>
					<mat>9.41491e-016,-1,-2.44841e-016,-7.94558e-015,-0.991658,-9.65196e-016,0.128898,33.7401,-0.128898,1.21443e-016,-0.991658,-29.1142,0,0,0,1</mat>
				</frame>
				<frame num='2'>
					<mat>6.12312e-017,-1,1.22098e-016,-1.00617e-014,-0.999982,-6.04995e-017,0.0059841,33.669,-0.0059841,-1.22462e-016,-0.999982,-29.9565,0,0,0,1</mat>
				</frame>
				<frame num='3'>
					<mat>-1.60812e-016,-1,1.22465e-016,-1.04415e-014,-1,1.60812e-016,6.12323e-017,33.6688,-6.12323e-017,-1.22465e-016,-1,-29.9975,0,0,0,1</mat>
				</frame>
				<frame num='4'>
					<mat>-1.60812e-016,-1,1.22465e-016,-1.04415e-014,-1,1.60812e-016,6.12323e-017,33.6688,-6.12323e-017,-1.22465e-016,-1,-29.9975,0,0,0,1</mat>
				</frame>
				<frame num='5'>
					<mat>-1.60812e-016,-1,1.22465e-016,-1.04415e-014,-1,1.60812e-016,6.12323e-017,33.6688,-6.12323e-017,-1.22465e-016,-1,-29.9975,0,0,0,1</mat>
				</frame>
				<frame num='6'>
					<mat>-1.60812e-016,-1,1.22465e-016,-1.04415e-014,-1,1.60812e-016,6.12323e-017,33.6688,-6.12323e-017,-1.22465e-016,-1,-29.9975,0,0,0,1</mat>
				</frame>
				<frame num='7'>
					<mat>-1.60812e-016,-1,1.22465e-016,-1.04415e-014,-1,1.60812e-016,6.12323e-017,33.6688,-6.12323e-017,-1.22465e-016,-1,-29.9975,0,0,0,1</mat>
				</frame>
				<frame num='8'>
					<mat>-1.60812e-016,-1,1.22465e-016,-1.04415e-014,-1,1.60812e-016,6.12323e-017,33.6688,-6.12323e-017,-1.22465e-016,-1,-29.9975,0,0,0,1</mat>
				</frame>
				<frame num='9'>
					<mat>-1.60812e-016,-1,1.22465e-016,-1.04415e-014,-1,1.60812e-016,6.12323e-017,33.6688,-6.12323e-017,-1.22465e-016,-1,-29.9975,0,0,0,1</mat>
				</frame>
				<frame num='10'>
					<mat>-1.60812e-016,-1,1.22465e-016,-1.04415e-014,-1,1.60812e-016,6.12323e-017,33.6688,-6.12323e-017,-1.22465e-016,-1,-29.9975,0,0,0,1</mat>
				</frame>
				<frame num='11'>
					<mat>-1.60812e-016,-1,1.22465e-016,-1.04415e-014,-1,1.60812e-016,6.12323e-017,33.6688,-6.12323e-017,-1.22465e-016,-1,-29.9975,0,0,0,1</mat>
				</frame>
				<frame num='12'>
					<mat>-1.60812e-016,-1,1.22465e-016,-1.04415e-014,-1,1.60812e-016,6.12323e-017,33.6688,-6.12323e-017,-1.22465e-016,-1,-29.9975,0,0,0,1</mat>
				</frame>
				<frame num='13'>
					<mat>-1.60812e-016,-1,1.22465e-016,-1.04415e-014,-1,1.60812e-016,6.12323e-017,33.6688,-6.12323e-017,-1.22465e-016,-1,-29.9975,0,0,0,1</mat>
				</frame>
				<frame num='14'>
					<mat>-1.60812e-016,-1,1.22465e-016,-1.04415e-014,-1,1.60812e-016,6.12323e-017,33.6688,-6.12323e-017,-1.22465e-016,-1,-29.9975,0,0,0,1</mat>
				</frame>
			</track>
			<track id = '4' name='JNT_Spine03'>
				<frame num='-1'>
					<mat>0.995753,-0.063963,-0.0662226,-1.52836e-014,-0.0317165,-0.913554,0.405479,18.7605,-0.0864336,-0.401656,-0.911703,-32.2711,0,0,0,1</mat>
				</frame>
				<frame num='0'>
					<mat>0.995752,-0.0639656,-0.0662248,-1.21636e-014,-0.0325538,-0.917402,0.396628,18.7239,-0.0861253,-0.392788,-0.915587,-32.2192,0,0,0,1</mat>
				</frame>
				<frame num='1'>
					<mat>0.995756,-0.0639355,-0.066194,6.66832e-015,-0.0489572,-0.97706,0.20726,18.1577,-0.0779268,-0.20314,-0.976044,-31.1397,0,0,0,1</mat>
				</frame>
				<frame num='2'>
					<mat>0.995752,-0.063965,-0.0662253,-1.32007e-014,-0.0634625,-0.997937,0.0096656,17.9558,-0.066707,-0.00542171,-0.997758,-30.0505,0,0,0,1</mat>
				</frame>
				<frame num='3'>
					<mat>0.995753,-0.063963,-0.0662226,-1.68171e-014,-0.0641037,-0.997943,4.09135e-015,17.9553,-0.0660864,0.00424511,-0.997805,-29.9975,0,0,0,1</mat>
				</frame>
				<frame num='4'>
					<mat>0.995753,-0.063963,-0.0662226,-1.68171e-014,-0.0641037,-0.997943,4.09135e-015,17.9553,-0.0660864,0.00424511,-0.997805,-29.9975,0,0,0,1</mat>
				</frame>
				<frame num='5'>
					<mat>0.995753,-0.063963,-0.0662226,-1.68171e-014,-0.0641037,-0.997943,4.09135e-015,17.9553,-0.0660864,0.00424511,-0.997805,-29.9975,0,0,0,1</mat>
				</frame>
				<frame num='6'>
					<mat>0.995753,-0.063963,-0.0662226,-1.68171e-014,-0.0641037,-0.997943,4.09135e-015,17.9553,-0.0660864,0.00424511,-0.997805,-29.9975,0,0,0,1</mat>
				</frame>
				<frame num='7'>
					<mat>0.995753,-0.063963,-0.0662226,-1.68171e-014,-0.0641037,-0.997943,4.09135e-015,17.9553,-0.0660864,0.00424511,-0.997805,-29.9975,0,0,0,1</mat>
				</frame>
				<frame num='8'>
					<mat>0.995753,-0.063963,-0.0662226,-1.68171e-014,-0.0641037,-0.997943,4.09135e-015,17.9553,-0.0660864,0.00424511,-0.997805,-29.9975,0,0,0,1</mat>
				</frame>
				<frame num='9'>
					<mat>0.995753,-0.063963,-0.0662226,-1.68171e-014,-0.0641037,-0.997943,4.09135e-015,17.9553,-0.0660864,0.00424511,-0.997805,-29.9975,0,0,0,1</mat>
				</frame>
				<frame num='10'>
					<mat>0.995753,-0.063963,-0.0662226,-1.68171e-014,-0.0641037,-0.997943,4.09135e-015,17.9553,-0.0660864,0.00424511,-0.997805,-29.9975,0,0,0,1</mat>
				</frame>
				<frame num='11'>
					<mat>0.995753,-0.063963,-0.0662226,-1.68171e-014,-0.0641037,-0.997943,4.09135e-015,17.9553,-0.0660864,0.00424511,-0.997805,-29.9975,0,0,0,1</mat>
				</frame>
				<frame num='12'>
					<mat>0.995753,-0.063963,-0.0662226,-1.68171e-014,-0.0641037,-0.997943,4.09135e-015,17.9553,-0.0660864,0.00424511,-0.997805,-29.9975,0,0,0,1</mat>
				</frame>
				<frame num='13'>
					<mat>0.995753,-0.063963,-0.0662226,-1.68171e-014,-0.0641037,-0.997943,4.09135e-015,17.9553,-0.0660864,0.00424511,-0.997805,-29.9975,0,0,0,1</mat>
				</frame>
				<frame num='14'>
					<mat>0.995753,-0.063963,-0.0662226,-1.68171e-014,-0.0641037,-0.997943,4.09135e-015,17.9553,-0.0660864,0.00424511,-0.997805,-29.9975,0,0,0,1</mat>
				</frame>
			</track>
			<track id = '5' name='JNT_L_Shoulder'>
				<frame num='-1'>
					<mat>0.0590517,0.836516,-0.544751,24.4723,0.994438,-0.00161659,0.105316,17.981,0.0872178,-0.54794,-0.831959,-34.3954,0,0,0,1</mat>
				</frame>
				<frame num='0'>
					<mat>0.0590535,0.836515,-0.544753,24.4723,0.995236,-0.00692574,0.0972526,17.9238,0.0775804,-0.547901,-0.832938,-34.3358,0,0,0,1</mat>
				</frame>
				<frame num='1'>
					<mat>0.0590349,0.836537,-0.544721,24.4724,0.990866,-0.115379,-0.0698021,16.9545,-0.121241,-0.535625,-0.835707,-33.0548,0,0,0,1</mat>
				</frame>
				<frame num='2'>
					<mat>0.0590527,0.836514,-0.544753,24.4723,0.947167,-0.219292,-0.234065,16.3961,-0.315259,-0.50215,-0.805268,-31.6899,0,0,0,1</mat>
				</frame>
				<frame num='3'>
					<mat>0.506604,0.836516,-0.20879,24.4723,0.664078,-0.224144,0.713274,16.3799,0.549866,-0.5,-0.669064,-31.6217,0,0,0,1</mat>
				</frame>
				<frame num='4'>
					<mat>0.483628,0.812955,0.324358,24.4723,-0.205467,-0.254777,0.944919,16.3799,0.850816,-0.523634,0.043818,-31.6217,0,0,0,1</mat>
				</frame>
				<frame num='5'>
					<mat>-0.00601542,0.978887,0.204311,24.4723,0.0500282,-0.203765,0.977741,16.3799,0.99873,0.0161029,-0.0477463,-31.6217,0,0,0,1</mat>
				</frame>
				<frame num='6'>
					<mat>0.545483,0.835531,0.0658421,24.4723,0.229627,-0.224542,0.947023,16.3799,0.806052,-0.501466,-0.314345,-31.6217,0,0,0,1</mat>
				</frame>
				<frame num='7'>
					<mat>0.544541,0.836516,0.0609517,24.4723,0.238561,-0.224144,0.944906,16.3799,0.804092,-0.5,-0.321616,-31.6217,0,0,0,1</mat>
				</frame>
				<frame num='8'>
					<mat>0.511309,0.82726,0.232816,24.4723,-0.0818836,-0.222778,0.971424,16.3799,0.855487,-0.515762,-0.0461694,-31.6217,0,0,0,1</mat>
				</frame>
				<frame num='9'>
					<mat>0.425732,0.836516,0.344954,24.4723,-0.308593,-0.224144,0.924408,16.3799,0.850601,-0.5,0.162718,-31.6217,0,0,0,1</mat>
				</frame>
				<frame num='10'>
					<mat>0.425732,0.836516,0.344954,24.4723,-0.308593,-0.224144,0.924408,16.3799,0.850601,-0.5,0.162718,-31.6217,0,0,0,1</mat>
				</frame>
				<frame num='11'>
					<mat>0.425732,0.836516,0.344954,24.4723,-0.308593,-0.224144,0.924408,16.3799,0.850601,-0.5,0.162718,-31.6217,0,0,0,1</mat>
				</frame>
				<frame num='12'>
					<mat>0.425732,0.836516,0.344954,24.4723,-0.308593,-0.224144,0.924408,16.3799,0.850601,-0.5,0.162718,-31.6217,0,0,0,1</mat>
				</frame>
				<frame num='13'>
					<mat>0.425732,0.836516,0.344954,24.4723,-0.308593,-0.224144,0.924408,16.3799,0.850601,-0.5,0.162718,-31.6217,0,0,0,1</mat>
				</frame>
				<frame num='14'>
					<mat>0.425732,0.836516,0.344954,24.4723,-0.308593,-0.224144,0.924408,16.3799,0.850601,-0.5,0.162718,-31.6217,0,0,0,1</mat>
				</frame>
			</track>
			<track id = '6' name='JNT_L_Wrist'>
				<frame num='-1'>
					<mat>0.0763468,-0.727172,0.682196,25.0211,0.995291,0.0146022,-0.0958213,27.222,0.059717,0.6863,0.724863,-33.5849,0,0,0,1</mat>
				</frame>
				<frame num='0'>
					<mat>0.0763485,-0.72717,0.682199,25.0211,0.995823,0.0212509,-0.0887961,27.1722,0.0500725,0.686129,0.725755,-33.6149,0,0,0,1</mat>
				</frame>
				<frame num='1'>
					<mat>0.076331,-0.727198,0.682171,25.021,0.985989,0.156823,0.0568473,26.1623,-0.148319,0.668274,0.72898,-34.1815,0,0,0,1</mat>
				</frame>
				<frame num='2'>
					<mat>0.0763477,-0.72717,0.682199,25.0211,0.937019,0.286205,0.200207,25.1977,-0.340833,0.623948,0.703223,-34.6195,0,0,0,1</mat>
				</frame>
				<frame num='3'>
					<mat>0.528214,-0.771327,0.355029,29.18,0.666771,0.117901,-0.735878,22.5509,0.525744,0.625424,0.576575,-26.512,0,0,0,1</mat>
				</frame>
				<frame num='4'>
					<mat>0.511777,-0.841255,-0.174282,28.9665,-0.200081,0.0805725,-0.976461,14.4705,0.835495,0.534601,-0.127084,-23.7154,0,0,0,1</mat>
				</frame>
				<frame num='5'>
					<mat>0.0256673,-0.999181,-0.0312739,24.4164,0.05723,0.0327016,-0.997825,16.8448,0.998031,0.0238217,0.0580225,-22.3409,0,0,0,1</mat>
				</frame>
				<frame num='6'>
					<mat>0.570765,-0.816731,0.0847265,29.5413,0.235705,0.064124,-0.969707,18.5137,0.786556,0.573445,0.229107,-24.1314,0,0,0,1</mat>
				</frame>
				<frame num='7'>
					<mat>0.569786,-0.816882,0.0897057,29.5326,0.244617,0.0643796,-0.96748,18.5967,0.784542,0.5732,0.236506,-24.1496,0,0,0,1</mat>
				</frame>
				<frame num='8'>
					<mat>0.538627,-0.838601,-0.0814222,29.2237,-0.0752592,0.0483652,-0.99599,15.619,0.839177,0.542595,-0.0370617,-23.672,0,0,0,1</mat>
				</frame>
				<frame num='9'>
					<mat>0.454887,-0.869837,-0.190948,28.4285,-0.302527,0.0507307,-0.95179,13.5122,0.837589,0.490724,-0.240072,-23.7174,0,0,0,1</mat>
				</frame>
				<frame num='10'>
					<mat>0.454887,-0.869837,-0.190948,28.4285,-0.302527,0.0507307,-0.95179,13.5122,0.837589,0.490724,-0.240072,-23.7174,0,0,0,1</mat>
				</frame>
				<frame num='11'>
					<mat>0.454887,-0.869837,-0.190948,28.4285,-0.302527,0.0507307,-0.95179,13.5122,0.837589,0.490724,-0.240072,-23.7174,0,0,0,1</mat>
				</frame>
				<frame num='12'>
					<mat>0.454887,-0.869837,-0.190948,28.4285,-0.302527,0.0507307,-0.95179,13.5122,0.837589,0.490724,-0.240072,-23.7174,0,0,0,1</mat>
				</frame>
				<frame num='13'>
					<mat>0.454887,-0.869837,-0.190948,28.4285,-0.302527,0.0507307,-0.95179,13.5122,0.837589,0.490724,-0.240072,-23.7174,0,0,0,1</mat>
				</frame>
				<frame num='14'>
					<mat>0.454887,-0.869837,-0.190948,28.4285,-0.302527,0.0507307,-0.95179,13.5122,0.837589,0.490724,-0.240072,-23.7174,0,0,0,1</mat>
				</frame>
			</track>
			<track id = '7' name='JNT_L_Hand'>
				<frame num='-1'>
					<mat>-0.944341,-0.327934,0.0260523,26.6556,0.0416857,-0.0407325,0.9983,48.5307,-0.326316,0.943822,0.0521355,-32.3064,0,0,0,1</mat>
				</frame>
				<frame num='0'>
					<mat>-0.944342,-0.327932,0.026054,26.6557,0.0385242,-0.0315872,0.998758,48.4923,-0.326701,0.944173,0.0424624,-32.5429,0,0,0,1</mat>
				</frame>
				<frame num='1'>
					<mat>-0.94433,-0.327969,0.0260368,26.6552,-0.0270237,0.156194,0.987357,47.2719,-0.327889,0.931686,-0.156362,-37.3569,0,0,0,1</mat>
				</frame>
				<frame num='2'>
					<mat>-0.944342,-0.327931,0.0260532,26.6556,-0.091458,0.337795,0.936766,45.2589,-0.315995,0.882245,-0.348986,-41.9166,0,0,0,1</mat>
				</frame>
				<frame num='3'>
					<mat>-0.697973,-0.523116,0.489064,40.4888,0.6723,-0.243419,0.699114,36.8262,-0.24667,0.81676,0.521591,-15.2561,0,0,0,1</mat>
				</frame>
				<frame num='4'>
					<mat>-0.261242,-0.830668,0.491674,39.9234,0.911285,-0.380199,-0.15814,10.1869,0.318295,0.406742,0.856299,-5.82781,0,0,0,1</mat>
				</frame>
				<frame num='5'>
					<mat>-0.436593,-0.899648,-0.00449997,24.9659,0.895116,-0.434885,0.0981904,18.07,-0.0902937,0.0388413,0.995157,-0.97347,0,0,0,1</mat>
				</frame>
				<frame num='6'>
					<mat>-0.481992,-0.689228,0.540971,41.7611,0.875858,-0.395646,0.276293,23.5601,0.0236039,0.606984,0.794363,-7.29154,0,0,0,1</mat>
				</frame>
				<frame num='7'>
					<mat>-0.486419,-0.687041,0.539789,41.7314,0.87356,-0.394468,0.285112,23.8339,0.0170455,0.610221,0.792048,-7.35288,0,0,0,1</mat>
				</frame>
				<frame num='8'>
					<mat>-0.343515,-0.785448,0.514849,40.7555,0.907388,-0.418941,-0.0337085,14.0077,0.242167,0.455588,0.856618,-5.70558,0,0,0,1</mat>
				</frame>
				<frame num='9'>
					<mat>-0.25689,-0.863196,0.434628,38.1674,0.880762,-0.394228,-0.262379,7.03526,0.397826,0.315401,0.861543,-5.78496,0,0,0,1</mat>
				</frame>
				<frame num='10'>
					<mat>-0.25689,-0.863196,0.434628,38.1674,0.880762,-0.394228,-0.262379,7.03526,0.397826,0.315401,0.861543,-5.78496,0,0,0,1</mat>
				</frame>
				<frame num='11'>
					<mat>-0.25689,-0.863196,0.434628,38.1674,0.880762,-0.394228,-0.262379,7.03526,0.397826,0.315401,0.861543,-5.78496,0,0,0,1</mat>
				</frame>
				<frame num='12'>
					<mat>-0.25689,-0.863196,0.434628,38.1674,0.880762,-0.394228,-0.262379,7.03526,0.397826,0.315401,0.861543,-5.78496,0,0,0,1</mat>
				</frame>
				<frame num='13'>
					<mat>-0.25689,-0.863196,0.434628,38.1674,0.880762,-0.394228,-0.262379,7.03526,0.397826,0.315401,0.861543,-5.78496,0,0,0,1</mat>
				</frame>
				<frame num='14'>
					<mat>-0.25689,-0.863196,0.434628,38.1674,0.880762,-0.394228,-0.262379,7.03526,0.397826,0.315401,0.861543,-5.78496,0,0,0,1</mat>
				</frame>
			</track>
			<track id = '8' name='JNT_L_Flap1'>
				<frame num='-1'>
					<mat>-0.641082,-0.326319,0.694644,18.369,0.749484,-0.0713755,0.658163,48.8965,-0.165191,0.942561,0.290328,-35.1698,0,0,0,1</mat>
				</frame>
				<frame num='0'>
					<mat>-0.617897,-0.322636,0.717014,18.3691,0.770977,-0.0696952,0.633039,48.8304,-0.154269,0.943954,0.29181,-35.4097,0,0,0,1</mat>
				</frame>
				<frame num='1'>
					<mat>0.12502,-0.319511,0.939299,18.3687,0.985596,0.148669,-0.0806111,47.0348,-0.113888,0.935847,0.333496,-40.2342,0,0,0,1</mat>
				</frame>
				<frame num='2'>
					<mat>0.615429,-0.228378,0.754381,18.3691,0.74145,0.492442,-0.4558,44.4564,-0.267394,0.839848,0.472394,-44.6895,0,0,0,1</mat>
				</frame>
				<frame num='3'>
					<mat>0.803558,-0.574953,0.154025,34.3641,-0.0412962,-0.311994,-0.949186,42.7256,0.593792,0.756365,-0.274449,-17.4206,0,0,0,1</mat>
				</frame>
				<frame num='4'>
					<mat>0.461308,-0.878909,-0.121303,37.631,-0.804837,-0.356995,-0.474122,18.1834,0.373405,0.316346,-0.872063,-3.03478,0,0,0,1</mat>
				</frame>
				<frame num='5'>
					<mat>0.250716,-0.896384,0.365565,21.1349,-0.624311,-0.438322,-0.646614,25.9247,0.739849,-0.0661098,-0.669517,-1.76579,0,0,0,1</mat>
				</frame>
				<frame num='6'>
					<mat>0.667362,-0.744513,-0.0181244,37.5317,-0.487212,-0.418059,-0.766715,31.2457,0.563252,0.520507,-0.641732,-7.08442,0,0,0,1</mat>
				</frame>
				<frame num='7'>
					<mat>0.669983,-0.742237,-0.0144202,37.4631,-0.479492,-0.417823,-0.771694,31.4993,0.566755,0.523936,-0.63583,-7.2033,0,0,0,1</mat>
				</frame>
				<frame num='8'>
					<mat>0.54078,-0.836776,-0.0858087,37.7412,-0.721019,-0.408582,-0.559636,21.97,0.43323,0.364509,-0.824284,-3.58057,0,0,0,1</mat>
				</frame>
				<frame num='9'>
					<mat>0.41724,-0.905257,-0.0801327,35.9132,-0.853688,-0.360174,-0.376154,14.7639,0.311654,0.225355,-0.923086,-2.29405,0,0,0,1</mat>
				</frame>
				<frame num='10'>
					<mat>0.41724,-0.905257,-0.0801327,35.9132,-0.853688,-0.360174,-0.376154,14.7639,0.311654,0.225355,-0.923086,-2.29405,0,0,0,1</mat>
				</frame>
				<frame num='11'>
					<mat>0.41724,-0.905257,-0.0801327,35.9132,-0.853688,-0.360174,-0.376154,14.7639,0.311654,0.225355,-0.923086,-2.29405,0,0,0,1</mat>
				</frame>
				<frame num='12'>
					<mat>0.41724,-0.905257,-0.0801327,35.9132,-0.853688,-0.360174,-0.376154,14.7639,0.311654,0.225355,-0.923086,-2.29405,0,0,0,1</mat>
				</frame>
				<frame num='13'>
					<mat>0.41724,-0.905257,-0.0801327,35.9132,-0.853688,-0.360174,-0.376154,14.7639,0.311654,0.225355,-0.923086,-2.29405,0,0,0,1</mat>
				</frame>
				<frame num='14'>
					<mat>0.41724,-0.905257,-0.0801327,35.9132,-0.853688,-0.360174,-0.376154,14.7639,0.311654,0.225355,-0.923086,-2.29405,0,0,0,1</mat>
				</frame>
			</track>
			<track id = '9' name='JNT_L_Flap1_tip'>
				<frame num='-1'>
					<mat>0.703533,-0.572838,0.420592,14.3477,0.64336,0.261985,-0.719342,53.5979,0.301878,0.776673,0.552856,-36.206,0,0,0,1</mat>
				</frame>
				<frame num='0'>
					<mat>0.725498,-0.559431,0.400862,14.4932,0.617853,0.272853,-0.737434,53.6666,0.303167,0.78268,0.5436,-36.3774,0,0,0,1</mat>
				</frame>
				<frame num='1'>
					<mat>0.933869,-0.233233,-0.271092,19.153,-0.0976814,0.562865,-0.820756,53.2172,0.344016,0.79296,0.50286,-40.9486,0,0,0,1</mat>
				</frame>
				<frame num='2'>
					<mat>0.740644,0.0622835,-0.669005,22.2295,-0.465115,0.766086,-0.443599,49.1073,0.484887,0.639713,0.596366,-46.3668,0,0,0,1</mat>
				</frame>
				<frame num='3'>
					<mat>0.133765,-0.167844,-0.976696,39.4047,-0.95103,-0.298861,-0.0788912,42.4666,-0.278655,0.93942,-0.199601,-13.6959,0,0,0,1</mat>
				</frame>
				<frame num='4'>
					<mat>-0.137851,-0.59047,-0.7952,40.5247,-0.462196,-0.671737,0.578917,13.1348,-0.875998,0.447343,-0.180313,-0.692484,0,0,0,1</mat>
				</frame>
				<frame num='5'>
					<mat>0.352692,-0.697871,-0.623365,22.7075,-0.638762,-0.666374,0.384616,22.0085,-0.683806,0.262531,-0.680798,2.87512,0,0,0,1</mat>
				</frame>
				<frame num='6'>
					<mat>-0.0373331,-0.379782,-0.924323,41.7179,-0.761218,-0.588453,0.272526,28.1895,-0.647421,0.713785,-0.267128,-3.55126,0,0,0,1</mat>
				</frame>
				<frame num='7'>
					<mat>-0.0336581,-0.376591,-0.925768,41.6658,-0.766338,-0.58488,0.265784,28.4916,-0.641555,0.718397,-0.26891,-3.64817,0,0,0,1</mat>
				</frame>
				<frame num='8'>
					<mat>-0.10347,-0.517945,-0.849133,41.1334,-0.549725,-0.681695,0.482798,17.4472,-0.828913,0.516745,-0.214193,-0.863011,0,0,0,1</mat>
				</frame>
				<frame num='9'>
					<mat>-0.0961038,-0.633373,-0.767856,38.5305,-0.363364,-0.695863,0.619468,9.40893,-0.926677,0.338545,-0.16327,-0.339107,0,0,0,1</mat>
				</frame>
				<frame num='10'>
					<mat>-0.0961038,-0.633373,-0.767856,38.5305,-0.363364,-0.695863,0.619468,9.40893,-0.926677,0.338545,-0.16327,-0.339107,0,0,0,1</mat>
				</frame>
				<frame num='11'>
					<mat>-0.0961038,-0.633373,-0.767856,38.5305,-0.363364,-0.695863,0.619468,9.40893,-0.926677,0.338545,-0.16327,-0.339107,0,0,0,1</mat>
				</frame>
				<frame num='12'>
					<mat>-0.0961038,-0.633373,-0.767856,38.5305,-0.363364,-0.695863,0.619468,9.40893,-0.926677,0.338545,-0.16327,-0.339107,0,0,0,1</mat>
				</frame>
				<frame num='13'>
					<mat>-0.0961038,-0.633373,-0.767856,38.5305,-0.363364,-0.695863,0.619468,9.40893,-0.926677,0.338545,-0.16327,-0.339107,0,0,0,1</mat>
				</frame>
				<frame num='14'>
					<mat>-0.0961038,-0.633373,-0.767856,38.5305,-0.363364,-0.695863,0.619468,9.40893,-0.926677,0.338545,-0.16327,-0.339107,0,0,0,1</mat>
				</frame>
			</track>
			<track id = '10' name='JNT_L_Flap2'>
				<frame num='-1'>
					<mat>0.186257,-0.979692,0.0742438,27.8927,0.632513,0.0617413,-0.772085,47.2242,0.751821,0.190766,0.631168,-23.8233,0,0,0,1</mat>
				</frame>
				<frame num='0'>
					<mat>0.190795,-0.978454,0.0788929,27.8928,0.666848,0.0702156,-0.741878,47.2681,0.720354,0.194157,0.665878,-24.0475,0,0,0,1</mat>
				</frame>
				<frame num='1'>
					<mat>0.039024,-0.981069,0.189686,27.892,0.979071,0.0754875,0.189003,47.756,-0.199744,0.178341,0.963482,-28.7874,0,0,0,1</mat>
				</frame>
				<frame num='2'>
					<mat>-0.245138,-0.957891,0.149508,27.8928,0.632246,-0.041045,0.773679,47.4321,-0.734964,0.284184,0.615685,-33.6131,0,0,0,1</mat>
				</frame>
				<frame num='3'>
					<mat>0.499717,-0.806129,0.316922,38.8646,0.839699,0.540638,0.0511534,31.6999,-0.212576,0.240556,0.947071,-8.45289,0,0,0,1</mat>
				</frame>
				<frame num='4'>
					<mat>0.815378,-0.576937,-0.0479877,34.2,0.373547,0.587629,-0.717742,3.77122,0.442291,0.567306,0.694653,-4.6954,0,0,0,1</mat>
				</frame>
				<frame num='5'>
					<mat>0.454937,-0.816671,-0.355079,19.8261,0.588881,0.574994,-0.567979,11.0876,0.66802,0.0492959,0.742508,-1.1416,0,0,0,1</mat>
				</frame>
				<frame num='6'>
					<mat>0.701258,-0.694076,0.162775,37.9604,0.686959,0.596841,-0.414569,16.807,0.190592,0.40254,0.895342,-3.39899,0,0,0,1</mat>
				</frame>
				<frame num='7'>
					<mat>0.697821,-0.696978,0.165129,37.9661,0.691944,0.596386,-0.406863,17.0917,0.185094,0.398177,0.89844,-3.40745,0,0,0,1</mat>
				</frame>
				<frame num='8'>
					<mat>0.781098,-0.623717,0.02939,35.6873,0.486935,0.578987,-0.653963,7.20778,0.390871,0.52512,0.755955,-3.89574,0,0,0,1</mat>
				</frame>
				<frame num='9'>
					<mat>0.796239,-0.59522,-0.108243,32.225,0.299222,0.542964,-0.784637,0.720521,0.525804,0.59237,0.610432,-5.67343,0,0,0,1</mat>
				</frame>
				<frame num='10'>
					<mat>0.796239,-0.59522,-0.108243,32.225,0.299222,0.542964,-0.784637,0.720521,0.525804,0.59237,0.610432,-5.67343,0,0,0,1</mat>
				</frame>
				<frame num='11'>
					<mat>0.796239,-0.59522,-0.108243,32.225,0.299222,0.542964,-0.784637,0.720521,0.525804,0.59237,0.610432,-5.67343,0,0,0,1</mat>
				</frame>
				<frame num='12'>
					<mat>0.796239,-0.59522,-0.108243,32.225,0.299222,0.542964,-0.784637,0.720521,0.525804,0.59237,0.610432,-5.67343,0,0,0,1</mat>
				</frame>
				<frame num='13'>
					<mat>0.796239,-0.59522,-0.108243,32.225,0.299222,0.542964,-0.784637,0.720521,0.525804,0.59237,0.610432,-5.67343,0,0,0,1</mat>
				</frame>
				<frame num='14'>
					<mat>0.796239,-0.59522,-0.108243,32.225,0.299222,0.542964,-0.784637,0.720521,0.525804,0.59237,0.610432,-5.67343,0,0,0,1</mat>
				</frame>
			</track>
			<track id = '11' name='JNT_L_Flap2_Tip'>
				<frame num='-1'>
					<mat>-0.075057,-0.707307,0.70291,29.077,0.771518,0.405399,0.490318,51.2461,-0.631764,0.57911,0.515272,-19.0428,0,0,0,1</mat>
				</frame>
				<frame num='0'>
					<mat>-0.0797096,-0.70374,0.705972,29.106,0.741284,0.431649,0.513982,51.5083,-0.666442,0.564295,0.487265,-19.4671,0,0,0,1</mat>
				</frame>
				<frame num='1'>
					<mat>-0.190359,-0.790908,0.581573,28.1401,-0.189892,0.610882,0.768612,53.9815,-0.963174,0.0358762,-0.266474,-30.0575,0,0,0,1</mat>
				</frame>
				<frame num='2'>
					<mat>-0.149894,-0.930856,0.333225,26.334,-0.774311,0.320096,0.545876,51.4523,-0.614796,-0.176196,-0.768753,-38.2865,0,0,0,1</mat>
				</frame>
				<frame num='3'>
					<mat>-0.317922,-0.387961,0.865108,42.0421,-0.0516078,0.918177,0.392794,37.0392,-0.946711,0.0802318,-0.311931,-9.80457,0,0,0,1</mat>
				</frame>
				<frame num='4'>
					<mat>0.0468325,-0.0212964,0.998676,39.3847,0.717764,0.696032,-0.0188166,6.14645,-0.694709,0.717695,0.0478827,-1.88305,0,0,0,1</mat>
				</frame>
				<frame num='5'>
					<mat>0.354113,-0.421774,0.834692,22.7188,0.567787,0.806165,0.166479,14.8321,-0.743116,0.414975,0.524952,3.10606,0,0,0,1</mat>
				</frame>
				<frame num='6'>
					<mat>-0.163897,-0.182255,0.969495,42.4194,0.414297,0.879194,0.235318,21.1751,-0.895263,0.440227,-0.0685892,-2.1871,0,0,0,1</mat>
				</frame>
				<frame num='7'>
					<mat>-0.166249,-0.186585,0.96827,42.4032,0.406586,0.881609,0.239694,21.4915,-0.898359,0.433534,-0.0707039,-2.23051,0,0,0,1</mat>
				</frame>
				<frame num='8'>
					<mat>-0.0305426,-0.0792502,0.996387,40.654,0.653871,0.752377,0.0798855,10.304,-0.755989,0.653949,0.0288399,-1.41035,0,0,0,1</mat>
				</frame>
				<frame num='9'>
					<mat>0.107094,-0.0471624,0.99313,37.288,0.784702,0.617402,-0.0552986,2.62315,-0.610552,0.785233,0.103128,-2.33006,0,0,0,1</mat>
				</frame>
				<frame num='10'>
					<mat>0.107094,-0.0471624,0.99313,37.288,0.784702,0.617402,-0.0552986,2.62315,-0.610552,0.785233,0.103128,-2.33006,0,0,0,1</mat>
				</frame>
				<frame num='11'>
					<mat>0.107094,-0.0471624,0.99313,37.288,0.784702,0.617402,-0.0552986,2.62315,-0.610552,0.785233,0.103128,-2.33006,0,0,0,1</mat>
				</frame>
				<frame num='12'>
					<mat>0.107094,-0.0471624,0.99313,37.288,0.784702,0.617402,-0.0552986,2.62315,-0.610552,0.785233,0.103128,-2.33006,0,0,0,1</mat>
				</frame>
				<frame num='13'>
					<mat>0.107094,-0.0471624,0.99313,37.288,0.784702,0.617402,-0.0552986,2.62315,-0.610552,0.785233,0.103128,-2.33006,0,0,0,1</mat>
				</frame>
				<frame num='14'>
