<?xml version='1.0' encoding='UTF-8' ?>
<itpanim>
	<skeleton count='30'>
		<joint id='0' name='JNT_Root' parent='-1'>
			<mat>6.12323e-017,1,-6.12323e-017,0,-1,6.12323e-017,6.12323e-017,0,6.12323e-017,6.12323e-017,1,0,0,0,0,1</mat>
		</joint>
		<joint id='1' name='JNT_COG' parent='0'>
			<mat>6.12323e-017,1,-6.12323e-017,-21.2473,-1,6.12323e-017,6.12323e-017,-1.30102e-015,6.12323e-017,6.12323e-017,1,7.96648e-032,0,0,0,1</mat>
		</joint>
		<joint id='2' name='JNT_Spine01' parent='1'>
			<mat>6.12323e-017,1,-6.12323e-017,-23.2595,-1,6.12323e-017,6.12323e-017,-1.42424e-015,6.12323e-017,6.12323e-017,1,8.72093e-032,0,0,0,1</mat>
		</joint>
		<joint id='3' name='JNT_Spine02' parent='2'>
			<mat>6.12323e-017,1,-6.12323e-017,-26.8784,-1,6.12323e-017,6.12323e-017,-1.64583e-015,6.12323e-017,6.12323e-017,1,1.00778e-031,0,0,0,1</mat>
		</joint>
		<joint id='4' name='JNT_Spine03' parent='3'>
			<mat>0.995753,0.0641037,0.0660864,-2.7303,-0.063963,0.997943,-0.00424511,-42.5043,-0.0662226,-3.98832e-015,0.997805,1.72474e-013,0,0,0,1</mat>
		</joint>
		<joint id='5' name='JNT_L_Shoulder' parent='4'>
			<mat>1,-5.76407e-016,-2.77556e-017,-24.4723,5.76407e-016,1,3.9968e-015,-44.1674,2.77556e-017,-3.9968e-015,1,-1.62419,0,0,0,1</mat>
		</joint>
		<joint id='6' name='JNT_L_Wrist' parent='5'>
			<mat>0.999472,-0.0314388,-0.00821328,-32.3452,0.0314378,0.999506,-0.000258344,-45.2066,0.00821734,1.19845e-014,0.999966,-1.90159,0,0,0,1</mat>
		</joint>
		<joint id='7' name='JNT_L_Hand' parent='6'>
			<mat>-0.0427715,0.464702,-0.884433,-16.5715,0.0224469,0.885467,0.46416,-40.4232,0.998833,-2.41879e-016,-0.0483039,-55.0289,0,0,0,1</mat>
		</joint>
		<joint id='8' name='JNT_L_Flap1' parent='7'>
			<mat>-0.0187014,0.43529,-0.900096,-25.3649,0.00904213,0.90029,0.435196,-40.5768,0.999784,-5.85113e-015,-0.0207726,-54.9072,0,0,0,1</mat>
		</joint>
		<joint id='9' name='JNT_L_Flap1_tip' parent='8'>
			<mat>1,3.45624e-016,-9.26342e-016,-54.6706,-3.45624e-016,1,-1.33227e-015,-50.3025,9.26342e-016,1.33227e-015,1,11.9586,0,0,0,1</mat>
		</joint>
		<joint id='10' name='JNT_L_Flap2' parent='7'>
			<mat>-0.000958298,0.560066,0.828447,-34.1649,0.000647851,0.828448,-0.560066,-35.3463,-0.999999,1.60441e-015,-0.00115674,54.6868,0,0,0,1</mat>
		</joint>
		<joint id='11' name='JNT_L_Flap2_Tip' parent='10'>
			<mat>1,-3.77816e-015,3.44776e-016,-54.6708,3.77816e-015,1,-1.05915e-013,-51.9784,-3.44776e-016,1.05915e-013,1,-13.8386,0,0,0,1</mat>
		</joint>
		<joint id='12' name='JNT_L_Flap3' parent='7'>
			<mat>-0.00501418,-0.996533,0.0830444,35.208,-0.0600607,0.0831957,0.994722,-1.60694,-0.998182,7.30039e-016,-0.0602697,54.7112,0,0,0,1</mat>
		</joint>
		<joint id='13' name='JNT_L_Flap3_Tip' parent='12'>
			<mat>1,-2.81936e-015,-2.6347e-014,-54.6602,2.81936e-015,1,-3.95239e-014,-28.9351,2.6347e-014,3.95239e-014,1,-2.49576,0,0,0,1</mat>
		</joint>
		<joint id='14' name='JNT_R_Shoulder' parent='4'>
			<mat>-1,1.45473e-015,-1.22465e-016,-24.4723,1.45473e-015,1,-1.22465e-016,-44.1674,1.22465e-016,-1.22465e-016,-1,1.62419,0,0,0,1</mat>
		</joint>
		<joint id='15' name='JNT_R_Wrist' parent='14'>
			<mat>-0.999472,-0.0314393,-0.00821364,-32.3452,-0.0314382,0.999506,-0.000258359,-45.2067,0.0082177,-4.55743e-013,-0.999966,1.90161,0,0,0,1</mat>
		</joint>
		<joint id='16' name='JNT_R_Hand' parent='15'>
			<mat>0.0427695,0.464698,-0.884436,-16.5714,-0.0224456,0.885469,0.464155,-40.4233,0.998833,1.45224e-016,0.0483015,55.0289,0,0,0,1</mat>
		</joint>
		<joint id='17' name='JNT_R_Flap1' parent='16'>
			<mat>0.0186999,0.435296,-0.900093,-25.3652,-0.00904155,0.900288,0.435202,-40.5766,0.999784,-3.65277e-015,0.0207711,54.9072,0,0,0,1</mat>
		</joint>
		<joint id='18' name='JNT_R_Flap1_tip' parent='17'>
			<mat>1,-9.05072e-015,-1.92207e-015,54.6706,-9.05072e-015,-1,2.68796e-013,50.3025,-1.92207e-015,-2.68796e-013,-1,-11.9586,0,0,0,1</mat>
		</joint>
		<joint id='19' name='JNT_R_Flap2' parent='16'>
			<mat>0.000959322,0.560071,0.828444,-34.165,-0.000648551,0.828444,-0.560071,-35.3461,-0.999999,-9.70491e-016,0.00115798,-54.6868,0,0,0,1</mat>
		</joint>
		<joint id='20' name='JNT_R_Flap2_Tip' parent='19'>
			<mat>1,1.28336e-015,-8.90347e-016,54.6708,1.28336e-015,-1,4.40659e-013,51.9784,-8.90347e-016,-4.40659e-013,-1,13.8386,0,0,0,1</mat>
		</joint>
		<joint id='21' name='JNT_R_Flap3' parent='16'>
			<mat>0.00501081,-0.996533,0.0830447,35.2078,0.0600204,0.0831957,0.994724,-1.60914,-0.998185,1.26897e-016,0.0602292,-54.7113,0,0,0,1</mat>
		</joint>
		<joint id='22' name='JNT_R_Flap3_Tip' parent='21'>
			<mat>1,-2.48358e-015,2.15106e-014,54.6602,-2.48358e-015,-1,4.78851e-013,28.9351,2.15106e-014,-4.78851e-013,-1,2.49576,0,0,0,1</mat>
		</joint>
		<joint id='23' name='JNT_Lid' parent='4'>
			<mat>1,-6.87429e-016,-1.38778e-016,2.61284e-014,6.87429e-016,1,3.9968e-015,-58.4099,1.38778e-016,-3.9968e-015,1,-1.24447,0,0,0,1</mat>
		</joint>
		<joint id='24' name='JNT_L_Hip' parent='1'>
			<mat>0.690854,-0.722995,4.42707e-017,6.23246,0.722995,0.690854,1.89298e-017,-15.8943,-4.42707e-017,1.89298e-017,1,9.73248e-016,0,0,0,1</mat>
		</joint>
		<joint id='25' name='JNT_L_Knee' parent='24'>
			<mat>0.196117,-0.980581,6.00432e-017,7.26493,0.980581,0.196117,4.92236e-017,-14.214,-6.00432e-017,4.92236e-017,1,8.70357e-016,0,0,0,1</mat>
		</joint>
		<joint id='26' name='JNT_L_Foot' parent='25'>
			<mat>1,2.498e-016,-2.76218e-032,-14.4955,2.498e-016,-1,1.22465e-016,-7.17369e-015,2.9699e-033,-1.22465e-016,-1,-3.59199e-031,0,0,0,1</mat>
		</joint>
		<joint id='27' name='JNT_R_Hip' parent='1'>
			<mat>-0.690854,-0.722995,3.16543e-017,6.23246,-0.722995,0.690854,-1.44139e-016,-15.8943,8.2343e-017,-1.22465e-016,-1,3.62249e-015,0,0,0,1</mat>
		</joint>
		<joint id='28' name='JNT_R_Knee' parent='27'>
			<mat>-0.196117,-0.980581,1.80103e-016,7.26493,-0.980581,0.196117,2.76066e-016,-14.214,-3.06026e-016,-1.22465e-016,-1,3.36444e-016,0,0,0,1</mat>
		</joint>
		<joint id='29' name='JNT_R_Foot' parent='28'>
			<mat>1,3.05311e-016,-8.0669e-017,14.4955,3.05311e-016,-1,1.22465e-016,4.42564e-015,-8.0669e-017,-1.22465e-016,-1,3.9491e-015,0,0,0,1</mat>
		</joint>
	</skeleton>
	<animations>
		<animation name='Take 001' length='27'>
			<track id = '0' name='JNT_Root'>
				<frame num='-1'>
					<mat>6.12323e-017,-1,6.12323e-017,0,1,6.12323e-017,6.12323e-017,0,-6.12323e-017,6.12323e-017,1,0,0,0,0,1</mat>
				</frame>
				<frame num='0'>
					<mat>6.12323e-017,-1,6.12323e-017,0,1,6.12323e-017,6.12323e-017,0,-6.12323e-017,6.12323e-017,1,0,0,0,0,1</mat>
				</frame>
				<frame num='1'>
					<mat>6.12323e-017,-1,6.12323e-017,0,1,6.12323e-017,6.12323e-017,0,-6.12323e-017,6.12323e-017,1,0,0,0,0,1</mat>
				</frame>
				<frame num='2'>
					<mat>6.12323e-017,-1,6.12323e-017,0,1,6.12323e-017,6.12323e-017,0,-6.12323e-017,6.12323e-017,1,0,0,0,0,1</mat>
				</frame>
				<frame num='3'>
					<mat>6.12323e-017,-1,6.12323e-017,0,1,6.12323e-017,6.12323e-017,0,-6.12323e-017,6.12323e-017,1,0,0,0,0,1</mat>
				</frame>
				<frame num='4'>
					<mat>6.12323e-017,-1,6.12323e-017,0,1,6.12323e-017,6.12323e-017,0,-6.12323e-017,6.12323e-017,1,0,0,0,0,1</mat>
				</frame>
				<frame num='5'>
					<mat>6.12323e-017,-1,6.12323e-017,0,1,6.12323e-017,6.12323e-017,0,-6.12323e-017,6.12323e-017,1,0,0,0,0,1</mat>
				</frame>
				<frame num='6'>
					<mat>6.12323e-017,-1,6.12323e-017,0,1,6.12323e-017,6.12323e-017,0,-6.12323e-017,6.12323e-017,1,0,0,0,0,1</mat>
				</frame>
				<frame num='7'>
					<mat>6.12323e-017,-1,6.12323e-017,0,1,6.12323e-017,6.12323e-017,0,-6.12323e-017,6.12323e-017,1,0,0,0,0,1</mat>
				</frame>
				<frame num='8'>
					<mat>6.12323e-017,-1,6.12323e-017,0,1,6.12323e-017,6.12323e-017,0,-6.12323e-017,6.12323e-017,1,0,0,0,0,1</mat>
				</frame>
				<frame num='9'>
					<mat>6.12323e-017,-1,6.12323e-017,0,1,6.12323e-017,6.12323e-017,0,-6.12323e-017,6.12323e-017,1,0,0,0,0,1</mat>
				</frame>
				<frame num='10'>
					<mat>6.12323e-017,-1,6.12323e-017,0,1,6.12323e-017,6.12323e-017,0,-6.12323e-017,6.12323e-017,1,0,0,0,0,1</mat>
				</frame>
				<frame num='11'>
					<mat>6.12323e-017,-1,6.12323e-017,0,1,6.12323e-017,6.12323e-017,0,-6.12323e-017,6.12323e-017,1,0,0,0,0,1</mat>
				</frame>
				<frame num='12'>
					<mat>6.12323e-017,-1,6.12323e-017,0,1,6.12323e-017,6.12323e-017,0,-6.12323e-017,6.12323e-017,1,0,0,0,0,1</mat>
				</frame>
				<frame num='13'>
					<mat>6.12323e-017,-1,6.12323e-017,0,1,6.12323e-017,6.12323e-017,0,-6.12323e-017,6.12323e-017,1,0,0,0,0,1</mat>
				</frame>
				<frame num='14'>
					<mat>6.12323e-017,-1,6.12323e-017,0,1,6.12323e-017,6.12323e-017,0,-6.12323e-017,6.12323e-017,1,0,0,0,0,1</mat>
				</frame>
				<frame num='15'>
					<mat>6.12323e-017,-1,6.12323e-017,0,1,6.12323e-017,6.12323e-017,0,-6.12323e-017,6.12323e-017,1,0,0,0,0,1</mat>
				</frame>
				<frame num='16'>
					<mat>6.12323e-017,-1,6.12323e-017,0,1,6.12323e-017,6.12323e-017,0,-6.12323e-017,6.12323e-017,1,0,0,0,0,1</mat>
				</frame>
				<frame num='17'>
					<mat>6.12323e-017,-1,6.12323e-017,0,1,6.12323e-017,6.12323e-017,0,-6.12323e-017,6.12323e-017,1,0,0,0,0,1</mat>
				</frame>
				<frame num='18'>
					<mat>6.12323e-017,-1,6.12323e-017,0,1,6.12323e-017,6.12323e-017,0,-6.12323e-017,6.12323e-017,1,0,0,0,0,1</mat>
				</frame>
				<frame num='19'>
					<mat>6.12323e-017,-1,6.12323e-017,0,1,6.12323e-017,6.12323e-017,0,-6.12323e-017,6.12323e-017,1,0,0,0,0,1</mat>
				</frame>
				<frame num='20'>
					<mat>6.12323e-017,-1,6.12323e-017,0,1,6.12323e-017,6.12323e-017,0,-6.12323e-017,6.12323e-017,1,0,0,0,0,1</mat>
				</frame>
				<frame num='21'>
					<mat>6.12323e-017,-1,6.12323e-017,0,1,6.12323e-017,6.12323e-017,0,-6.12323e-017,6.12323e-017,1,0,0,0,0,1</mat>
				</frame>
				<frame num='22'>
					<mat>6.12323e-017,-1,6.12323e-017,0,1,6.12323e-017,6.12323e-017,0,-6.12323e-017,6.12323e-017,1,0,0,0,0,1</mat>
				</frame>
				<frame num='23'>
					<mat>6.12323e-017,-1,6.12323e-017,0,1,6.12323e-017,6.12323e-017,0,-6.12323e-017,6.12323e-017,1,0,0,0,0,1</mat>
				</frame>
				<frame num='24'>
					<mat>6.12323e-017,-1,6.12323e-017,0,1,6.12323e-017,6.12323e-017,0,-6.12323e-017,6.12323e-017,1,0,0,0,0,1</mat>
				</frame>
				<frame num='25'>
					<mat>6.12323e-017,-1,6.12323e-017,0,1,6.12323e-017,6.12323e-017,0,-6.12323e-017,6.12323e-017,1,0,0,0,0,1</mat>
				</frame>
			</track>
			<track id = '1' name='JNT_COG'>
				<frame num='-1'>
					<mat>6.08969e-017,-1,7.60718e-017,-4.54273e-015,0.994522,5.26116e-017,-0.104528,28.2476,0.104528,8.20205e-017,0.994522,-0.0027387,0,0,0,1</mat>
				</frame>
				<frame num='0'>
					<mat>6.11979e-017,-1,6.29793e-017,-4.38283e-015,0.999437,5.90498e-017,-0.0335593,26.82,0.0335593,6.49975e-017,0.999437,-1.14057,0,0,0,1</mat>
				</frame>
				<frame num='1'>
					<mat>5.50248e-017,-1,2.03848e-017,-3.40297e-015,0.898624,5.83898e-017,0.43872,15.4262,-0.43872,-5.82226e-018,0.898624,-15.0616,0,0,0,1</mat>
				</frame>
				<frame num='2'>
					<mat>5.44097e-017,-1,3.63437e-017,-3.12773e-015,0.888578,6.50191e-017,0.458725,12.5387,-0.458725,7.33511e-018,0.888578,-18.1497,0,0,0,1</mat>
				</frame>
				<frame num='3'>
					<mat>5.16042e-017,-1,-2.08344e-017,-3.55662e-015,0.84276,3.2275e-017,0.53829,14.6881,-0.53829,-4.53363e-017,0.84276,-19.5092,0,0,0,1</mat>
				</frame>
				<frame num='4'>
					<mat>4.9704e-017,-1,-5.61567e-017,-3.99619e-015,0.811729,7.54874e-018,0.584035,17.0723,-0.584035,-7.46129e-017,0.811729,-20.4263,0,0,0,1</mat>
				</frame>
				<frame num='5'>
					<mat>5.1122e-017,-1,-6.63344e-018,-3.76199e-015,0.834885,3.90298e-017,0.550424,15.9606,-0.550424,-3.36769e-017,0.834885,-19.5211,0,0,0,1</mat>
				</frame>
				<frame num='6'>
					<mat>5.24548e-017,-1,3.64546e-017,-3.52723e-015,0.856651,6.37422e-017,0.515896,14.8455,-0.515896,4.1677e-018,0.856651,-18.6159,0,0,0,1</mat>
				</frame>
				<frame num='7'>
					<mat>5.25173e-017,-1,4.05016e-017,-3.51348e-015,0.857672,6.58684e-017,0.514197,14.7767,-0.514197,7.73284e-018,0.857672,-18.572,0,0,0,1</mat>
				</frame>
				<frame num='8'>
					<mat>5.25173e-017,-1,4.05016e-017,-3.51224e-015,0.857672,6.58684e-017,0.514197,14.769,-0.514197,7.73284e-018,0.857672,-18.572,0,0,0,1</mat>
				</frame>
				<frame num='9'>
					<mat>5.25173e-017,-1,4.05016e-017,-3.51156e-015,0.857672,6.58684e-017,0.514197,14.7648,-0.514197,7.73284e-018,0.857672,-18.572,0,0,0,1</mat>
				</frame>
				<frame num='10'>
					<mat>5.25173e-017,-1,4.05016e-017,-3.51123e-015,0.857672,6.58684e-017,0.514197,14.7627,-0.514197,7.73284e-018,0.857672,-18.572,0,0,0,1</mat>
				</frame>
				<frame num='11'>
					<mat>5.25173e-017,-1,4.05016e-017,-3.51098e-015,0.857672,6.58684e-017,0.514197,14.7612,-0.514197,7.73284e-018,0.857672,-18.572,0,0,0,1</mat>
				</frame>
				<frame num='12'>
					<mat>5.25173e-017,-1,4.05016e-017,-3.51063e-015,0.857672,6.58684e-017,0.514197,14.7589,-0.514197,7.73284e-018,0.857672,-18.572,0,0,0,1</mat>
				</frame>
				<frame num='13'>
					<mat>5.25173e-017,-1,4.05016e-017,-3.51025e-015,0.857672,6.58684e-017,0.514197,14.7566,-0.514197,7.73284e-018,0.857672,-18.572,0,0,0,1</mat>
				</frame>
				<frame num='14'>
					<mat>5.25173e-017,-1,4.05016e-017,-3.51e-015,0.857672,6.58684e-017,0.514197,14.755,-0.514197,7.73284e-018,0.857672,-18.572,0,0,0,1</mat>
				</frame>
				<frame num='15'>
					<mat>5.25173e-017,-1,4.05016e-017,-3.50981e-015,0.857672,6.58684e-017,0.514197,14.7539,-0.514197,7.73284e-018,0.857672,-18.572,0,0,0,1</mat>
				</frame>
				<frame num='16'>
					<mat>5.25173e-017,-1,4.05016e-017,-3.50968e-015,0.857672,6.58684e-017,0.514197,14.753,-0.514197,7.73284e-018,0.857672,-18.572,0,0,0,1</mat>
				</frame>
				<frame num='17'>
					<mat>5.25173e-017,-1,4.05016e-017,-3.50956e-015,0.857672,6.58684e-017,0.514197,14.7523,-0.514197,7.73284e-018,0.857672,-18.572,0,0,0,1</mat>
				</frame>
				<frame num='18'>
					<mat>5.25173e-017,-1,4.05016e-017,-3.50943e-015,0.857672,6.58684e-017,0.514197,14.7515,-0.514197,7.73284e-018,0.857672,-18.572,0,0,0,1</mat>
				</frame>
				<frame num='19'>
					<mat>5.25173e-017,-1,4.05016e-017,-3.50926e-015,0.857672,6.58684e-017,0.514197,14.7504,-0.514197,7.73284e-018,0.857672,-18.572,0,0,0,1</mat>
				</frame>
				<frame num='20'>
					<mat>5.33314e-017,-1,-1.85181e-017,-3.50925e-015,0.870968,3.73512e-017,0.49134,14.7501,-0.49134,-4.23326e-017,0.870968,-18.5727,0,0,0,1</mat>
				</frame>
				<frame num='21'>
					<mat>5.50126e-017,-1,5.17085e-018,-3.50924e-015,0.898423,5.16952e-017,0.43913,14.7495,-0.43913,-1.95121e-017,0.898423,-18.5742,0,0,0,1</mat>
				</frame>
				<frame num='22'>
					<mat>5.65023e-017,-1,1.47469e-018,-3.50924e-015,0.922753,5.2706e-017,0.385393,14.7489,-0.385393,-2.04148e-017,0.922753,-18.5757,0,0,0,1</mat>
				</frame>
				<frame num='23'>
					<mat>5.71065e-017,-1,-1.31937e-020,-3.50924e-015,0.93262,5.32539e-017,0.36086,14.7487,-0.36086,-2.06197e-017,0.93262,-18.5764,0,0,0,1</mat>
				</frame>
				<frame num='24'>
					<mat>5.71065e-017,-1,-1.31937e-020,-3.50924e-015,0.93262,5.32539e-017,0.36086,14.7487,-0.36086,-2.06197e-017,0.93262,-18.5764,0,0,0,1</mat>
				</frame>
				<frame num='25'>
					<mat>5.71065e-017,-1,-1.31937e-020,-3.50924e-015,0.93262,5.32539e-017,0.36086,14.7487,-0.36086,-2.06197e-017,0.93262,-18.5764,0,0,0,1</mat>
				</frame>
			</track>
			<track id = '2' name='JNT_Spine01'>
				<frame num='-1'>
					<mat>6.04785e-017,-1,3.64379e-017,-4.85192e-015,0.987688,6.5434e-017,0.156434,30.2488,-0.156434,2.65284e-017,0.987688,0.207593,0,0,0,1</mat>
				</frame>
				<frame num='0'>
					<mat>6.09899e-017,-1,4.34643e-017,-4.69475e-015,0.99604,6.46124e-017,0.0889012,28.8311,-0.0889012,3.78702e-017,0.99604,-1.07304,0,0,0,1</mat>
				</frame>
				<frame num='1'>
					<mat>6.11263e-017,-1,7.03061e-017,-3.76361e-015,0.998269,6.51557e-017,0.0588172,17.2344,-0.0588172,6.65891e-017,0.998269,-15.9444,0,0,0,1</mat>
				</frame>
				<frame num='2'>
					<mat>5.49553e-017,-1,3.88965e-017,-3.49535e-015,0.897487,6.64766e-017,0.44104,14.3267,-0.44104,1.06716e-017,0.897487,-19.0727,0,0,0,1</mat>
				</frame>
				<frame num='3'>
					<mat>5.24587e-017,-1,-1.78943e-017,-3.90326e-015,0.856715,3.57124e-017,0.51579,16.3839,-0.51579,-4.2388e-017,0.856715,-20.5923,0,0,0,1</mat>
				</frame>
				<frame num='4'>
					<mat>5.13518e-017,-1,-4.87872e-017,-4.16701e-015,0.838639,1.64918e-017,0.544688,18.7057,-0.544688,-6.88856e-017,0.838639,-21.6015,0,0,0,1</mat>
				</frame>
				<frame num='5'>
					<mat>5.35788e-017,-1,-2.04709e-018,-4.01889e-015,0.875008,4.58909e-017,0.484108,17.6406,-0.484108,-2.77292e-017,0.875008,-20.6287,0,0,0,1</mat>
				</frame>
				<frame num='6'>
					<mat>5.53273e-017,-1,4.90279e-017,-3.86807e-015,0.903563,7.09979e-017,0.428455,16.5692,-0.428455,2.05946e-017,0.903563,-19.654,0,0,0,1</mat>
				</frame>
				<frame num='7'>
					<mat>5.52927e-017,-1,4.84168e-017,-3.88816e-015,0.902998,7.07312e-017,0.429645,16.5025,-0.429645,1.9964e-017,0.902998,-19.6067,0,0,0,1</mat>
				</frame>
				<frame num='8'>
					<mat>5.49096e-017,-1,4.93087e-017,-3.88692e-015,0.896741,7.10615e-017,0.442555,16.4948,-0.442555,1.99166e-017,0.896741,-19.6067,0,0,0,1</mat>
				</frame>
				<frame num='9'>
					<mat>5.43664e-017,-1,4.92502e-017,-3.88624e-015,0.88787,7.093e-017,0.460094,16.4906,-0.460094,1.87141e-017,0.88787,-19.6067,0,0,0,1</mat>
				</frame>
				<frame num='10'>
					<mat>5.38022e-017,-1,4.56299e-017,-3.88591e-015,0.878656,6.90599e-017,0.477455,16.4885,-0.477455,1.44049e-017,0.878656,-19.6067,0,0,0,1</mat>
				</frame>
				<frame num='11'>
					<mat>5.33773e-017,-1,4.4038e-017,-3.88566e-015,0.871717,6.81089e-017,0.49001,16.487,-0.49001,1.22333e-017,0.871717,-19.6067,0,0,0,1</mat>
				</frame>
				<frame num='12'>
					<mat>5.33037e-017,-1,4.35349e-017,-3.88531e-015,0.870516,6.7827e-017,0.49214,16.4848,-0.49214,1.1665e-017,0.870516,-19.6067,0,0,0,1</mat>
				</frame>
				<frame num='13'>
					<mat>5.45458e-017,-1,4.50392e-017,-3.88493e-015,0.890801,6.9055e-017,0.454394,16.4824,-0.454394,1.53356e-017,0.890801,-19.6067,0,0,0,1</mat>
				</frame>
				<frame num='14'>
					<mat>5.62171e-017,-1,5.64431e-017,-3.88468e-015,0.918095,7.39845e-017,0.39636,16.4808,-0.39636,2.95379e-017,0.918095,-19.6067,0,0,0,1</mat>
				</frame>
				<frame num='15'>
					<mat>5.69719e-017,-1,5.75136e-017,-3.88449e-015,0.930421,7.40861e-017,0.366492,16.4797,-0.366492,3.26321e-017,0.930421,-19.6067,0,0,0,1</mat>
				</frame>
				<frame num='16'>
					<mat>5.69719e-017,-1,5.75136e-017,-3.88436e-015,0.930421,7.40861e-017,0.366492,16.4788,-0.366492,3.26321e-017,0.930421,-19.6067,0,0,0,1</mat>
				</frame>
				<frame num='17'>
					<mat>5.69719e-017,-1,5.75136e-017,-3.88424e-015,0.930421,7.40861e-017,0.366492,16.4781,-0.366492,3.26321e-017,0.930421,-19.6067,0,0,0,1</mat>
				</frame>
				<frame num='18'>
					<mat>5.69719e-017,-1,5.75136e-017,-3.88411e-015,0.930421,7.40861e-017,0.366492,16.4773,-0.366492,3.26321e-017,0.930421,-19.6067,0,0,0,1</mat>
				</frame>
				<frame num='19'>
					<mat>5.69719e-017,-1,5.75136e-017,-3.88394e-015,0.930421,7.40861e-017,0.366492,16.4762,-0.366492,3.26321e-017,0.930421,-19.6067,0,0,0,1</mat>
				</frame>
				<frame num='20'>
					<mat>5.72706e-017,-1,3.28178e-018,-3.8537e-015,0.9353,5.47264e-017,0.353857,16.5027,-0.353857,-1.71961e-017,0.9353,-19.5614,0,0,0,1</mat>
				</frame>
				<frame num='21'>
					<mat>5.78991e-017,-1,2.09001e-017,-3.86261e-015,0.945563,6.15489e-017,0.325438,16.5573,-0.325438,9.19833e-019,0.945563,-19.4578,0,0,0,1</mat>
				</frame>
				<frame num='22'>
					<mat>5.84747e-017,-1,4.20631e-018,-3.85689e-015,0.954964,5.70893e-017,0.296722,16.6056,-0.296722,-1.33338e-017,0.954964,-19.3512,0,0,0,1</mat>
				</frame>
				<frame num='23'>
					<mat>5.87154e-017,-1,2.72121e-018,-3.85484e-015,0.958895,5.70741e-017,0.283761,16.6253,-0.283761,-1.40518e-017,0.958895,-19.3026,0,0,0,1</mat>
				</frame>
				<frame num='24'>
					<mat>5.87154e-017,-1,2.72121e-018,-3.85484e-015,0.958895,5.70741e-017,0.283761,16.6253,-0.283761,-1.40518e-017,0.958895,-19.3026,0,0,0,1</mat>
				</frame>
				<frame num='25'>
					<mat>5.87154e-017,-1,2.72121e-018,-3.85484e-015,0.958895,5.70741e-017,0.283761,16.6253,-0.283761,-1.40518e-017,0.958895,-19.3026,0,0,0,1</mat>
				</frame>
			</track>
			<track id = '3' name='JNT_Spine02'>
				<frame num='-1'>
					<mat>6.07759e-017,-1,4.7225e-017,-5.46072e-015,0.992546,5.45676e-017,-0.121869,33.8231,0.121869,5.42797e-017,0.992546,-0.358525,0,0,0,1</mat>
				</frame>
				<frame num='0'>
					<mat>6.04153e-017,-1,5.46887e-017,-5.23877e-015,0.986656,5.07048e-017,-0.162818,32.4356,0.162818,6.37956e-017,0.986656,-1.39476,0,0,0,1</mat>
				</frame>
				<frame num='1'>
					<mat>6.10445e-017,-1,7.26086e-017,-4.33006e-015,0.996932,6.65407e-017,0.0782758,20.847,-0.0782758,6.76075e-017,0.996932,-16.1573,0,0,0,1</mat>
				</frame>
				<frame num='2'>
					<mat>5.27397e-017,-1,2.98631e-017,-4.15431e-015,0.861305,6.05981e-017,0.508087,17.5746,-0.508087,-1.07519e-018,0.861305,-20.6688,0,0,0,1</mat>
				</frame>
				<frame num='3'>
					<mat>5.39575e-017,-1,-1.23103e-017,-4.5287e-015,0.881194,4.17272e-017,0.472756,19.4843,-0.472756,-3.63565e-017,0.881194,-22.4589,0,0,0,1</mat>
				</frame>
				<frame num='4'>
					<mat>5.958e-017,-1,-2.37871e-018,-4.47302e-015,0.973015,5.74234e-017,0.230741,21.7406,-0.230741,-1.60621e-017,0.973015,-23.5726,0,0,0,1</mat>
				</frame>
				<frame num='5'>
					<mat>6.01085e-017,-1,3.33375e-017,-4.47492e-015,0.981647,5.26475e-017,-0.190709,20.8071,0.190709,4.41889e-017,0.981647,-22.3806,0,0,0,1</mat>
				</frame>
				<frame num='6'>
					<mat>2.47721e-016,-1,7.30815e-017,-4.46548e-015,0.874484,1.81179e-016,-0.485055,19.8391,0.485055,1.84067e-016,0.874484,-21.2045,0,0,0,1</mat>
				</frame>
				<frame num='7'>
					<mat>5.33924e-017,-1,1.83796e-016,-4.54963e-015,0.871965,-4.34243e-017,-0.489569,19.7704,0.489569,1.86403e-016,0.871965,-21.1615,0,0,0,1</mat>
				</frame>
				<frame num='8'>
					<mat>5.42305e-017,-1,1.29218e-016,-4.55014e-015,0.885651,-1.19735e-017,-0.464352,19.74,0.464352,1.39624e-016,0.885651,-21.2082,0,0,0,1</mat>
				</frame>
				<frame num='9'>
					<mat>5.5306e-017,-1,1.79531e-016,-4.55211e-015,0.903215,-2.70993e-017,-0.429188,19.7037,0.429188,1.85892e-016,0.903215,-21.2717,0,0,0,1</mat>
				</frame>
				<frame num='10'>
					<mat>5.62961e-017,-1,1.77173e-016,-4.55461e-015,0.919384,-1.79351e-017,-0.39336,19.6682,0.39336,1.85035e-016,0.919384,-21.3345,0,0,0,1</mat>
				</frame>
				<frame num='11'>
					<mat>5.69639e-017,-1,1.69284e-016,-4.55621e-015,0.930291,-9.1044e-018,-0.366823,19.6416,0.366823,1.78379e-016,0.930291,-21.3799,0,0,0,1</mat>
				</frame>
				<frame num='12'>
					<mat>5.7073e-017,-1,1.5915e-016,-4.55615e-015,0.932073,-4.45906e-018,-0.36227,19.635,0.36227,1.69015e-016,0.932073,-21.3876,0,0,0,1</mat>
				</frame>
				<frame num='13'>
					<mat>5.49646e-017,-1,1.40804e-016,-4.55058e-015,0.89764,-1.27181e-017,-0.440729,19.7061,0.440729,1.50616e-016,0.89764,-21.2511,0,0,0,1</mat>
				</frame>
				<frame num='14'>
					<mat>2.36219e-016,-1,1.04228e-016,-4.53927e-015,0.833879,1.39449e-016,-0.551948,19.8033,0.551948,2.17294e-016,0.833879,-21.041,0,0,0,1</mat>
				</frame>
				<frame num='15'>
					<mat>4.87711e-017,-1,1.42028e-016,-4.53372e-015,0.796493,-4.7031e-017,-0.604648,19.8468,0.604648,1.42614e-016,0.796493,-20.9329,0,0,0,1</mat>
				</frame>
				<frame num='16'>
					<mat>4.87711e-017,-1,1.42028e-016,-4.53358e-015,0.796493,-4.7031e-017,-0.604648,19.8459,0.604648,1.42614e-016,0.796493,-20.9329,0,0,0,1</mat>
				</frame>
				<frame num='17'>
					<mat>4.87711e-017,-1,1.42028e-016,-4.53347e-015,0.796493,-4.7031e-017,-0.604648,19.8452,0.604648,1.42614e-016,0.796493,-20.9329,0,0,0,1</mat>
				</frame>
				<frame num='18'>
					<mat>4.87711e-017,-1,1.42028e-016,-4.53334e-015,0.796493,-4.7031e-017,-0.604648,19.8444,0.604648,1.42614e-016,0.796493,-20.9329,0,0,0,1</mat>
				</frame>
				<frame num='19'>
					<mat>4.87711e-017,-1,1.42028e-016,-4.53316e-015,0.796493,-4.7031e-017,-0.604648,19.8433,0.604648,1.42614e-016,0.796493,-20.9329,0,0,0,1</mat>
				</frame>
				<frame num='20'>
					<mat>5.09197e-017,-1,1.47753e-016,-4.47852e-015,0.831582,-3.97183e-017,-0.555402,19.8874,0.555402,1.5115e-016,0.831582,-20.8419,0,0,0,1</mat>
				</frame>
				<frame num='21'>
					<mat>5.50317e-017,-1,1.26466e-016,-4.49415e-015,0.898735,-5.99542e-018,-0.438491,19.9791,0.438491,1.37791e-016,0.898735,-20.6356,0,0,0,1</mat>
				</frame>
				<frame num='22'>
					<mat>5.81433e-017,-1,8.59763e-017,-4.48216e-015,0.949552,2.82471e-017,-0.31361,20.0616,0.31361,9.98732e-017,0.949552,-20.425,0,0,0,1</mat>
				</frame>
				<frame num='23'>
					<mat>5.91976e-017,-1,2.72245e-017,-4.47675e-015,0.966771,5.02707e-017,-0.255645,20.0954,0.255645,4.14535e-017,0.966771,-20.3295,0,0,0,1</mat>
				</frame>
				<frame num='24'>
					<mat>5.91976e-017,-1,2.72245e-017,-4.47675e-015,0.966771,5.02707e-017,-0.255645,20.0954,0.255645,4.14535e-017,0.966771,-20.3295,0,0,0,1</mat>
				</frame>
				<frame num='25'>
					<mat>5.91976e-017,-1,2.72245e-017,-4.47675e-015,0.966771,5.02707e-017,-0.255645,20.0954,0.255645,4.14535e-017,0.966771,-20.3295,0,0,0,1</mat>
				</frame>
			</track>
			<track id = '4' name='JNT_Spine03'>
				<frame num='-1'>
					<mat>0.995753,-0.063963,-0.0662226,-7.92296e-015,0.0696196,0.993776,0.0869644,49.4195,0.0602479,-0.0912054,0.994008,1.55647,0,0,0,1</mat>
				</frame>
				<frame num='0'>
					<mat>0.995816,-0.0635233,-0.0656853,-7.40978e-015,0.0631835,0.997976,-0.00724031,47.9394,0.0660123,0.00305979,0.997814,1.16368,0,0,0,1</mat>
				</frame>
				<frame num='1'>
					<mat>0.995838,-0.0633154,-0.0655569,-6.80789e-015,0.0681754,0.994868,0.0747631,36.5123,0.0604868,-0.0789213,0.995044,-17.3872,0,0,0,1</mat>
				</frame>
				<frame num='2'>
					<mat>0.995742,-0.0640253,-0.0663144,-7.04754e-015,0.0921635,0.70438,0.703814,31.1087,0.0016486,-0.70693,0.707282,-28.6526,0,0,0,1</mat>
				</frame>
				<frame num='3'>
					<mat>0.995753,-0.063963,-0.0662226,-7.25807e-015,0.0919324,0.729919,0.677323,33.3309,0.00501354,-0.680534,0.732699,-29.8875,0,0,0,1</mat>
				</frame>
				<frame num='4'>
					<mat>0.995753,-0.063963,-0.0662226,-5.75069e-015,0.0875657,0.880139,0.466569,37.0301,0.028442,-0.470387,0.882002,-27.1984,0,0,0,1</mat>
				</frame>
				<frame num='5'>
					<mat>0.996284,-0.0571404,-0.0644518,-5.35342e-015,0.0611542,0.996193,0.0621237,36.2322,0.0606567,-0.0658344,0.995985,-19.3839,0,0,0,1</mat>
				</frame>
				<frame num='6'>
					<mat>0.997922,-0.0295489,-0.0572668,-4.06485e-015,0.0144682,0.968722,-0.247727,33.5803,0.0627956,0.246383,0.967136,-13.5826,0,0,0,1</mat>
				</frame>
				<frame num='7'>
					<mat>0.995429,-0.0678264,-0.0672426,-5.95582e-015,0.0489508,0.966852,-0.250601,33.472,0.082011,0.246164,0.965752,-13.4687,0,0,0,1</mat>
				</frame>
				<frame num='8'>
					<mat>0.991661,-0.103224,-0.0771601,-6.30195e-015,0.084928,0.97375,-0.211182,33.6566,0.0969337,0.202868,0.974397,-13.9116,0,0,0,1</mat>
				</frame>
				<frame num='9'>
					<mat>0.997369,-0.0414815,-0.0594509,-5.98869e-015,0.0321995,0.988258,-0.149361,33.8963,0.0649486,0.147054,0.986994,-14.5276,0,0,0,1</mat>
				</frame>
				<frame num='10'>
					<mat>0.996335,-0.056837,-0.0639282,-7.41753e-015,0.0508351,0.994471,-0.0918842,34.115,0.0687972,0.0882976,0.993716,-15.1534,0,0,0,1</mat>
				</frame>
				<frame num='11'>
					<mat>0.990175,-0.112768,-0.0826816,-6.13426e-015,0.108619,0.992665,-0.0530849,34.2597,0.0880614,0.0435826,0.995161,-15.6159,0,0,0,1</mat>
				</frame>
				<frame num='12'>
					<mat>0.998213,-0.0266762,-0.053467,-6.20568e-015,0.0245485,0.998896,-0.0400642,34.2812,0.0544767,0.0386801,0.997766,-15.6951,0,0,0,1</mat>
				</frame>
				<frame num='13'>
					<mat>0.998012,-0.0290581,-0.0559276,-5.67802e-015,0.0193022,0.985654,-0.167671,33.8112,0.0599974,0.166258,0.984255,-14.3257,0,0,0,1</mat>
				</frame>
				<frame num='14'>
					<mat>0.996782,-0.0495909,-0.0629756,-2.82318e-015,0.0241674,0.93502,-0.35377,32.9064,0.0764272,0.35111,0.93321,-12.368,0,0,0,1</mat>
				</frame>
				<frame num='15'>
					<mat>0.995753,-0.063963,-0.0662226,-6.12314e-015,0.0280818,0.895997,-0.443172,32.3624,0.0876819,0.43943,0.893987,-11.4318,0,0,0,1</mat>
				</frame>
				<frame num='16'>
					<mat>0.997609,-0.0336119,-0.0603853,-6.123e-015,0.00349812,0.8972,-0.441611,32.3616,0.069021,0.440344,0.895172,-11.4318,0,0,0,1</mat>
				</frame>
				<frame num='17'>
					<mat>0.998098,-0.0210463,-0.057951,-6.12289e-015,-0.00668093,0.897479,-0.441007,32.3609,0.0612914,0.440555,0.895631,-11.4318,0,0,0,1</mat>
				</frame>
				<frame num='18'>
					<mat>0.996927,-0.0466868,-0.0629073,-6.12276e-015,0.0140891,0.896774,-0.442265,32.3601,0.0770616,0.44002,0.894675,-11.4318,0,0,0,1</mat>
				</frame>
				<frame num='19'>
					<mat>0.995753,-0.063963,-0.0662226,-6.12258e-015,0.0280818,0.895997,-0.443172,32.359,0.0876819,0.43943,0.893987,-11.4318,0,0,0,1</mat>
				</frame>
				<frame num='20'>
					<mat>0.995755,-0.0639484,-0.0662083,-6.27262e-015,0.0286408,0.898817,-0.437388,32.9545,0.0874794,0.433635,0.896832,-12.1147,0,0,0,1</mat>
				</frame>
				<frame num='21'>
					<mat>0.995755,-0.0639435,-0.0662023,-6.40573e-015,0.0298965,0.904972,-0.424419,34.1014,0.08705,0.420638,0.903043,-13.7453,0,0,0,1</mat>
				</frame>
				<frame num='22'>
					<mat>0.995755,-0.0639492,-0.0662075,-6.79075e-015,0.0311511,0.91094,-0.41136,34.9823,0.0866172,0.407551,0.909065,-15.4971,0,0,0,1</mat>
				</frame>
				<frame num='23'>
					<mat>0.995753,-0.063963,-0.0662226,-7.05498e-015,0.0317165,0.913554,-0.405479,35.2867,0.0864336,0.401656,0.911703,-16.3124,0,0,0,1</mat>
				</frame>
				<frame num='24'>
					<mat>0.995753,-0.063963,-0.0662226,-7.05498e-015,0.0317165,0.913554,-0.405479,35.2867,0.0864336,0.401656,0.911703,-16.3124,0,0,0,1</mat>
				</frame>
				<frame num='25'>
					<mat>0.995753,-0.063963,-0.0662226,-7.05498e-015,0.0317165,0.913554,-0.405479,35.2867,0.0864336,0.401656,0.911703,-16.3124,0,0,0,1</mat>
				</frame>
			</track>
			<track id = '5' name='JNT_L_Shoulder'>
				<frame num='-1'>
					<mat>0.146741,0.819152,-0.554489,24.4723,-0.954263,0.264841,0.138715,51.1305,0.26048,0.508773,0.820549,3.03716,0,0,0,1</mat>
				</frame>
				<frame num='0'>
					<mat>0.151743,0.821663,-0.549403,24.4739,-0.974768,0.216462,0.0545039,49.4923,0.163709,0.52727,0.833778,2.78604,0,0,0,1</mat>
				</frame>
				<frame num='1'>
					<mat>0.252924,0.872568,-0.417917,24.4744,-0.964184,0.262991,-0.0344292,38.1878,0.0798666,0.411657,0.907832,-15.9007,0,0,0,1</mat>
				</frame>
				<frame num='2'>
					<mat>0.322518,0.934944,-0.147857,24.4721,-0.851829,0.354792,0.385371,33.3738,0.412759,0.00165993,0.910839,-28.6121,0,0,0,1</mat>
				</frame>
				<frame num='3'>
					<mat>0.25804,0.962483,0.0839132,24.4723,-0.960893,0.246636,0.125915,35.5903,0.100495,-0.113123,0.988486,-29.7643,0,0,0,1</mat>
				</frame>
				<frame num='4'>
					<mat>0.218118,0.965333,0.143379,24.4723,-0.949032,0.244056,-0.199436,39.1821,-0.227515,-0.0925708,0.969365,-26.4994,0,0,0,1</mat>
				</frame>
				<frame num='5'>
					<mat>0.263785,0.964405,0.0184379,24.4854,-0.902713,0.253556,-0.347589,37.7352,-0.339892,0.0750447,0.937466,-17.8931,0,0,0,1</mat>
				</frame>
				<frame num='6'>
					<mat>0.239899,0.964155,-0.113371,24.5256,-0.904895,0.179789,-0.385798,33.9358,-0.351586,0.195141,0.915591,-12.0393,0,0,0,1</mat>
				</frame>
				<frame num='7'>
					<mat>0.276189,0.953043,-0.12421,24.4644,-0.901143,0.211854,-0.37823,34.675,-0.334155,0.216395,0.91734,-11.4531,0,0,0,1</mat>
				</frame>
				<frame num='8'>
					<mat>0.310984,0.941604,-0.129114,24.3718,-0.905083,0.25195,-0.342557,35.7439,-0.290023,0.223389,0.930583,-11.5293,0,0,0,1</mat>
				</frame>
				<frame num='9'>
					<mat>0.25007,0.960751,-0.120097,24.512,-0.937052,0.208927,-0.279791,34.6877,-0.243718,0.182504,0.95252,-12.9314,0,0,0,1</mat>
				</frame>
				<frame num='10'>
					<mat>0.306515,0.934532,-0.180825,24.4866,-0.945679,0.277354,-0.169605,35.3643,-0.108349,0.222989,0.968781,-13.4626,0,0,0,1</mat>
				</frame>
				<frame num='11'>
					<mat>0.409548,0.757315,-0.508669,24.3352,-0.872823,0.487492,0.0230455,36.9292,0.265425,0.43454,0.860654,-13.4516,0,0,0,1</mat>
				</frame>
				<frame num='12'>
					<mat>0.200205,0.561716,-0.802741,24.5328,-0.832621,0.529383,0.162777,34.8845,0.516392,0.63579,0.573682,-14.3563,0,0,0,1</mat>
				</frame>
				<frame num='13'>
					<mat>0.0204753,0.369686,-0.928931,24.5278,-0.898,0.415254,0.145465,34.2856,0.439519,0.831202,0.34048,-12.8511,0,0,0,1</mat>
				</frame>
				<frame num='14'>
					<mat>0.00904381,0.331867,-0.943283,24.4976,-0.966717,0.244106,0.0766133,33.5004,0.255687,0.911195,0.323029,-10.4897,0,0,0,1</mat>
				</frame>
				<frame num='15'>
					<mat>0.0188622,0.321394,-0.946758,24.4723,-0.986766,0.158515,0.0341514,33.0526,0.161051,0.933584,0.32013,-9.27689,0,0,0,1</mat>
				</frame>
				<frame num='16'>
					<mat>-0.00246556,0.342624,-0.939469,24.5179,-0.986968,0.150325,0.0574138,32.4476,0.160897,0.927368,0.337788,-9.73551,0,0,0,1</mat>
				</frame>
				<frame num='17'>
					<mat>-0.0112867,0.351313,-0.93619,24.53,-0.986898,0.146786,0.0669805,32.1967,0.160951,0.92468,0.345053,-9.92548,0,0,0,1</mat>
				</frame>
				<frame num='18'>
					<mat>0.00671858,0.33352,-0.942719,24.5012,-0.986945,0.153916,0.0474194,32.7063,0.160915,0.930094,0.330201,-9.5379,0,0,0,1</mat>
				</frame>
				<frame num='19'>
					<mat>0.0188622,0.321394,-0.946758,24.4723,-0.986766,0.158515,0.0341514,33.0492,0.161051,0.933584,0.32013,-9.27689,0,0,0,1</mat>
				</frame>
				<frame num='20'>
					<mat>0.0453801,0.411167,-0.91043,24.4724,-0.984873,0.17098,0.028127,33.6584,0.16723,0.895381,0.412706,-9.96469,0,0,0,1</mat>
				</frame>
				<frame num='21'>
					<mat>0.0888756,0.607938,-0.788995,24.4724,-0.989257,0.146181,0.00120138,34.8362,0.116066,0.780412,0.614399,-11.6059,0,0,0,1</mat>
				</frame>
				<frame num='22'>
					<mat>0.0843825,0.776826,-0.624035,24.4724,-0.996376,0.0590583,-0.0612124,35.7479,-0.010697,0.626939,0.778995,-13.3684,0,0,0,1</mat>
				</frame>
				<frame num='23'>
					<mat>0.0590517,0.836516,-0.544751,24.4723,-0.994438,0.00161659,-0.105316,36.0662,-0.0872178,0.54794,0.831959,-14.1881,0,0,0,1</mat>
				</frame>
				<frame num='24'>
					<mat>0.0590517,0.836516,-0.544751,24.4723,-0.994438,0.00161659,-0.105316,36.0662,-0.0872178,0.54794,0.831959,-14.1881,0,0,0,1</mat>
				</frame>
				<frame num='25'>
					<mat>0.0590517,0.836516,-0.544751,24.4723,-0.994438,0.00161659,-0.105316,36.0662,-0.0872178,0.54794,0.831959,-14.1881,0,0,0,1</mat>
				</frame>
			</track>
			<track id = '6' name='JNT_L_Wrist'>
				<frame num='-1'>
					<mat>0.119189,0.692398,0.711603,25.8359,-0.95325,-0.120647,0.277054,42.2629,0.277684,-0.711357,0.645649,5.45771,0,0,0,1</mat>
				</frame>
				<frame num='0'>
					<mat>0.124305,0.687984,0.715001,25.884,-0.975576,-0.0467817,0.214621,40.4341,0.181105,-0.724216,0.665366,4.30733,0,0,0,1</mat>
				</frame>
				<frame num='1'>
					<mat>-0.709612,-0.264322,0.653134,26.8248,-0.139938,-0.855631,-0.49831,29.228,0.690556,-0.445005,0.570178,-15.1585,0,0,0,1</mat>
				</frame>
				<frame num='2'>
					<mat>-0.0928579,0.347065,-0.933233,27.4691,-0.995679,-0.0321659,0.087109,25.4581,0.00021424,0.937289,0.348552,-24.7765,0,0,0,1</mat>
				</frame>
				<frame num='3'>
					<mat>0.235061,0.855491,-0.461391,26.8702,-0.968772,0.244743,-0.0397601,26.661,0.0789077,0.456329,0.886306,-28.8305,0,0,0,1</mat>
				</frame>
				<frame num='4'>
					<mat>0.189295,0.966514,-0.173257,26.4992,-0.951576,0.137042,-0.275176,30.3631,-0.242218,0.216956,0.945653,-28.6136,0,0,0,1</mat>
				</frame>
				<frame num='5'>
					<mat>0.2331,0.972452,-0.00153534,26.9366,-0.907108,0.216867,-0.360727,29.3466,-0.350457,0.0854781,0.93267,-21.0516,0,0,0,1</mat>
				</frame>
				<frame num='6'>
					<mat>0.208588,0.932012,0.296385,26.7549,-0.912331,0.294609,-0.284354,25.527,-0.35234,-0.211089,0.911756,-15.3065,0,0,0,1</mat>
				</frame>
				<frame num='7'>
					<mat>0.255569,0.434435,0.863684,27.0309,-0.914715,0.397898,0.0705263,26.301,-0.313019,-0.808049,0.499075,-14.5583,0,0,0,1</mat>
				</frame>
				<frame num='8'>
					<mat>-0.201163,-0.0520125,0.978176,27.2616,-0.969266,-0.133802,-0.206445,27.3332,0.14162,-0.989642,-0.0234979,-14.2244,0,0,0,1</mat>
				</frame>
				<frame num='9'>
					<mat>0.276483,-0.961004,0.00538865,26.8359,-0.931922,-0.266738,0.245708,25.98,-0.234689,-0.072956,-0.969329,-15.1962,0,0,0,1</mat>
				</frame>
				<frame num='10'>
					<mat>-0.04632,-0.0931419,-0.994575,27.335,-0.760822,-0.641889,0.0955464,26.5765,-0.647306,0.76112,-0.041132,-14.4695,0,0,0,1</mat>
				</frame>
				<frame num='11'>
					<mat>0.419309,-0.0668025,-0.905382,28.141,-0.876979,0.228026,-0.42298,28.8184,0.234707,0.971361,0.0370292,-10.9851,0,0,0,1</mat>
				</frame>
				<frame num='12'>
					<mat>0.198729,0.295994,-0.934288,26.3932,-0.849615,0.527225,-0.0136868,27.1472,0.488529,0.796505,0.356256,-9.55762,0,0,0,1</mat>
				</frame>
				<frame num='13'>
					<mat>0.00535991,0.678935,-0.734178,24.7181,-0.910235,0.307312,0.277544,25.9408,0.414056,0.666788,0.619638,-8.76683,0,0,0,1</mat>
				</frame>
				<frame num='14'>
					<mat>-0.0200876,0.979624,-0.199835,24.5817,-0.970112,0.0292468,0.240889,24.517,0.241825,0.198701,0.949757,-8.11368,0,0,0,1</mat>
				</frame>
				<frame num='15'>
					<mat>-0.0132937,0.920595,0.390293,24.6476,-0.986085,-0.0767561,0.14746,23.8829,0.165708,-0.382902,0.908805,-7.7803,0,0,0,1</mat>
				</frame>
				<frame num='16'>
					<mat>-0.598918,0.715495,0.359673,24.495,-0.796482,-0.485589,-0.360305,23.276,-0.0831433,-0.502266,0.860707,-8.24035,0,0,0,1</mat>
				</frame>
				<frame num='17'>
					<mat>-0.0240972,0.225655,0.973909,24.4251,-0.981828,-0.188776,0.0194463,23.0258,0.188239,-0.955742,0.226103,-8.42982,0,0,0,1</mat>
				</frame>
				<frame num='18'>
					<mat>0.000635681,-0.0673896,0.997727,24.5636,-0.981331,-0.19193,-0.0123383,23.535,0.192325,-0.979092,-0.0662535,-8.04258,0,0,0,1</mat>
				</frame>
				<frame num='19'>
					<mat>0.0155179,-0.151695,0.988305,24.6476,-0.9811,-0.192977,-0.0142153,23.8795,0.192877,-0.969406,-0.151823,-7.7803,0,0,0,1</mat>
				</frame>
				<frame num='20'>
					<mat>0.0451655,-0.245527,0.968337,24.8941,-0.978922,-0.204144,-0.00610265,24.5063,0.199178,-0.947651,-0.249572,-8.41068,0,0,0,1</mat>
				</frame>
				<frame num='21'>
					<mat>0.0960948,-0.4589,0.883276,25.2983,-0.984401,-0.175204,0.0160708,25.6433,0.147378,-0.871042,-0.468578,-10.5274,0,0,0,1</mat>
				</frame>
				<frame num='22'>
					<mat>0.0988271,-0.653878,0.750118,25.2565,-0.994935,-0.0788503,0.0623477,26.4889,0.0183792,-0.75248,-0.658359,-13.4678,0,0,0,1</mat>
				</frame>
				<frame num='23'>
					<mat>0.0763468,-0.727172,0.682196,25.0211,-0.995291,-0.0146022,0.0958213,26.8253,-0.059717,-0.6863,-0.724863,-14.9986,0,0,0,1</mat>
				</frame>
				<frame num='24'>
					<mat>0.0763468,-0.727172,0.682196,25.0211,-0.995291,-0.0146022,0.0958213,26.8253,-0.059717,-0.6863,-0.724863,-14.9986,0,0,0,1</mat>
				</frame>
				<frame num='25'>
					<mat>0.0763468,-0.727172,0.682196,25.0211,-0.995291,-0.0146022,0.0958213,26.8253,-0.059717,-0.6863,-0.724863,-14.9986,0,0,0,1</mat>
				</frame>
			</track>
			<track id = '7' name='JNT_L_Hand'>
				<frame num='-1'>
					<mat>-0.314737,0.942518,0.112254,28.3877,-0.253275,0.0305821,-0.966911,21.8542,-0.914764,-0.332754,0.229091,11.4028,0,0,0,1</mat>
				</frame>
				<frame num='0'>
					<mat>-0.320045,0.940139,0.117088,28.5453,-0.162692,0.0672142,-0.984385,19.5474,-0.933329,-0.334097,0.131442,8.1847,0,0,0,1</mat>
				</frame>
				<frame num='1'>
