<?xml version='1.0' encoding='UTF-8' ?>
<itpanim>
	<skeleton count='30'>
		<joint id='0' name='JNT_Root' parent='-1'>
			<mat>2.83277e-016,1,0,0.154839,1,-2.83277e-016,1.22465e-016,-8.71002,1.22465e-016,-3.46914e-032,-1,-56.7589,0,0,0,1</mat>
		</joint>
		<joint id='1' name='JNT_COG' parent='0'>
			<mat>0.000137804,0.992144,-0.125098,-38.0178,0.984661,0.0216923,0.173126,0.187635,0.174479,-0.123203,-0.976923,-4.68727,0,0,0,1</mat>
		</joint>
		<joint id='2' name='JNT_Hip' parent='1'>
			<mat>0.99483,0.0172439,0.100076,-0.333049,-0.0045641,0.992074,-0.125572,-36.9798,-0.101448,0.124466,0.987024,4.68836,0,0,0,1</mat>
		</joint>
		<joint id='3' name='JNT_L_Leg' parent='2'>
			<mat>0.0673472,-0.515163,0.854442,23.1099,-0.194881,0.833099,0.517655,-22.2041,-0.978512,-0.201377,-0.0442887,30.3239,0,0,0,1</mat>
		</joint>
		<joint id='4' name='JNT_L_Knee' parent='3'>
			<mat>0.205336,-0.971244,-0.12051,21.339,0.0187471,0.127015,-0.991724,6.69424,0.978512,0.201377,0.0442887,-30.3239,0,0,0,1</mat>
		</joint>
		<joint id='5' name='JNT_L_Ankle' parent='4'>
			<mat>-1.78914e-005,-0.137159,0.990549,-7.20477,0.00013759,0.990549,0.137159,-4.90326,-1,0.000138743,1.14933e-006,29.8405,0,0,0,1</mat>
		</joint>
		<joint id='6' name='JNT_L_Ball' parent='5'>
			<mat>-1.78914e-005,-0.137159,0.990549,-11.3566,0.00013759,0.990549,0.137159,-4.90325,-1,0.000138743,1.14933e-006,29.8405,0,0,0,1</mat>
		</joint>
		<joint id='7' name='JNT_L_Toe' parent='6'>
			<mat>6.12323e-017,0,-1,26.3418,0.000138743,1,8.49557e-021,-1.30255,1,-0.000138743,6.12323e-017,-29.8405,0,0,0,1</mat>
		</joint>
		<joint id='8' name='JNT_R_Leg' parent='2'>
			<mat>-0.388645,-0.920205,-0.0466552,23.4563,-0.401315,0.123479,0.907579,0.385015,-0.829398,0.37145,-0.417282,-37.5992,0,0,0,1</mat>
		</joint>
		<joint id='9' name='JNT_R_Knee' parent='8'>
			<mat>0.15604,-0.563177,-0.811469,1.16139,0.536424,0.738144,-0.409137,-2.81326,0.829398,-0.37145,0.417282,37.5992,0,0,0,1</mat>
		</joint>
		<joint id='10' name='JNT_R_Ankle' parent='9'>
			<mat>-0.492959,-0.137085,0.859185,17.1003,-0.169362,0.983739,0.0597865,-6.20884,-0.85341,-0.116041,-0.508159,-39.4672,0,0,0,1</mat>
		</joint>
		<joint id='11' name='JNT_R_Ball' parent='10'>
			<mat>-0.492959,-0.137085,0.859185,13.031,-0.0371825,0.989927,0.136612,-0.115015,-0.869258,0.0353973,-0.49309,-39.9525,0,0,0,1</mat>
		</joint>
		<joint id='12' name='JNT_R_Toe' parent='11'>
			<mat>0.4934,1.76656e-005,-0.869803,1.60973,0.0307799,0.999373,0.0174804,0.106774,0.869258,-0.0353973,0.49309,39.9525,0,0,0,1</mat>
		</joint>
		<joint id='13' name='JNT_Spine01' parent='1'>
			<mat>-0.0366128,0.995838,0.0834603,-42.8038,0.170595,0.0885187,-0.981357,-14.0167,-0.984661,-0.0216923,-0.173126,-0.187635,0,0,0,1</mat>
		</joint>
		<joint id='14' name='JNT_Torso' parent='13'>
			<mat>-0.0364677,0.949925,0.310342,-41.312,-0.0413376,0.308849,-0.950212,-23.8977,-0.998479,-0.0474809,0.0280046,3.03146,0,0,0,1</mat>
		</joint>
		<joint id='15' name='JNT_Head' parent='14'>
			<mat>-0.0375918,0.974408,0.221622,-97.3116,-0.0434671,0.219975,-0.974537,-15.0019,-0.998347,-0.0462679,0.0340854,2.87082,0,0,0,1</mat>
		</joint>
		<joint id='16' name='JNT_L1_Arm' parent='14'>
			<mat>0.973062,-0.22874,-0.0287899,-15.4066,0.140496,0.68736,-0.712599,-73.1863,0.182789,0.689357,0.700981,-70.0161,0,0,0,1</mat>
		</joint>
		<joint id='17' name='JNT_L1_Elbow' parent='16'>
			<mat>0.967496,-0.25286,-0.0036194,-56.0355,0.0599475,0.24323,-0.968114,-30.1266,0.245677,0.93643,0.250482,-98.2412,0,0,0,1</mat>
		</joint>
		<joint id='18' name='JNT_L1_Wrist' parent='17'>
			<mat>0.731164,-0.34867,0.586369,-34.829,0.636429,0.0390858,-0.770344,-64.6869,0.245677,0.93643,0.250482,-98.2412,0,0,0,1</mat>
		</joint>
		<joint id='19' name='JNT_L2_Arm' parent='14'>
			<mat>0.962703,-0.235867,-0.132551,-20.0972,-0.0558884,0.305984,-0.950395,-25.0789,0.264725,0.922356,0.28139,-67.5231,0,0,0,1</mat>
		</joint>
		<joint id='20' name='JNT_L2_Elbow' parent='19'>
			<mat>0.964076,-0.24652,-0.0989221,-62.4213,-0.0218731,0.297468,-0.954481,-27.2992,0.264725,0.922356,0.28139,-67.5231,0,0,0,1</mat>
		</joint>
		<joint id='21' name='JNT_L2_Wrist' parent='20'>
			<mat>0.812495,-0.370505,0.450086,-45.7026,0.519396,0.109479,-0.847492,-63.5838,0.264725,0.922356,0.28139,-67.5231,0,0,0,1</mat>
		</joint>
		<joint id='22' name='JNT_R1_Arm' parent='14'>
			<mat>-0.904857,-0.320832,-0.279823,-8.17064,-0.0750305,0.767196,-0.637009,-73.9385,0.419052,-0.555406,-0.718275,66.9486,0,0,0,1</mat>
		</joint>
		<joint id='23' name='JNT_R1_Elbow' parent='22'>
			<mat>-0.901643,-0.34772,-0.257158,-48.7767,0.121802,0.366375,-0.922461,-30.9631,0.414974,-0.863053,-0.287987,96.2034,0,0,0,1</mat>
		</joint>
		<joint id='24' name='JNT_R1_Wrist' parent='23'>
			<mat>-0.823252,-0.490941,0.285014,-33.355,-0.387367,0.118812,-0.914238,-58.4459,0.414974,-0.863053,-0.287987,96.2034,0,0,0,1</mat>
		</joint>
		<joint id='25' name='JNT_R2_Arm' parent='14'>
			<mat>-0.868608,-0.489646,0.0759414,-0.650686,-0.192899,0.192985,-0.962053,-24.587,0.45641,-0.850296,-0.26208,67.6188,0,0,0,1</mat>
		</joint>
		<joint id='26' name='JNT_R2_Elbow' parent='25'>
			<mat>-0.861258,-0.496153,0.109851,-43.0043,-0.223437,0.175582,-0.958774,-26.1212,0.45641,-0.850296,-0.26208,67.6188,0,0,0,1</mat>
		</joint>
		<joint id='27' name='JNT_R2_Wrist' parent='26'>
			<mat>-0.550369,-0.501229,0.66773,-27.1571,-0.699131,-0.160518,-0.696743,-53.4612,0.45641,-0.850296,-0.26208,67.6188,0,0,0,1</mat>
		</joint>
		<joint id='28' name='JNT_R_ShoulderPad' parent='14'>
			<mat>0.998479,0.0474809,-0.0280046,35.0632,-0.0364677,0.949925,0.310342,-109.046,0.0413376,-0.308849,0.950212,23.8977,0,0,0,1</mat>
		</joint>
		<joint id='29' name='JNT_L_ShoulderPad' parent='14'>
			<mat>0.998479,0.0474809,-0.0280046,-41.8342,-0.0364677,0.949925,0.310342,-109.046,0.0413376,-0.308849,0.950212,23.8977,0,0,0,1</mat>
		</joint>
	</skeleton>
	<animations>
		<animation name='Take 001' length='32'>
			<track id = '0' name='JNT_Root'>
				<frame num='0'>
					<mat>1.72255e-016,1,1.22465e-016,-1.08529e-014,1,-1.72255e-016,-3.21507e-032,0.584009,-1.10556e-032,1.22465e-016,-1,-1.57737e-030,0,0,0,1</mat>
				</frame>
				<frame num='1'>
					<mat>1.72255e-016,1,1.22465e-016,-1.08529e-014,1,-1.72255e-016,-3.21507e-032,0.584009,-1.10556e-032,1.22465e-016,-1,-1.57737e-030,0,0,0,1</mat>
				</frame>
				<frame num='2'>
					<mat>1.72255e-016,1,1.22465e-016,-1.08529e-014,1,-1.72255e-016,-3.21507e-032,0.584009,-1.10556e-032,1.22465e-016,-1,-1.57737e-030,0,0,0,1</mat>
				</frame>
				<frame num='3'>
					<mat>1.72255e-016,1,1.22465e-016,-1.08529e-014,1,-1.72255e-016,-3.21507e-032,0.584009,-1.10556e-032,1.22465e-016,-1,-1.57737e-030,0,0,0,1</mat>
				</frame>
				<frame num='4'>
					<mat>1.72255e-016,1,1.22465e-016,-1.08529e-014,1,-1.72255e-016,-3.21507e-032,0.584009,-1.10556e-032,1.22465e-016,-1,-1.57737e-030,0,0,0,1</mat>
				</frame>
				<frame num='5'>
					<mat>1.72255e-016,1,1.22465e-016,-1.08529e-014,1,-1.72255e-016,-3.21507e-032,0.584009,-1.10556e-032,1.22465e-016,-1,-1.57737e-030,0,0,0,1</mat>
				</frame>
				<frame num='6'>
					<mat>1.72255e-016,1,1.22465e-016,-1.08529e-014,1,-1.72255e-016,-3.21507e-032,0.584009,-1.10556e-032,1.22465e-016,-1,-1.57737e-030,0,0,0,1</mat>
				</frame>
				<frame num='7'>
					<mat>1.72255e-016,1,1.22465e-016,-1.08529e-014,1,-1.72255e-016,-3.21507e-032,0.584009,-1.10556e-032,1.22465e-016,-1,-1.57737e-030,0,0,0,1</mat>
				</frame>
				<frame num='8'>
					<mat>1.72255e-016,1,1.22465e-016,-1.08529e-014,1,-1.72255e-016,-3.21507e-032,0.584009,-1.10556e-032,1.22465e-016,-1,-1.57737e-030,0,0,0,1</mat>
				</frame>
				<frame num='9'>
					<mat>1.72255e-016,1,1.22465e-016,-1.08529e-014,1,-1.72255e-016,-3.21507e-032,0.584009,-1.10556e-032,1.22465e-016,-1,-1.57737e-030,0,0,0,1</mat>
				</frame>
				<frame num='10'>
					<mat>1.72255e-016,1,1.22465e-016,-1.08529e-014,1,-1.72255e-016,-3.21507e-032,0.584009,-1.10556e-032,1.22465e-016,-1,-1.57737e-030,0,0,0,1</mat>
				</frame>
				<frame num='11'>
					<mat>1.72255e-016,1,1.22465e-016,-1.08529e-014,1,-1.72255e-016,-3.21507e-032,0.584009,-1.10556e-032,1.22465e-016,-1,-1.57737e-030,0,0,0,1</mat>
				</frame>
				<frame num='12'>
					<mat>1.72255e-016,1,1.22465e-016,-1.08529e-014,1,-1.72255e-016,-3.21507e-032,0.584009,-1.10556e-032,1.22465e-016,-1,-1.57737e-030,0,0,0,1</mat>
				</frame>
				<frame num='13'>
					<mat>1.72255e-016,1,1.22465e-016,-1.08529e-014,1,-1.72255e-016,-3.21507e-032,0.584009,-1.10556e-032,1.22465e-016,-1,-1.57737e-030,0,0,0,1</mat>
				</frame>
				<frame num='14'>
					<mat>1.72255e-016,1,1.22465e-016,-1.08529e-014,1,-1.72255e-016,-3.21507e-032,0.584009,-1.10556e-032,1.22465e-016,-1,-1.57737e-030,0,0,0,1</mat>
				</frame>
				<frame num='15'>
					<mat>1.72255e-016,1,1.22465e-016,-1.08529e-014,1,-1.72255e-016,-3.21507e-032,0.584009,-1.10556e-032,1.22465e-016,-1,-1.57737e-030,0,0,0,1</mat>
				</frame>
				<frame num='16'>
					<mat>1.72255e-016,1,1.22465e-016,-1.08529e-014,1,-1.72255e-016,-3.21507e-032,0.584009,-1.10556e-032,1.22465e-016,-1,-1.57737e-030,0,0,0,1</mat>
				</frame>
				<frame num='17'>
					<mat>1.72255e-016,1,1.22465e-016,-1.08529e-014,1,-1.72255e-016,-3.21507e-032,0.584009,-1.10556e-032,1.22465e-016,-1,-1.57737e-030,0,0,0,1</mat>
				</frame>
				<frame num='18'>
					<mat>1.72255e-016,1,1.22465e-016,-1.08529e-014,1,-1.72255e-016,-3.21507e-032,0.584009,-1.10556e-032,1.22465e-016,-1,-1.57737e-030,0,0,0,1</mat>
				</frame>
				<frame num='19'>
					<mat>1.72255e-016,1,1.22465e-016,-1.08529e-014,1,-1.72255e-016,-3.21507e-032,0.584009,-1.10556e-032,1.22465e-016,-1,-1.57737e-030,0,0,0,1</mat>
				</frame>
				<frame num='20'>
					<mat>1.72255e-016,1,1.22465e-016,-1.08529e-014,1,-1.72255e-016,-3.21507e-032,0.584009,-1.10556e-032,1.22465e-016,-1,-1.57737e-030,0,0,0,1</mat>
				</frame>
				<frame num='21'>
					<mat>1.72255e-016,1,1.22465e-016,-1.08529e-014,1,-1.72255e-016,-3.21507e-032,0.584009,-1.10556e-032,1.22465e-016,-1,-1.57737e-030,0,0,0,1</mat>
				</frame>
				<frame num='22'>
					<mat>1.72255e-016,1,1.22465e-016,-1.08529e-014,1,-1.72255e-016,-3.21507e-032,0.584009,-1.10556e-032,1.22465e-016,-1,-1.57737e-030,0,0,0,1</mat>
				</frame>
				<frame num='23'>
					<mat>1.72255e-016,1,1.22465e-016,-1.08529e-014,1,-1.72255e-016,-3.21507e-032,0.584009,-1.10556e-032,1.22465e-016,-1,-1.57737e-030,0,0,0,1</mat>
				</frame>
				<frame num='24'>
					<mat>1.72255e-016,1,1.22465e-016,-1.08529e-014,1,-1.72255e-016,-3.21507e-032,0.584009,-1.10556e-032,1.22465e-016,-1,-1.57737e-030,0,0,0,1</mat>
				</frame>
				<frame num='25'>
					<mat>1.72255e-016,1,1.22465e-016,-1.08529e-014,1,-1.72255e-016,-3.21507e-032,0.584009,-1.10556e-032,1.22465e-016,-1,-1.57737e-030,0,0,0,1</mat>
				</frame>
				<frame num='26'>
					<mat>1.72255e-016,1,1.22465e-016,-1.08529e-014,1,-1.72255e-016,-3.21507e-032,0.584009,-1.10556e-032,1.22465e-016,-1,-1.57737e-030,0,0,0,1</mat>
				</frame>
				<frame num='27'>
					<mat>1.72255e-016,1,1.22465e-016,-1.08529e-014,1,-1.72255e-016,-3.21507e-032,0.584009,-1.10556e-032,1.22465e-016,-1,-1.57737e-030,0,0,0,1</mat>
				</frame>
				<frame num='28'>
					<mat>1.72255e-016,1,1.22465e-016,-1.08529e-014,1,-1.72255e-016,-3.21507e-032,0.584009,-1.10556e-032,1.22465e-016,-1,-1.57737e-030,0,0,0,1</mat>
				</frame>
				<frame num='29'>
					<mat>1.72255e-016,1,1.22465e-016,-1.08529e-014,1,-1.72255e-016,-3.21507e-032,0.584009,-1.10556e-032,1.22465e-016,-1,-1.57737e-030,0,0,0,1</mat>
				</frame>
				<frame num='30'>
					<mat>1.72255e-016,1,1.22465e-016,-1.08529e-014,1,-1.72255e-016,-3.21507e-032,0.584009,-1.10556e-032,1.22465e-016,-1,-1.57737e-030,0,0,0,1</mat>
				</frame>
				<frame num='31'>
					<mat>1.72255e-016,1,1.22465e-016,-1.08529e-014,1,-1.72255e-016,-3.21507e-032,0.584009,-1.10556e-032,1.22465e-016,-1,-1.57737e-030,0,0,0,1</mat>
				</frame>
			</track>
			<track id = '1' name='JNT_COG'>
				<frame num='0'>
					<mat>0.000137804,0.984661,0.174479,-0.00150096,0.992144,0.0216923,-0.123203,38.6492,-0.125098,0.173126,-0.976923,-6.89151,0,0,0,1</mat>
				</frame>
				<frame num='1'>
					<mat>0.000138511,0.877047,0.480405,-0.00195558,0.997239,0.0355529,-0.0651943,35.376,-0.0742583,0.479088,-0.87462,-6.89151,0,0,0,1</mat>
				</frame>
				<frame num='2'>
					<mat>0.000138857,0.779758,0.626081,-0.00220038,0.99973,0.0144325,-0.0181968,33.6136,-0.023225,0.625915,-0.779545,-6.89151,0,0,0,1</mat>
				</frame>
				<frame num='3'>
					<mat>0.000138895,0.847636,0.530578,-0.00220038,1,-0.000117732,-7.36945e-005,33.6136,2.39433e-020,0.530578,-0.847636,-6.89151,0,0,0,1</mat>
				</frame>
				<frame num='4'>
					<mat>-0.0408283,0.953233,0.299466,-0.00175045,0.996416,0.0610664,-0.0585325,36.853,-0.0740824,0.296003,-0.95231,-5.58043,0,0,0,1</mat>
				</frame>
				<frame num='5'>
					<mat>-0.0408283,0.998087,0.0464158,-0.00175045,0.996416,0.0441163,-0.0721728,36.853,-0.0740824,0.0433027,-0.996312,-3.14556,0,0,0,1</mat>
				</frame>
				<frame num='6'>
					<mat>-0.0408283,0.996665,-0.0706487,-0.00175045,0.996416,0.0353715,-0.0768376,36.853,-0.0740824,-0.0735327,-0.994537,-1.83448,0,0,0,1</mat>
				</frame>
				<frame num='7'>
					<mat>-0.0408283,0.996665,-0.0706487,-0.00175045,0.996416,0.0353715,-0.0768376,36.853,-0.0740824,-0.0735327,-0.994537,-1.83448,0,0,0,1</mat>
				</frame>
				<frame num='8'>
					<mat>-0.0408283,0.996665,-0.0706487,-0.00175045,0.996416,0.0353715,-0.0768376,36.853,-0.0740824,-0.0735327,-0.994537,-1.83448,0,0,0,1</mat>
				</frame>
				<frame num='9'>
					<mat>-0.0408283,0.996665,-0.0706487,-0.00175045,0.996416,0.0353715,-0.0768376,36.853,-0.0740824,-0.0735327,-0.994537,-1.83448,0,0,0,1</mat>
				</frame>
				<frame num='10'>
					<mat>-0.0408283,0.996665,-0.0706487,-0.00175045,0.996416,0.0353715,-0.0768376,36.853,-0.0740824,-0.0735327,-0.994537,-1.83448,0,0,0,1</mat>
				</frame>
				<frame num='11'>
					<mat>-0.0408283,0.996665,-0.0706487,-0.00175045,0.996416,0.0353715,-0.0768376,36.853,-0.0740824,-0.0735327,-0.994537,-1.83448,0,0,0,1</mat>
				</frame>
				<frame num='12'>
					<mat>-0.0408283,0.996665,-0.0706487,-0.00175045,0.996416,0.0353715,-0.0768376,36.853,-0.0740824,-0.0735327,-0.994537,-1.83448,0,0,0,1</mat>
				</frame>
				<frame num='13'>
					<mat>-0.0408283,0.996665,-0.0706487,-0.00175045,0.996416,0.0353715,-0.0768376,36.853,-0.0740824,-0.0735327,-0.994537,-1.83448,0,0,0,1</mat>
				</frame>
				<frame num='14'>
					<mat>-0.0408283,0.996665,-0.0706487,-0.00175045,0.996416,0.0353715,-0.0768376,36.853,-0.0740824,-0.0735327,-0.994537,-1.83448,0,0,0,1</mat>
				</frame>
				<frame num='15'>
					<mat>-0.0408283,0.996665,-0.0706487,-0.00175045,0.996416,0.0353715,-0.0768376,36.853,-0.0740824,-0.0735327,-0.994537,-1.83448,0,0,0,1</mat>
				</frame>
				<frame num='16'>
					<mat>-0.0408283,0.996665,-0.0706487,-0.00175045,0.996416,0.0353715,-0.0768376,36.853,-0.0740824,-0.0735327,-0.994537,-1.83448,0,0,0,1</mat>
				</frame>
				<frame num='17'>
					<mat>-0.0408283,0.996665,-0.0706487,12.8128,0.996416,0.0353715,-0.0768376,46.208,-0.0740824,-0.0735327,-0.994537,10.2759,0,0,0,1</mat>
				</frame>
				<frame num='18'>
					<mat>-0.0408283,0.996665,-0.0706487,14.4113,0.996416,0.0353715,-0.0768376,36.851,-0.0740824,-0.0735327,-0.994537,26.1673,0,0,0,1</mat>
				</frame>
				<frame num='19'>
					<mat>-0.0378531,0.997189,-0.0646573,2.98864,0.996006,0.0324141,-0.0831926,37.1774,-0.0808629,-0.0675481,-0.994434,41.294,0,0,0,1</mat>
				</frame>
				<frame num='20'>
					<mat>-0.0333154,0.997799,-0.0573322,-8.43408,0.995595,0.0281022,-0.0894478,37.5038,-0.0876397,-0.0600597,-0.99434,49.8286,0,0,0,1</mat>
				</frame>
				<frame num='21'>
					<mat>-0.0304541,0.997956,-0.0561857,-8.43149,0.997196,0.0264901,-0.0699949,35.3403,-0.0683634,-0.0581597,-0.995964,49.8091,0,0,0,1</mat>
				</frame>
				<frame num='22'>
					<mat>-0.0278698,0.997986,-0.0569798,-8.41175,0.999363,0.0265455,-0.0238678,31.3223,-0.0223071,-0.0576086,-0.99809,49.6726,0,0,0,1</mat>
				</frame>
				<frame num='23'>
					<mat>-0.0252254,0.997999,-0.0579836,-8.35698,0.999146,0.0270677,0.0312101,29.1587,0.0327171,-0.0571468,-0.99783,49.3021,0,0,0,1</mat>
				</frame>
				<frame num='24'>
					<mat>-0.0222841,0.998091,-0.057608,-8.24925,0.996645,0.0267168,0.0773578,32.618,0.0787492,-0.0556909,-0.995338,48.5807,0,0,0,1</mat>
				</frame>
				<frame num='25'>
					<mat>-0.0188703,0.998339,-0.0544347,-8.0717,0.995007,0.0240885,0.0968584,37.8765,0.0980088,-0.0523351,-0.993809,47.3914,0,0,0,1</mat>
				</frame>
				<frame num='26'>
					<mat>-0.0138537,0.998996,-0.0425976,-6.68795,0.998128,0.0163544,0.0589281,41.6136,0.0595656,-0.0417015,-0.997353,38.0871,0,0,0,1</mat>
				</frame>
				<frame num='27'>
					<mat>-0.00754338,0.999688,-0.0237982,-3.92717,0.999653,0.00693812,-0.0254137,43.5513,-0.0252407,-0.0239817,-0.999394,19.5188,0,0,0,1</mat>
				</frame>
				<frame num='28'>
					<mat>-0.00213296,0.999972,-0.00711685,-1.22123,0.993944,0.00133809,-0.109878,41.9814,-0.109866,-0.00730812,-0.99392,1.316,0,0,0,1</mat>
				</frame>
				<frame num='29'>
					<mat>0.000137363,1,-2.05712e-005,-0.00125617,0.988971,-0.000138895,-0.148107,40.4116,-0.148107,1.22462e-016,-0.988971,-6.89151,0,0,0,1</mat>
				</frame>
				<frame num='30'>
					<mat>0.000137363,1,-2.05712e-005,-0.00125617,0.988971,-0.000138895,-0.148107,40.4116,-0.148107,1.22465e-016,-0.988971,-6.89151,0,0,0,1</mat>
				</frame>
				<frame num='31'>
					<mat>0.000137363,1,-2.05712e-005,-0.00125617,0.988971,-0.000138895,-0.148107,40.4116,-0.148107,1.22465e-016,-0.988971,-6.89151,0,0,0,1</mat>
				</frame>
			</track>
			<track id = '2' name='JNT_Hip'>
				<frame num='0'>
					<mat>0.99483,-0.0045641,-0.101448,-0.00164385,0.0172439,0.992074,0.124466,37.6204,0.100076,-0.125572,0.987024,-6.76179,0,0,0,1</mat>
				</frame>
				<frame num='1'>
					<mat>0.910053,-0.00416271,-0.414471,-0.00209921,0.0353651,0.997083,0.0676369,34.342,0.412981,-0.076211,0.907545,-6.81451,0,0,0,1</mat>
				</frame>
				<frame num='2'>
					<mat>0.823764,-0.00375453,-0.566921,-0.00234436,0.0177773,0.999657,0.0192108,32.577,0.566655,-0.0259035,0.823548,-6.86742,0,0,0,1</mat>
				</frame>
				<frame num='3'>
					<mat>0.884419,-0.00404117,-0.466676,-0.0023444,0.00460345,0.999989,6.48188e-005,32.5767,0.466671,-0.00220564,0.884428,-6.89151,0,0,0,1</mat>
				</frame>
				<frame num='4'>
					<mat>0.972505,-0.0454252,-0.22841,0.0405848,0.061296,0.996137,0.0628732,35.8198,0.224672,-0.0751451,0.971533,-5.50361,0,0,0,1</mat>
				</frame>
				<frame num='5'>
					<mat>0.99859,-0.0455485,0.027257,0.0405848,0.0433871,0.996222,0.0752274,35.8198,-0.0305806,-0.0739387,0.996794,-3.06875,0,0,0,1</mat>
				</frame>
				<frame num='6'>
					<mat>0.988546,-0.045501,0.143898,0.0405848,0.0343224,0.996265,0.0792351,35.8198,-0.146966,-0.0733886,0.986415,-1.75767,0,0,0,1</mat>
				</frame>
				<frame num='7'>
					<mat>0.988546,-0.045501,0.143898,0.0405848,0.0343224,0.996265,0.0792351,35.8198,-0.146966,-0.0733886,0.986415,-1.75767,0,0,0,1</mat>
				</frame>
				<frame num='8'>
					<mat>0.988546,-0.045501,0.143898,0.0405848,0.0343224,0.996265,0.0792351,35.8198,-0.146966,-0.0733886,0.986415,-1.75767,0,0,0,1</mat>
				</frame>
				<frame num='9'>
					<mat>0.988546,-0.045501,0.143898,0.0405848,0.0343224,0.996265,0.0792351,35.8198,-0.146966,-0.0733886,0.986415,-1.75767,0,0,0,1</mat>
				</frame>
				<frame num='10'>
					<mat>0.988546,-0.045501,0.143898,0.0405848,0.0343224,0.996265,0.0792351,35.8198,-0.146966,-0.0733886,0.986415,-1.75767,0,0,0,1</mat>
				</frame>
				<frame num='11'>
					<mat>0.988546,-0.045501,0.143898,0.0405848,0.0343224,0.996265,0.0792351,35.8198,-0.146966,-0.0733886,0.986415,-1.75767,0,0,0,1</mat>
				</frame>
				<frame num='12'>
					<mat>0.988546,-0.045501,0.143898,0.0405848,0.0343224,0.996265,0.0792351,35.8198,-0.146966,-0.0733886,0.986415,-1.75767,0,0,0,1</mat>
				</frame>
				<frame num='13'>
					<mat>0.988546,-0.045501,0.143898,0.0405848,0.0343224,0.996265,0.0792351,35.8198,-0.146966,-0.0733886,0.986415,-1.75767,0,0,0,1</mat>
				</frame>
				<frame num='14'>
					<mat>0.988546,-0.045501,0.143898,0.0405848,0.0343224,0.996265,0.0792351,35.8198,-0.146966,-0.0733886,0.986415,-1.75767,0,0,0,1</mat>
				</frame>
				<frame num='15'>
					<mat>0.988546,-0.045501,0.143898,0.0405848,0.0343224,0.996265,0.0792351,35.8198,-0.146966,-0.0733886,0.986415,-1.75767,0,0,0,1</mat>
				</frame>
				<frame num='16'>
					<mat>0.988546,-0.045501,0.143898,0.0405848,0.0343224,0.996265,0.0792351,35.8198,-0.146966,-0.0733886,0.986415,-1.75767,0,0,0,1</mat>
				</frame>
				<frame num='17'>
					<mat>0.988546,-0.045501,0.143898,12.8551,0.0343224,0.996265,0.0792351,45.1748,-0.146966,-0.0733886,0.986415,10.3527,0,0,0,1</mat>
				</frame>
				<frame num='18'>
					<mat>0.988546,-0.045501,0.143898,14.4537,0.0343224,0.996265,0.0792351,35.8178,-0.146966,-0.0733886,0.986415,26.2441,0,0,0,1</mat>
				</frame>
				<frame num='19'>
					<mat>0.989524,-0.0425304,0.137962,3.02789,0.0309028,0.995871,0.0853549,36.1446,-0.141022,-0.0801973,0.986753,41.3778,0,0,0,1</mat>
				</frame>
				<frame num='20'>
					<mat>0.990693,-0.0379981,0.130702,-8.39954,0.0261399,0.995483,0.0912754,36.4715,-0.13358,-0.0870094,0.987211,49.9194,0,0,0,1</mat>
				</frame>
				<frame num='21'>
					<mat>0.990948,-0.035138,0.12957,-8.39991,0.0259732,0.997084,0.0717566,34.3063,-0.131713,-0.0677416,0.988971,49.88,0,0,0,1</mat>
				</frame>
				<frame num='22'>
					<mat>0.990932,-0.0325535,0.130364,-8.38286,0.0294375,0.999235,0.0257589,30.286,-0.131103,-0.0216877,0.991132,49.6957,0,0,0,1</mat>
				</frame>
				<frame num='23'>
					<mat>0.990883,-0.029909,0.131366,-8.33082,0.0340159,0.998997,-0.0291307,28.1227,-0.130363,0.0333336,0.990906,49.2682,0,0,0,1</mat>
				</frame>
				<frame num='24'>
					<mat>0.991016,-0.0269682,0.130998,-8.22614,0.0370545,0.996481,-0.0751788,31.5846,-0.12851,0.0793574,0.988528,48.4991,0,0,0,1</mat>
				</frame>
				<frame num='25'>
					<mat>0.991513,-0.0235567,0.127852,-8.05214,0.0358626,0.994848,-0.0948201,36.8447,-0.12496,0.0986005,0.98725,47.2897,0,0,0,1</mat>
				</frame>
				<frame num='26'>
					<mat>0.993065,-0.0185474,0.116095,-6.67358,0.0253694,0.99802,-0.0575627,40.5786,-0.114798,0.0601088,0.991569,38.0254,0,0,0,1</mat>
				</frame>
				<frame num='27'>
					<mat>0.99517,-0.012247,0.0973981,-3.91935,0.00977117,0.999618,0.0258559,42.5148,-0.0976775,-0.0247793,0.99491,19.545,0,0,0,1</mat>
				</frame>
				<frame num='28'>
					<mat>0.996708,-0.00684377,0.080783,-1.21902,-0.00206445,0.993965,0.109678,40.9507,-0.0810461,-0.109484,0.990679,1.42992,0,0,0,1</mat>
				</frame>
				<frame num='29'>
					<mat>0.997269,-0.00457607,0.073708,-0.0013986,-0.00637783,0.989013,0.147694,39.3862,-0.073574,-0.14776,0.986283,-6.73793,0,0,0,1</mat>
				</frame>
				<frame num='30'>
					<mat>0.997269,-0.00457607,0.073708,-0.0013986,-0.00637783,0.989013,0.147694,39.3862,-0.073574,-0.14776,0.986283,-6.73793,0,0,0,1</mat>
				</frame>
				<frame num='31'>
					<mat>0.997269,-0.00457607,0.073708,-0.0013986,-0.00637783,0.989013,0.147694,39.3862,-0.073574,-0.14776,0.986283,-6.73793,0,0,0,1</mat>
				</frame>
			</track>
			<track id = '3' name='JNT_L_Leg'>
				<frame num='0'>
					<mat>0.0673472,-0.194881,-0.978512,23.1489,-0.515163,0.833099,-0.201377,38.0217,0.854442,0.517655,-0.0442887,-4.43294,0,0,0,1</mat>
				</frame>
				<frame num='1'>
					<mat>0.135386,-0.221164,-0.965793,21.1756,-0.492249,0.83094,-0.259287,35.165,0.859861,0.510515,0.00363018,2.79592,0,0,0,1</mat>
				</frame>
				<frame num='2'>
					<mat>0.230313,-0.248565,-0.940836,19.1674,-0.484458,0.809211,-0.332384,32.9907,0.843953,0.532347,0.0659521,6.31913,0,0,0,1</mat>
				</frame>
				<frame num='3'>
					<mat>0.160939,-0.248225,-0.95524,20.5789,-0.422972,0.857125,-0.293992,32.6838,0.891736,0.451354,0.0329523,3.96833,0,0,0,1</mat>
				</frame>
				<frame num='4'>
					<mat>0.0823904,-0.19847,-0.976638,22.6716,-0.522526,0.825869,-0.211912,37.2462,0.848633,0.527778,-0.0356619,-0.275289,0,0,0,1</mat>
				</frame>
				<frame num='5'>
					<mat>0.0584142,-0.199352,-0.978185,23.2787,-0.466541,0.86082,-0.203294,36.8294,0.882568,0.468239,-0.042722,-3.78038,0,0,0,1</mat>
				</frame>
				<frame num='6'>
					<mat>0.0632422,-0.204259,-0.976872,23.0449,-0.44857,0.868568,-0.210654,36.6185,0.891507,0.451518,-0.0366946,-5.1777,0,0,0,1</mat>
				</frame>
				<frame num='7'>
					<mat>0.0632422,-0.204259,-0.976872,23.0449,-0.44857,0.868568,-0.210654,36.6185,0.891507,0.451518,-0.0366946,-5.1777,0,0,0,1</mat>
				</frame>
				<frame num='8'>
					<mat>0.0632422,-0.204259,-0.976872,23.0449,-0.44857,0.868568,-0.210654,36.6185,0.891507,0.451518,-0.0366946,-5.1777,0,0,0,1</mat>
				</frame>
				<frame num='9'>
					<mat>0.0632422,-0.204259,-0.976872,23.0449,-0.44857,0.868568,-0.210654,36.6185,0.891507,0.451518,-0.0366946,-5.1777,0,0,0,1</mat>
				</frame>
				<frame num='10'>
					<mat>0.0632422,-0.204259,-0.976872,23.0449,-0.44857,0.868568,-0.210654,36.6185,0.891507,0.451518,-0.0366946,-5.1777,0,0,0,1</mat>
				</frame>
				<frame num='11'>
					<mat>0.0632422,-0.204259,-0.976872,23.0449,-0.44857,0.868568,-0.210654,36.6185,0.891507,0.451518,-0.0366946,-5.1777,0,0,0,1</mat>
				</frame>
				<frame num='12'>
					<mat>0.0632422,-0.204259,-0.976872,23.0449,-0.44857,0.868568,-0.210654,36.6185,0.891507,0.451518,-0.0366946,-5.1777,0,0,0,1</mat>
				</frame>
				<frame num='13'>
					<mat>0.0632422,-0.204259,-0.976872,23.0449,-0.44857,0.868568,-0.210654,36.6185,0.891507,0.451518,-0.0366946,-5.1777,0,0,0,1</mat>
				</frame>
				<frame num='14'>
					<mat>0.0632422,-0.204259,-0.976872,23.0449,-0.44857,0.868568,-0.210654,36.6185,0.891507,0.451518,-0.0366946,-5.1777,0,0,0,1</mat>
				</frame>
				<frame num='15'>
					<mat>0.0632422,-0.204259,-0.976872,23.0449,-0.44857,0.868568,-0.210654,36.6185,0.891507,0.451518,-0.0366946,-5.1777,0,0,0,1</mat>
				</frame>
				<frame num='16'>
					<mat>0.0632422,-0.204259,-0.976872,23.0449,-0.44857,0.868568,-0.210654,36.6185,0.891507,0.451518,-0.0366946,-5.1777,0,0,0,1</mat>
				</frame>
				<frame num='17'>
					<mat>-0.24118,-0.217283,-0.945844,35.8594,-0.89547,0.425537,0.13058,45.9735,0.374119,0.878468,-0.297202,6.93263,0,0,0,1</mat>
				</frame>
				<frame num='18'>
					<mat>-0.544237,-0.293009,-0.7861,37.458,-0.808231,0.434296,0.397681,36.6165,0.224876,0.851782,-0.473178,22.824,0,0,0,1</mat>
				</frame>
				<frame num='19'>
					<mat>-0.0295212,-0.440705,-0.897167,26.055,-0.872006,-0.427387,0.238633,36.8638,-0.488604,0.78938,-0.37168,38.0961,0,0,0,1</mat>
				</frame>
				<frame num='20'>
					<mat>0.288015,0.893248,-0.345189,14.6548,-0.627723,-0.096119,-0.77248,37.0798,-0.723195,0.439169,0.533029,46.8109,0,0,0,1</mat>
				</frame>
				<frame num='21'>
					<mat>0.295699,0.949046,-0.108966,14.6603,-0.600608,0.0959982,-0.79376,34.9107,-0.742854,0.30016,0.598391,46.8149,0,0,0,1</mat>
				</frame>
				<frame num='22'>
					<mat>0.3105,0.904382,0.292718,14.677,-0.547173,0.421852,-0.72294,30.9711,-0.777298,0.0643058,0.625838,46.6448,0,0,0,1</mat>
				</frame>
				<frame num='23'>
					<mat>0.319205,0.843696,0.431608,14.7279,-0.51913,0.536693,-0.66518,28.9143,-0.792851,-0.0117313,0.609303,46.2345,0,0,0,1</mat>
				</frame>
				<frame num='24'>
					<mat>0.307685,0.950021,0.0528169,14.8357,-0.57981,0.231218,-0.781254,32.4469,-0.75442,0.209757,0.621974,45.5085,0,0,0,1</mat>
				</frame>
				<frame num='25'>
					<mat>0.289017,0.778902,-0.556579,15.0213,-0.658408,-0.260326,-0.706208,37.6793,-0.694959,0.570562,0.437597,44.3818,0,0,0,1</mat>
				</frame>
				<frame num='26'>
					<mat>0.280402,0.344776,-0.895826,16.4359,-0.786226,-0.452892,-0.420401,41.169,-0.550657,0.822203,0.14408,35.3539,0,0,0,1</mat>
				</frame>
				<frame num='27'>
					<mat>0.24902,-0.0677677,-0.966125,19.2391,-0.929524,0.263418,-0.258063,42.7422,0.271983,0.962299,0.0026045,17.2719,0,0,0,1</mat>
				</frame>
				<frame num='28'>
					<mat>0.115982,-0.17896,-0.976996,21.9753,-0.669756,0.712275,-0.209979,40.9027,0.733468,0.678703,-0.0372483,-0.456094,0,0,0,1</mat>
				</frame>
				<frame num='29'>
					<mat>0.076736,-0.189281,-0.97892,23.2059,-0.568241,0.798454,-0.19893,39.2377,0.819277,0.571527,-0.0462869,-8.45007,0,0,0,1</mat>
				</frame>
				<frame num='30'>
					<mat>0.076736,-0.189281,-0.97892,23.2059,-0.568241,0.798454,-0.19893,39.2377,0.819277,0.571527,-0.0462869,-8.45007,0,0,0,1</mat>
				</frame>
				<frame num='31'>
					<mat>0.076736,-0.189281,-0.97892,23.2059,-0.568241,0.798454,-0.19893,39.2377,0.819277,0.571527,-0.0462869,-8.45007,0,0,0,1</mat>
				</frame>
			</track>
			<track id = '4' name='JNT_L_Knee'>
				<frame num='0'>
					<mat>0.205336,0.0187471,0.978512,24.5253,-0.971244,0.127015,0.201377,27.4932,-0.12051,-0.991724,0.0442887,13.0294,0,0,0,1</mat>
				</frame>
				<frame num='1'>
					<mat>0.230928,-0.117962,0.965793,23.9426,-0.866363,0.426833,0.259287,25.1048,-0.442818,-0.896604,-0.00363018,20.3691,0,0,0,1</mat>
				</frame>
				<frame num='2'>
					<mat>0.233926,-0.245168,0.940836,23.8743,-0.777875,0.533322,0.332384,23.0897,-0.583258,-0.809605,-0.0659521,23.5671,0,0,0,1</mat>
				</frame>
				<frame num='3'>
					<mat>0.234202,-0.180738,0.95524,23.868,-0.819582,0.491787,0.293992,24.0395,-0.52291,-0.851751,-0.0329523,22.1929,0,0,0,1</mat>
				</frame>
				<frame num='4'>
					<mat>0.212796,-0.0299364,0.976638,24.3555,-0.930586,0.298503,0.211912,26.5672,-0.297873,-0.953939,0.0356619,17.0684,0,0,0,1</mat>
				</frame>
				<frame num='5'>
					<mat>0.207657,0.00566527,0.978185,24.4725,-0.962528,0.179474,0.203294,27.2946,-0.174407,-0.983746,0.042722,14.2568,0,0,0,1</mat>
				</frame>
				<frame num='6'>
					<mat>0.213589,0.010068,0.976872,24.3374,-0.969393,0.126105,0.210654,27.451,-0.121068,-0.991966,0.0366946,13.0422,0,0,0,1</mat>
				</frame>
				<frame num='7'>
					<mat>0.213589,0.010068,0.976872,24.3374,-0.969393,0.126105,0.210654,27.451,-0.121068,-0.991966,0.0366946,13.0422,0,0,0,1</mat>
				</frame>
				<frame num='8'>
					<mat>0.213589,0.010068,0.976872,24.3374,-0.969393,0.126105,0.210654,27.451,-0.121068,-0.991966,0.0366946,13.0422,0,0,0,1</mat>
				</frame>
				<frame num='9'>
					<mat>0.213589,0.010068,0.976872,24.3374,-0.969393,0.126105,0.210654,27.451,-0.121068,-0.991966,0.0366946,13.0422,0,0,0,1</mat>
				</frame>
				<frame num='10'>
					<mat>0.213589,0.010068,0.976872,24.3374,-0.969393,0.126105,0.210654,27.451,-0.121068,-0.991966,0.0366946,13.0422,0,0,0,1</mat>
				</frame>
				<frame num='11'>
					<mat>0.213589,0.010068,0.976872,24.3374,-0.969393,0.126105,0.210654,27.451,-0.121068,-0.991966,0.0366946,13.0422,0,0,0,1</mat>
				</frame>
				<frame num='12'>
					<mat>0.213589,0.010068,0.976872,24.3374,-0.969393,0.126105,0.210654,27.451,-0.121068,-0.991966,0.0366946,13.0422,0,0,0,1</mat>
				</frame>
				<frame num='13'>
					<mat>0.213589,0.010068,0.976872,24.3374,-0.969393,0.126105,0.210654,27.451,-0.121068,-0.991966,0.0366946,13.0422,0,0,0,1</mat>
				</frame>
				<frame num='14'>
					<mat>0.213589,0.010068,0.976872,24.3374,-0.969393,0.126105,0.210654,27.451,-0.121068,-0.991966,0.0366946,13.0422,0,0,0,1</mat>
				</frame>
				<frame num='15'>
					<mat>0.213589,0.010068,0.976872,24.3374,-0.969393,0.126105,0.210654,27.451,-0.121068,-0.991966,0.0366946,13.0422,0,0,0,1</mat>
				</frame>
				<frame num='16'>
					<mat>0.213589,0.010068,0.976872,24.3374,-0.969393,0.126105,0.210654,27.451,-0.121068,-0.991966,0.0366946,13.0422,0,0,0,1</mat>
				</frame>
				<frame num='17'>
					<mat>-0.075933,0.315617,0.945844,30.9304,-0.979126,0.155758,-0.13058,27.6726,-0.188536,-0.936016,0.297202,14.5786,0,0,0,1</mat>
				</frame>
				<frame num='18'>
					<mat>0.125852,0.605152,0.7861,26.3354,-0.64652,0.651047,-0.397681,20.0985,-0.752445,-0.45818,0.473178,27.4199,0,0,0,1</mat>
				</frame>
				<frame num='19'>
					<mat>0.164658,0.409854,0.897167,25.4517,-0.600139,0.763471,-0.238633,19.0424,-0.782765,-0.499131,0.37168,28.1104,0,0,0,1</mat>
				</frame>
				<frame num='20'>
					<mat>0.288015,-0.893248,0.345189,20.541,-0.627723,0.0961191,0.77248,24.2509,-0.723195,-0.439169,-0.533029,32.0309,0,0,0,1</mat>
				</frame>
				<frame num='21'>
					<mat>0.295699,-0.949046,0.108966,20.7036,-0.600608,-0.0959981,0.79376,22.636,-0.742854,-0.30016,-0.598391,31.633,0,0,0,1</mat>
				</frame>
				<frame num='22'>
					<mat>0.3105,-0.904382,-0.292718,21.0228,-0.547173,-0.421852,0.72294,19.7884,-0.777298,-0.0643057,-0.625838,30.7591,0,0,0,1</mat>
				</frame>
				<frame num='23'>
					<mat>0.319205,-0.843696,-0.431608,21.2516,-0.51913,-0.536693,0.66518,18.3048,-0.792851,0.0117315,-0.609303,30.0309,0,0,0,1</mat>
				</frame>
				<frame num='24'>
					<mat>0.307685,-0.950021,-0.0528169,21.1239,-0.57981,-0.231218,0.781254,20.5972,-0.75442,-0.209756,-0.621974,30.0903,0,0,0,1</mat>
				</frame>
				<frame num='25'>
					<mat>0.289017,-0.778902,0.556579,20.928,-0.658408,0.260327,0.706208,24.2233,-0.694959,-0.570562,-0.437597,30.1788,0,0,0,1</mat>
				</frame>
				<frame num='26'>
					<mat>0.280402,-0.344776,0.895826,22.1666,-0.786226,0.452892,0.420401,25.1007,-0.550657,-0.822203,-0.14408,24.1001,0,0,0,1</mat>
				</frame>
				<frame num='27'>
					<mat>0.213985,-0.14427,0.966125,24.3284,-0.806666,0.531689,0.258063,23.7453,-0.550909,-0.834561,-0.0026045,22.8305,0,0,0,1</mat>
				</frame>
				<frame num='28'>
					<mat>0.213229,-0.00345474,0.976996,24.3456,-0.959022,0.190225,0.209979,27.2148,-0.186575,-0.981734,0.0372483,14.5339,0,0,0,1</mat>
				</frame>
				<frame num='29'>
					<mat>0.194407,0.0626212,0.97892,24.7742,-0.977014,-0.076617,0.19893,27.6245,0.0874592,-0.995092,0.0462869,8.29363,0,0,0,1</mat>
				</frame>
				<frame num='30'>
					<mat>0.194407,0.0626212,0.97892,24.7742,-0.977014,-0.076617,0.19893,27.6245,0.0874592,-0.995092,0.0462869,8.29363,0,0,0,1</mat>
				</frame>
				<frame num='31'>
					<mat>0.194407,0.0626212,0.97892,24.7742,-0.977014,-0.076617,0.19893,27.6245,0.0874592,-0.995092,0.0462869,8.29363,0,0,0,1</mat>
				</frame>
			</track>
			<track id = '5' name='JNT_L_Ankle'>
				<frame num='0'>
					<mat>-1.78914e-005,0.00013759,-1,29.2012,-0.137159,0.990549,0.000138743,5.37613,0.990549,0.137159,1.14933e-006,10.2852,0,0,0,1</mat>
				</frame>
				<frame num='1'>
					<mat>-1.85029e-005,0.000137592,-1,29.2012,-0.137155,0.99055,0.000138829,5.37605,0.99055,0.137155,5.43322e-007,10.2852,0,0,0,1</mat>
				</frame>
				<frame num='2'>
					<mat>-1.90673e-005,0.000137545,-1,29.2012,-0.137153,0.99055,0.00013886,5.37601,0.99055,0.137153,-2.24031e-008,10.2852,0,0,0,1</mat>
				</frame>
				<frame num='3'>
					<mat>-1.90112e-005,0.000137566,-1,29.2012,-0.137153,0.99055,0.000138873,5.37601,0.99055,0.137153,3.60172e-008,10.2852,0,0,0,1</mat>
				</frame>
				<frame num='4'>
					<mat>-1.90143e-005,0.000137594,-1,29.2012,-0.137153,0.99055,0.000138902,5.37601,0.99055,0.137153,3.68899e-008,10.2852,0,0,0,1</mat>
				</frame>
				<frame num='5'>
					<mat>-1.89393e-005,0.00013759,-1,29.2012,-0.137154,0.99055,0.000138887,5.37602,0.99055,0.137154,1.1057e-007,10.2852,0,0,0,1</mat>
				</frame>
				<frame num='6'>
					<mat>-1.88032e-005,0.000137592,-1,29.2012,-0.137154,0.99055,0.000138871,5.37604,0.99055,0.137154,2.45831e-007,10.2852,0,0,0,1</mat>
				</frame>
				<frame num='7'>
					<mat>-1.88032e-005,0.000137592,-1,29.2012,-0.137154,0.99055,0.000138871,5.37604,0.99055,0.137154,2.45831e-007,10.2852,0,0,0,1</mat>
				</frame>
				<frame num='8'>
					<mat>-1.88032e-005,0.000137592,-1,29.2012,-0.137154,0.99055,0.000138871,5.37604,0.99055,0.137154,2.45831e-007,10.2852,0,0,0,1</mat>
				</frame>
				<frame num='9'>
					<mat>-1.88032e-005,0.000137592,-1,29.2012,-0.137154,0.99055,0.000138871,5.37604,0.99055,0.137154,2.45831e-007,10.2852,0,0,0,1</mat>
				</frame>
				<frame num='10'>
					<mat>-1.88032e-005,0.000137592,-1,29.2012,-0.137154,0.99055,0.000138871,5.37604,0.99055,0.137154,2.45831e-007,10.2852,0,0,0,1</mat>
				</frame>
				<frame num='11'>
					<mat>-1.88032e-005,0.000137592,-1,29.2012,-0.137154,0.99055,0.000138871,5.37604,0.99055,0.137154,2.45831e-007,10.2852,0,0,0,1</mat>
				</frame>
				<frame num='12'>
					<mat>-1.88032e-005,0.000137592,-1,29.2012,-0.137154,0.99055,0.000138871,5.37604,0.99055,0.137154,2.45831e-007,10.2852,0,0,0,1</mat>
				</frame>
				<frame num='13'>
					<mat>-1.88032e-005,0.000137592,-1,29.2012,-0.137154,0.99055,0.000138871,5.37604,0.99055,0.137154,2.45831e-007,10.2852,0,0,0,1</mat>
				</frame>
				<frame num='14'>
					<mat>-1.88032e-005,0.000137592,-1,29.2012,-0.137154,0.99055,0.000138871,5.37604,0.99055,0.137154,2.45831e-007,10.2852,0,0,0,1</mat>
				</frame>
				<frame num='15'>
					<mat>-1.88032e-005,0.000137592,-1,29.2012,-0.137154,0.99055,0.000138871,5.37604,0.99055,0.137154,2.45831e-007,10.2852,0,0,0,1</mat>
				</frame>
				<frame num='16'>
					<mat>-1.88032e-005,0.000137592,-1,29.2012,-0.137154,0.99055,0.000138871,5.37604,0.99055,0.137154,2.45831e-007,10.2852,0,0,0,1</mat>
				</frame>
				<frame num='17'>
					<mat>-1.94308e-005,0.000137589,-1,29.2013,-0.137156,0.99055,0.000138954,5.37606,0.99055,0.137156,-3.7605e-007,10.2852,0,0,0,1</mat>
				</frame>
				<frame num='18'>
					<mat>-1.9113e-005,0.000137593,-1,29.2012,-0.137154,0.99055,0.000138914,5.37602,0.99055,0.137154,-6.09896e-008,10.2852,0,0,0,1</mat>
				</frame>
				<frame num='19'>
					<mat>-1.84942e-005,0.000137579,-1,29.2012,-0.137159,0.990549,0.000138815,5.37611,0.990549,0.137159,5.50777e-007,10.2853,0,0,0,1</mat>
				</frame>
				<frame num='20'>
					<mat>0.103579,0.013838,-0.994525,27.0996,-0.388588,0.920997,-0.027656,9.95644,0.915571,0.389325,0.100773,15.5623,0,0,0,1</mat>
				</frame>
				<frame num='21'>
					<mat>0.105399,0.013474,-0.994339,27.4372,-0.378145,0.925337,-0.0275442,8.959,0.919727,0.378907,0.102625,14.7168,0,0,0,1</mat>
				</frame>
				<frame num='22'>
					<mat>0.0873896,0.00819733,-0.99614,28.0934,-0.315185,0.948823,-0.0198427,7.32824,0.944998,0.315703,0.0855009,13.0585,0,0,0,1</mat>
				</frame>
				<frame num='23'>
					<mat>0.0511175,0.00269524,-0.998689,28.5205,-0.235148,0.971914,-0.00941297,6.48318,0.970614,0.235321,0.0503156,11.9762,0,0,0,1</mat>
				</frame>
				<frame num='24'>
					<mat>0.0810901,0.00745126,-0.996679,28.1305,-0.311481,0.950077,-0.0182393,7.39382,0.946786,0.311926,0.0793628,12.9107,0,0,0,1</mat>
				</frame>
				<frame num='25'>
					<mat>0.0945778,0.0119109,-0.995446,27.5094,-0.374707,0.926819,-0.0245114,9.23009,0.922307,0.375319,0.0921196,14.3533,0,0,0,1</mat>
				</frame>
				<frame num='26'>
					<mat>0.0393934,0.00251111,-0.999221,28.5518,-0.255002,0.96691,-0.00762333,7.19687,0.966138,0.255104,0.0387302,11.5605,0,0,0,1</mat>
				</frame>
				<frame num='27'>
					<mat>-1.90187e-005,0.000137588,-1,29.2012,-0.137153,0.99055,0.000138897,5.37601,0.99055,0.137153,3.17153e-008,10.2852,0,0,0,1</mat>
				</frame>
				<frame num='28'>
					<mat>-1.90612e-005,0.000137582,-1,29.2012,-0.137153,0.99055,0.000138896,5.37601,0.99055,0.137153,-1.12122e-008,10.2852,0,0,0,1</mat>
				</frame>
				<frame num='29'>
					<mat>-1.90241e-005,0.000137583,-1,29.2012,-0.137153,0.99055,0.000138892,5.37601,0.99055,0.137153,2.55767e-008,10.2852,0,0,0,1</mat>
				</frame>
				<frame num='30'>
					<mat>-1.90241e-005,0.000137583,-1,29.2012,-0.137153,0.99055,0.000138892,5.37601,0.99055,0.137153,2.55767e-008,10.2852,0,0,0,1</mat>
				</frame>
				<frame num='31'>
					<mat>-1.90241e-005,0.000137583,-1,29.2012,-0.137153,0.99055,0.000138892,5.37601,0.99055,0.137153,2.55767e-008,10.2852,0,0,0,1</mat>
